   10201  O 09122026 0300 03
   01454  I 09122026 0449 01
   09823  I 09122026 0523 06
   01468  I 09122026 0529 05
   03182  I 09122026 0545 06
   12540  I 09122026 0546 05
   12628  I 09122026 0547 05
   10333  I 09122026 0549 05
   03062  I 09122026 0551 06
   03151  I 09122026 0554 01
   10202  I 09122026 0555 06
   12725  I 09122026 0556 06
   01335  I 09122026 0558 05
   01402  I 09122026 0559 05
   12847  I 09122026 0559 06
   12756  I 09122026 0600 06
   10127  I 09122026 0601 06
   01339  I 09122026 0602 06
   01319  I 09122026 0603 05
   10369  I 09122026 0605 10
   12785  I 09122026 0606 01
   01231  I 09122026 0607 05
   03172  I 09122026 0608 05
   12461  I 09122026 0608 06
   12632  I 09122026 0608 05
   12897  I 09122026 0608 01
   12844  I 09122026 0608 02
   03135  I 09122026 0609 01
   12539  I 09122026 0609 06
   10071  I 09122026 0611 06
   10021  I 09122026 0611 05
   11493  I 09122026 0612 05
   12136  I 09122026 0612 01
   12162  I 09122026 0613 02
   12692  I 09122026 0613 01
   12922  I 09122026 0613 01
   10083  I 09122026 0614 06
   10795  I 09122026 0614 06
   03120  I 09122026 0614 05
   12967  I 09122026 0615 05
   03047  I 09122026 0615 05
   10383  I 09122026 0615 06
   01295  I 09122026 0615 01
   12821  I 09122026 0616 05
   01306  I 09122026 0616 02
   11267  I 09122026 0616 01
   10736  I 09122026 0616 01
   10310  I 09122026 0617 06
   12396  I 09122026 0617 02
   01479  I 09122026 0617 06
   12888  I 09122026 0617 05
   01249  I 09122026 0618 05
   01495  I 09122026 0618 05
   12458  I 09122026 0618 02
   12110  I 09122026 0618 05
   11646  I 09122026 0618 06
   10849  I 09122026 0618 01
   12822  I 09122026 0618 02
   10612  I 09122026 0619 06
   12965  I 09122026 0619 02
   03167  I 09122026 0620 05
   12812  I 09122026 0620 06
   12531  I 09122026 0620 06
   01475  I 09122026 0621 01
   12802  I 09122026 0621 02
   12920  I 09122026 0621 01
   10221  I 09122026 0621 02
   12246  I 09122026 0621 05
   12637  I 09122026 0621 06
   12927  I 09122026 0622 02
   01320  I 09122026 0622 06
   12800  I 09122026 0622 01
   12792  I 09122026 0623 01
   12409  I 09122026 0623 06
   11647  I 09122026 0624 05
   11223  I 09122026 0624 06
   12814  I 09122026 0624 02
   12679  I 09122026 0624 06
   12786  I 09122026 0624 01
   10843  I 09122026 0624 05
   12558  I 09122026 0626 06
   12674  I 09122026 0627 06
   10291  I 09122026 0627 05
   01487  I 09122026 0627 02
   12094  I 09122026 0628 05
   01330  I 09122026 0628 06
   12780  I 09122026 0628 05
   10231  I 09122026 0628 01
   01266  I 09122026 0628 05
   10720  I 09122026 0628 06
   10050  I 09122026 0629 02
   12128  I 09122026 0629 06
   11498  I 09122026 0629 05
   01504  I 09122026 0630 02
   10116  I 09122026 0630 05
   11768  I 09122026 0630 06
   11266  I 09122026 0631 05
   10576  I 09122026 0632 02
   12826  I 09122026 0632 01
   11167  I 09122026 0633 01
   10047  I 09122026 0633 02
   11605  I 09122026 0633 05
   10054  I 09122026 0633 02
   12945  I 09122026 0634 06
   12701  I 09122026 0634 01
   12343  I 09122026 0635 06
   12440  I 09122026 0635 05
   11652  I 09122026 0635 01
   10357  I 09122026 0636 02
   12871  I 09122026 0636 06
   10606  I 09122026 0636 01
   12350  I 09122026 0637 01
   12873  I 09122026 0637 01
   12647  I 09122026 0637 01
   12665  I 09122026 0637 02
   10698  I 09122026 0638 05
   12183  I 09122026 0638 06
   12234  I 09122026 0638 01
   11787  I 09122026 0638 06
   10759  I 09122026 0638 06
   10787  I 09122026 0638 06
   01333  I 09122026 0639 05
   11863  I 09122026 0639 06
   11725  I 09122026 0639 01
   12354  I 09122026 0639 05
   10356  I 09122026 0639 05
   12056  I 09122026 0639 06
   12080  I 09122026 0639 06
   03176  I 09122026 0639 05
   12376  I 09122026 0640 06
   03058  I 09122026 0640 06
   01422  I 09122026 0640 01
   01417  I 09122026 0640 06
   12721  I 09122026 0640 02
   01232  I 09122026 0640 01
   10135  I 09122026 0640 06
   12727  I 09122026 0640 06
   03108  I 09122026 0640 09
   10617  I 09122026 0641 05
   12081  I 09122026 0641 05
   10017  I 09122026 0641 06
   10811  I 09122026 0641 05
   12191  I 09122026 0641 02
   12807  I 09122026 0641 06
   10490  I 09122026 0641 06
   12594  I 09122026 0641 06
   12066  I 09122026 0641 06
   10176  I 09122026 0641 05
   10830  I 09122026 0641 06
   11404  I 09122026 0641 06
   12267  I 09122026 0642 05
   12439  I 09122026 0642 01
   10449  I 09122026 0642 05
   10786  I 09122026 0642 06
   12754  I 09122026 0642 01
   12698  I 09122026 0642 01
   12615  I 09122026 0642 05
   11222  I 09122026 0643 02
   12055  I 09122026 0643 02
   12084  I 09122026 0643 01
   11166  I 09122026 0643 01
   12020  I 09122026 0644 06
   03059  I 09122026 0644 05
   11767  I 09122026 0644 05
   10522  I 09122026 0645 06
   10588  I 09122026 0645 06
   11784  I 09122026 0645 05
   01369  I 09122026 0645 01
   12669  I 09122026 0645 05
   12473  I 09122026 0645 06
   10589  I 09122026 0645 05
   10609  I 09122026 0645 06
   10581  I 09122026 0645 05
   10827  I 09122026 0645 01
   12894  I 09122026 0645 06
   10669  I 09122026 0645 01
   12693  I 09122026 0645 06
   12763  I 09122026 0646 06
   12783  I 09122026 0646 05
   12372  I 09122026 0646 02
   01276  I 09122026 0646 01
   12368  I 09122026 0647 06
   12130  I 09122026 0647 02
   01379  I 09122026 0647 01
   10144  I 09122026 0647 05
   01452  I 09122026 0647 02
   11726  I 09122026 0647 01
   12074  I 09122026 0647 02
   12791  I 09122026 0647 01
   01357  I 09122026 0647 06
   12383  I 09122026 0647 02
   01415  I 09122026 0648 05
   10841  I 09122026 0648 05
   10385  I 09122026 0648 06
   12188  I 09122026 0648 05
   10407  I 09122026 0648 10
   12221  I 09122026 0648 09
   01433  I 09122026 0648 06
   12538  I 09122026 0648 02
   12500  I 09122026 0648 06
   12123  I 09122026 0648 05
   10094  I 09122026 0648 01
   01374  I 09122026 0648 02
   12254  I 09122026 0648 06
   12825  I 09122026 0648 01
   12622  I 09122026 0648 01
   12687  I 09122026 0649 05
   12568  I 09122026 0649 05
   12584  I 09122026 0649 06
   12416  I 09122026 0649 06
   12805  I 09122026 0649 05
   12661  I 09122026 0650 05
   12373  I 09122026 0650 01
   11777  I 09122026 0650 05
   12339  I 09122026 0650 06
   03126  I 09122026 0650 06
   12710  I 09122026 0650 05
   03012  I 09122026 0650 06
   12578  I 09122026 0650 02
   11688  I 09122026 0651 05
   11248  I 09122026 0651 06
   12275  I 09122026 0651 06
   12057  I 09122026 0651 01
   10765  I 09122026 0651 06
   09676  I 09122026 0651 02
   10611  I 09122026 0651 09
   12853  I 09122026 0651 06
   10785  I 09122026 0652 06
   12730  I 09122026 0652 05
   12815  I 09122026 0652 06
   12943  I 09122026 0652 01
   12946  I 09122026 0652 06
   01345  I 09122026 0652 06
   12569  I 09122026 0652 05
   12451  I 09122026 0653 02
   03088  I 09122026 0653 01
   01471  I 09122026 0653 05
   12652  I 09122026 0653 02
   12305  I 09122026 0653 05
   10788  I 09122026 0653 05
   12716  I 09122026 0653 06
   12904  I 09122026 0653 02
   12841  I 09122026 0654 01
   11774  I 09122026 0654 02
   10245  I 09122026 0654 01
   11408  I 09122026 0655 02
   12846  I 09122026 0655 01
   03101  I 09122026 0655 02
   12299  I 09122026 0655 05
   12735  I 09122026 0656 05
   12164  I 09122026 0656 02
   12582  I 09122026 0656 06
   12357  I 09122026 0656 01
   10148  I 09122026 0656 02
   11690  I 09122026 0656 01
   12135  I 09122026 0656 01
   11946  I 09122026 0657 06
   11519  I 09122026 0657 01
   11496  I 09122026 0657 05
   10505  I 09122026 0657 01
   10350  I 09122026 0657 02
   12293  I 09122026 0657 05
   10334  I 09122026 0657 01
   12487  I 09122026 0657 05
   10712  I 09122026 0657 06
   12125  I 09122026 0658 02
   12862  I 09122026 0659 01
   12699  O 09122026 0659 03
   12630  I 09122026 0659 01
   12699  I 09122026 0659 02
   11692  I 09122026 0659 01
   11522  I 09122026 0659 02
   12828  I 09122026 0659 01
   12694  I 09122026 0659 02
   12222  I 09122026 0700 06
   11879  O 09122026 0700 08
   10133  O 09122026 0700 11
   10809  O 09122026 0700 03
   01296  O 09122026 0700 14
   10574  O 09122026 0700 12
   10825  O 09122026 0700 08
   10070  O 09122026 0700 11
   11693  O 09122026 0700 07
   12829  O 09122026 0700 03
   12610  O 09122026 0700 12
   10243  O 09122026 0700 04
   12501  O 09122026 0700 08
   12598  O 09122026 0700 12
   12067  O 09122026 0700 14
   12532  O 09122026 0700 11
   12668  O 09122026 0700 03
   12858  O 09122026 0700 07
   11607  O 09122026 0700 12
   10318  O 09122026 0700 04
   12627  O 09122026 0700 11
   12720  O 09122026 0700 07
   11221  O 09122026 0700 03
   03037  O 09122026 0700 08
   12799  I 09122026 0700 01
   12415  O 09122026 0700 12
   12049  O 09122026 0700 14
   11650  O 09122026 0700 04
   12673  O 09122026 0700 12
   12653  O 09122026 0700 11
   01470  O 09122026 0700 08
   12743  O 09122026 0700 07
   03104  O 09122026 0700 14
   12823  O 09122026 0700 03
   12370  O 09122026 0700 12
   12614  O 09122026 0700 04
   12369  O 09122026 0700 12
   12758  O 09122026 0700 03
   10700  O 09122026 0700 07
   11494  O 09122026 0700 11
   12205  O 09122026 0700 04
   12620  I 09122026 0700 06
   12307  O 09122026 0700 12
   12474  O 09122026 0700 11
   01344  O 09122026 0700 08
   12076  O 09122026 0700 03
   12475  O 09122026 0700 11
   03053  O 09122026 0700 07
   12241  O 09122026 0700 04
   12260  O 09122026 0700 12
   12718  O 09122026 0700 03
   03112  O 09122026 0700 08
   10224  O 09122026 0700 07
   12938  O 09122026 0700 11
   12759  O 09122026 0700 04
   12869  O 09122026 0700 12
   12820  O 09122026 0700 14
   12097  O 09122026 0700 11
   12337  O 09122026 0700 03
   10641  O 09122026 0700 07
   12397  O 09122026 0700 04
   03122  O 09122026 0700 12
   12298  O 09122026 0701 11
   12090  O 09122026 0701 08
   10309  O 09122026 0701 12
   12863  O 09122026 0701 04
   12872  O 09122026 0701 03
   12069  O 09122026 0701 11
   10642  O 09122026 0701 07
   12133  I 09122026 0701 01
   01483  O 09122026 0701 08
   03105  I 09122026 0701 02
   12957  O 09122026 0701 04
   10358  O 09122026 0701 12
   12898  O 09122026 0701 03
   10780  O 09122026 0701 12
   12184  O 09122026 0701 11
   12122  O 09122026 0701 07
   12236  O 09122026 0701 08
   12486  O 09122026 0701 11
   12726  O 09122026 0701 12
   12963  O 09122026 0701 04
   12929  O 09122026 0701 03
   12722  O 09122026 0701 07
   12639  O 09122026 0701 12
   12329  I 09122026 0701 02
   12353  O 09122026 0701 08
   12861  O 09122026 0701 11
   12217  O 09122026 0701 03
   12855  O 09122026 0701 04
   12950  O 09122026 0701 11
   12951  O 09122026 0701 03
   11765  O 09122026 0701 12
   10232  O 09122026 0701 04
   10055  I 09122026 0701 01
   10658  O 09122026 0701 11
   12926  O 09122026 0701 03
   10775  O 09122026 0701 07
   12485  O 09122026 0701 12
   03168  O 09122026 0701 08
   01436  O 09122026 0701 07
   12021  O 09122026 0701 11
   11719  I 09122026 0701 02
   12595  O 09122026 0701 12
   12244  O 09122026 0701 03
   12342  O 09122026 0701 11
   12433  O 09122026 0701 04
   10675  O 09122026 0701 03
   12676  O 09122026 0701 11
   12082  O 09122026 0701 12
   12413  O 09122026 0701 07
   10724  I 09122026 0701 01
   12695  O 09122026 0701 04
   12629  O 09122026 0701 08
   11937  O 09122026 0702 11
   12575  O 09122026 0702 08
   12667  O 09122026 0702 03
   12266  O 09122026 0702 04
   03032  O 09122026 0702 07
   11392  I 09122026 0702 02
   12657  I 09122026 0702 06
   12682  O 09122026 0702 12
   10523  O 09122026 0702 03
   12809  O 09122026 0702 12
   12666  I 09122026 0702 06
   12851  O 09122026 0702 11
   11390  O 09122026 0702 08
   12804  O 09122026 0702 04
   12085  O 09122026 0702 03
   12650  O 09122026 0702 12
   12724  O 09122026 0702 04
   11772  O 09122026 0702 07
   11355  I 09122026 0702 01
   12237  O 09122026 0702 08
   12818  O 09122026 0702 03
   11942  O 09122026 0702 07
   11538  O 09122026 0702 08
   11789  I 09122026 0702 02
   10673  O 09122026 0702 07
   12741  O 09122026 0702 03
   12874  O 09122026 0702 04
   12255  O 09122026 0702 08
   11250  O 09122026 0702 12
   12711  O 09122026 0702 07
   12306  O 09122026 0702 11
   01355  O 09122026 0702 03
   10466  I 09122026 0702 01
   11724  O 09122026 0702 04
   01327  O 09122026 0702 12
   10605  O 09122026 0702 08
   12612  O 09122026 0702 03
   12112  O 09122026 0702 11
   11286  O 09122026 0702 12
   12096  O 09122026 0702 04
   12816  O 09122026 0703 03
   12259  I 09122026 0703 01
   12677  O 09122026 0703 08
   10817  O 09122026 0703 04
   12471  O 09122026 0703 07
   11943  I 09122026 0703 02
   12351  O 09122026 0703 08
   03078  O 09122026 0703 07
   12690  O 09122026 0703 07
   10223  O 09122026 0703 08
   10573  O 09122026 0703 03
   10500  O 09122026 0703 07
   10604  O 09122026 0703 03
   12849  O 09122026 0703 07
   10146  O 09122026 0703 08
   10791  O 09122026 0703 07
   12790  O 09122026 0703 03
   10697  O 09122026 0703 07
   12755  O 09122026 0703 03
   12764  I 09122026 0703 06
   01446  O 09122026 0703 08
   12543  O 09122026 0704 04
   11780  O 09122026 0704 07
   12553  O 09122026 0704 12
   12642  O 09122026 0704 12
   12742  O 09122026 0704 03
   12623  O 09122026 0704 04
   01448  O 09122026 0704 03
   01325  O 09122026 0704 08
   12545  O 09122026 0704 03
   10726  O 09122026 0704 04
   12530  O 09122026 0704 03
   12186  O 09122026 0704 08
   03118  O 09122026 0704 07
   01459  O 09122026 0704 12
   12206  O 09122026 0704 03
   12460  O 09122026 0704 04
   10140  O 09122026 0705 08
   01367  O 09122026 0705 07
   12810  O 09122026 0705 12
   11388  I 09122026 0705 02
   10378  I 09122026 0705 01
   10808  O 09122026 0705 07
   03102  I 09122026 0705 02
   12476  O 09122026 0705 04
   12919  O 09122026 0705 03
   12717  I 09122026 0705 05
   12738  O 09122026 0705 04
   12827  O 09122026 0705 03
   10264  O 09122026 0705 12
   03098  O 09122026 0705 07
   03141  O 09122026 0705 12
   03035  O 09122026 0706 12
   12706  O 09122026 0706 11
   12640  I 09122026 0706 02
   10073  O 09122026 0706 12
   12877  I 09122026 0706 01
   10373  O 09122026 0707 12
   12544  O 09122026 0707 11
   12248  O 09122026 0707 03
   03001  O 09122026 0707 12
   12489  I 09122026 0707 02
   12889  O 09122026 0707 04
   12148  O 09122026 0707 03
   03153  O 09122026 0708 11
   12412  O 09122026 0708 12
   12359  O 09122026 0709 12
   12355  O 09122026 0709 03
   10585  O 09122026 0710 04
   12555  O 09122026 0710 07
   12208  O 09122026 0710 12
   12463  O 09122026 0711 12
   12189  O 09122026 0711 11
   12199  O 09122026 0711 03
   12803  O 09122026 0711 07
   10026  O 09122026 0711 08
   12371  O 09122026 0712 07
   01373  O 09122026 0712 08
   11387  O 09122026 0712 07
   01428  O 09122026 0712 08
   03017  O 09122026 0713 11
   10405  O 09122026 0714 11
   12546  O 09122026 0715 12
   12349  O 09122026 0715 03
   12113  O 09122026 0716 11
   03152  O 09122026 0720 04
   12334  O 09122026 0722 12
   12488  O 09122026 0735 14
   12291  O 09122026 0737 03
   01413  O 09122026 0739 12
   10663  O 09122026 0755 08
   01512  O 09122026 0801 12
   03103  O 09122026 0801 04
   12740  I 09122026 0825 02
   10608  O 09122026 0832 12
   12293  O 09122026 0833 07
   12187  I 09122026 1000 06
   12833  I 09122026 1029 06
   03061  I 09122026 1031 06
   10199  I 09122026 1036 05
   12700  I 09122026 1039 05
   12341  I 09122026 1050 01
   12141  I 09122026 1057 02
   12093  I 09122026 1101 06
   10736  O 09122026 1105 04
   11519  O 09122026 1118 07
   12624  I 09122026 1153 01
   12249  I 09122026 1322 05
   01312  I 09122026 1322 05
   12678  I 09122026 1323 06
   12497  I 09122026 1330 01
   11765  I 09122026 1333 06
   10201  I 09122026 1339 01
   03122  I 09122026 1340 06
   03029  I 09122026 1342 06
   12903  I 09122026 1343 01
   12192  I 09122026 1346 05
   12645  I 09122026 1349 05
   12392  I 09122026 1356 05
   03148  I 09122026 1357 02
   12856  I 09122026 1358 06
   12887  I 09122026 1401 05
   12723  I 09122026 1402 01
   10706  I 09122026 1402 05
   10177  I 09122026 1404 05
   03123  I 09122026 1405 06
   12760  I 09122026 1406 01
   03119  I 09122026 1408 06
   10117  I 09122026 1408 05
   03170  I 09122026 1409 05
   10807  I 09122026 1409 01
   12761  I 09122026 1410 02
   12924  I 09122026 1410 01
   12947  I 09122026 1413 02
   12928  I 09122026 1413 01
   10285  I 09122026 1413 06
   12664  I 09122026 1413 06
   12948  I 09122026 1415 01
   12072  I 09122026 1415 02
   12962  I 09122026 1415 02
   10306  I 09122026 1415 01
   10100  I 09122026 1416 06
   01492  I 09122026 1418 06
   12831  I 09122026 1418 02
   12712  I 09122026 1418 05
   12595  I 09122026 1421 05
   12832  I 09122026 1421 02
   12583  I 09122026 1421 06
   12668  I 09122026 1421 01
   12467  I 09122026 1422 02
   11169  I 09122026 1422 05
   12644  I 09122026 1422 06
   03173  I 09122026 1422 06
   11694  I 09122026 1423 06
   10425  I 09122026 1423 02
   12793  I 09122026 1424 05
   12625  I 09122026 1424 06
   12676  I 09122026 1425 05
   12824  I 09122026 1425 02
   10240  I 09122026 1426 05
   12140  I 09122026 1426 06
   03077  I 09122026 1427 06
   03124  I 09122026 1427 06
   12496  I 09122026 1427 06
   12650  I 09122026 1427 05
   10184  I 09122026 1428 06
   11940  I 09122026 1428 06
   12949  I 09122026 1428 01
   01449  I 09122026 1428 05
   12577  I 09122026 1429 06
   12762  I 09122026 1429 01
   03027  I 09122026 1430 05
   12375  I 09122026 1430 01
   10775  I 09122026 1433 06
   12247  I 09122026 1433 05
   10697  I 09122026 1433 05
   01432  I 09122026 1433 05
   12690  I 09122026 1434 05
   12475  I 09122026 1434 06
   12813  I 09122026 1434 06
   12576  I 09122026 1435 06
   12116  I 09122026 1435 06
   12662  I 09122026 1436 02
   12809  I 09122026 1437 05
   12631  I 09122026 1437 06
   11724  I 09122026 1437 01
   01302  I 09122026 1437 06
   12356  I 09122026 1437 02
   12729  I 09122026 1438 05
   12663  I 09122026 1438 06
   03159  I 09122026 1439 05
   12142  I 09122026 1439 06
   03078  I 09122026 1439 01
   12944  I 09122026 1439 06
   11402  I 09122026 1439 05
   11495  I 09122026 1439 02
   10261  I 09122026 1439 06
   12069  I 09122026 1440 06
   11776  I 09122026 1440 06
   11534  I 09122026 1440 01
   10223  I 09122026 1440 05
   10598  I 09122026 1440 06
   11945  I 09122026 1441 06
   01365  I 09122026 1441 05
   11937  I 09122026 1441 06
   10607  I 09122026 1442 01
   03168  I 09122026 1442 06
   12059  I 09122026 1442 01
   12499  I 09122026 1443 01
   12555  I 09122026 1443 05
   10287  I 09122026 1443 06
   12138  I 09122026 1443 02
   12561  I 09122026 1444 01
   11848  I 09122026 1444 06
   11411  I 09122026 1444 02
   01499  I 09122026 1444 05
   10794  I 09122026 1444 06
   01510  I 09122026 1444 02
   10700  I 09122026 1444 06
   12067  I 09122026 1444 06
   11687  I 09122026 1445 01
   10219  I 09122026 1445 05
   11168  I 09122026 1445 06
   12951  I 09122026 1446 01
   12961  I 09122026 1446 06
   03085  I 09122026 1446 06
   12731  I 09122026 1446 05
   12371  I 09122026 1446 06
   10456  I 09122026 1447 05
   12901  I 09122026 1447 06
   12798  I 09122026 1448 02
   12049  I 09122026 1448 05
   12706  I 09122026 1448 06
   12753  I 09122026 1448 05
   12556  I 09122026 1448 01
   10469  I 09122026 1448 02
   12412  I 09122026 1449 06
   12878  I 09122026 1450 02
   12415  I 09122026 1450 06
   11926  I 09122026 1450 05
   12609  I 09122026 1451 05
   01456  I 09122026 1451 06
   12557  I 09122026 1451 01
   12151  I 09122026 1452 05
   12417  I 09122026 1452 06
   11779  I 09122026 1452 02
   12076  I 09122026 1452 01
   12098  I 09122026 1453 02
   12230  I 09122026 1453 05
   12189  I 09122026 1454 01
   10678  I 09122026 1454 02
   03080  I 09122026 1454 06
   12298  I 09122026 1455 06
   12184  I 09122026 1455 06
   12097  I 09122026 1456 01
   03136  I 09122026 1457 01
   12112  I 09122026 1457 02
   01405  I 09122026 1457 01
   10696  I 09122026 1457 01
   03161  I 09122026 1457 01
   12843  I 09122026 1457 01
   12611  I 09122026 1458 02
   11537  I 09122026 1458 06
   12543  I 09122026 1458 01
   10145  I 09122026 1459 01
   10169  I 09122026 1459 02
   12558  O 09122026 1500 04
   12357  O 09122026 1500 03
   10811  O 09122026 1500 08
   01402  O 09122026 1500 07
   12846  O 09122026 1500 12
   12299  O 09122026 1500 11
   12130  O 09122026 1500 03
   12692  O 09122026 1500 04
   01335  O 09122026 1500 07
   12894  O 09122026 1500 11
   12669  O 09122026 1500 08
   12594  O 09122026 1500 12
   12531  O 09122026 1500 03
   01319  O 09122026 1500 04
   10522  O 09122026 1500 08
   12254  O 09122026 1500 11
   10720  O 09122026 1500 07
   11404  O 09122026 1500 12
   12188  O 09122026 1500 03
   01330  O 09122026 1500 04
   01357  O 09122026 1500 08
   12620  O 09122026 1500 11
   10795  O 09122026 1500 07
   12568  O 09122026 1500 12
   11646  O 09122026 1500 03
   12538  O 09122026 1500 04
   12716  O 09122026 1500 08
   03059  O 09122026 1500 07
   12578  O 09122026 1500 12
   11498  O 09122026 1500 11
   11222  O 09122026 1500 03
   03012  O 09122026 1500 07
   12841  O 09122026 1500 04
   12489  O 09122026 1500 08
   12409  O 09122026 1500 11
   12055  O 09122026 1500 03
   12191  O 09122026 1500 07
   10724  O 09122026 1500 04
   12094  O 09122026 1500 11
   10787  O 09122026 1500 07
   12133  O 09122026 1500 04
   12844  O 09122026 1500 08
   03167  O 09122026 1500 14
   12897  O 09122026 1500 03
   12722  I 09122026 1500 06
   12647  O 09122026 1500 07
   12162  O 09122026 1500 04
   01471  O 09122026 1500 08
   12825  O 09122026 1500 03
   10291  O 09122026 1500 07
   12967  O 09122026 1501 11
   12812  O 09122026 1501 12
   12786  O 09122026 1501 03
   03047  O 09122026 1501 07
   12451  O 09122026 1501 03
   10176  O 09122026 1501 11
   12057  O 09122026 1501 04
   12135  O 09122026 1501 04
   10385  O 09122026 1501 08
   12740  O 09122026 1501 03
   12847  O 09122026 1501 04
   03126  O 09122026 1501 03
   01345  O 09122026 1501 07
   12153  I 09122026 1501 02
   10788  O 09122026 1501 08
   12679  O 09122026 1501 11
   01232  O 09122026 1501 12
   03030  I 09122026 1501 01
   11392  O 09122026 1501 07
   12164  O 09122026 1501 03
   12020  O 09122026 1501 08
   12807  O 09122026 1501 11
   12815  O 09122026 1501 07
   12730  O 09122026 1501 11
   11777  O 09122026 1501 08
   12888  O 09122026 1501 07
   01504  O 09122026 1501 04
   12473  O 09122026 1501 14
   12727  O 09122026 1501 11
   10705  I 09122026 1501 06
   12615  O 09122026 1502 08
   12814  O 09122026 1502 04
   10333  O 09122026 1502 07
   12416  O 09122026 1502 07
   10612  O 09122026 1502 14
   12791  O 09122026 1502 03
   10083  O 09122026 1502 08
   12874  I 09122026 1502 01
   12764  O 09122026 1502 11
   12783  O 09122026 1502 12
   01433  O 09122026 1502 07
   12234  O 09122026 1502 03
   12735  O 09122026 1502 07
   10827  O 09122026 1502 04
   12267  O 09122026 1502 08
   10576  O 09122026 1502 03
   12350  O 09122026 1502 04
   11692  O 09122026 1502 07
   10505  O 09122026 1502 08
   12540  O 09122026 1502 03
   12661  O 09122026 1502 07
   01231  O 09122026 1502 08
   01369  O 09122026 1502 04
   10148  O 09122026 1502 07
   03102  O 09122026 1502 08
   11388  O 09122026 1502 08
   11167  O 09122026 1502 03
   03182  O 09122026 1503 07
   01341  I 09122026 1503 01
   03108  O 09122026 1503 11
   12056  O 09122026 1503 08
   01339  O 09122026 1503 07
   10116  O 09122026 1503 08
   12302  I 09122026 1503 01
   01333  O 09122026 1503 12
   10144  O 09122026 1503 07
   12259  O 09122026 1503 07
   12487  O 09122026 1503 08
   12922  O 09122026 1503 04
   10785  O 09122026 1503 12
   01495  O 09122026 1503 11
   11688  O 09122026 1503 08
   10202  O 09122026 1503 07
   12822  O 09122026 1503 03
   12736  I 09122026 1503 02
   12873  O 09122026 1503 04
   11863  O 09122026 1503 12
   12802  O 09122026 1503 03
   12927  O 09122026 1503 04
   12920  O 09122026 1503 03
   12800  O 09122026 1504 04
   11774  O 09122026 1504 04
   12785  O 09122026 1504 03
   12667  I 09122026 1504 01
   12246  O 09122026 1504 04
   12440  O 09122026 1504 07
   10606  O 09122026 1504 04
   12862  O 09122026 1504 03
   12354  O 09122026 1504 08
   10356  O 09122026 1504 07
   12687  O 09122026 1504 08
   12871  O 09122026 1504 03
   12630  O 09122026 1504 07
   12582  O 09122026 1504 07
   12343  O 09122026 1504 08
   03151  O 09122026 1504 03
   11768  O 09122026 1504 08
   11647  O 09122026 1504 07
   10589  O 09122026 1505 07
   12329  O 09122026 1505 04
   10617  O 09122026 1505 08
   09676  O 09122026 1505 04
   10640  I 09122026 1505 01
   01379  O 09122026 1505 07
   10841  O 09122026 1505 08
   10765  O 09122026 1505 07
   10581  O 09122026 1505 07
   03172  O 09122026 1505 08
   01306  O 09122026 1505 12
   10843  O 09122026 1505 07
   03062  O 09122026 1505 12
   09823  O 09122026 1505 11
   10350  O 09122026 1505 12
   12458  O 09122026 1505 03
   12221  O 09122026 1505 11
   12805  O 09122026 1506 07
   12147  I 09122026 1506 02
   11943  O 09122026 1506 07
   11355  O 09122026 1506 04
   11652  O 09122026 1506 04
   12853  O 09122026 1506 12
   11787  O 09122026 1506 07
   12754  O 09122026 1506 12
   01454  O 09122026 1507 08
   10071  O 09122026 1508 12
   12539  O 09122026 1508 12
   10021  O 09122026 1508 12
   12584  O 09122026 1508 12
   12665  O 09122026 1509 03
   12666  O 09122026 1509 04
   12674  O 09122026 1509 12
   01422  O 09122026 1509 07
   01249  O 09122026 1510 12
   11726  O 09122026 1510 03
   11789  O 09122026 1510 08
   10759  O 09122026 1510 07
   12396  O 09122026 1511 03
   12965  O 09122026 1512 03
   03176  O 09122026 1512 08
   10369  O 09122026 1512 12
   11946  O 09122026 1513 12
   03105  O 09122026 1513 03
   10378  O 09122026 1515 04
   12110  O 09122026 1515 11
   10224  I 09122026 1516 05
   12943  O 09122026 1516 03
   11223  O 09122026 1516 08
   01417  O 09122026 1516 12
   01479  O 09122026 1516 04
   10407  O 09122026 1520 12
   12721  O 09122026 1522 08
   10135  O 09122026 1523 12
   01374  O 09122026 1524 04
   01266  O 09122026 1525 08
   03135  O 09122026 1526 04
   12222  O 09122026 1531 07
   10786  O 09122026 1534 12
   10245  O 09122026 1557 03
   10199  O 09122026 1600 04
   12373  O 09122026 1600 03
   03101  O 09122026 1600 03
   01468  O 09122026 1601 12
   12640  O 09122026 1605 08
   10449  O 09122026 1606 08
   10334  O 09122026 1620 08
   12359  I 09122026 1628 06
   12799  O 09122026 1658 04
   12799  I 09122026 1658 01
   12799  O 09122026 1700 03
   10611  O 09122026 1700 08
   11266  O 09122026 1701 11
   10055  O 09122026 1702 14
   10054  O 09122026 1704 07
   01415  O 09122026 1705 14
   12368  O 09122026 1705 11
   11267  O 09122026 1706 04
   10050  O 09122026 1707 04
   11166  O 09122026 1708 04
   11693  I 09122026 1716 05
   10809  I 09122026 1725 05
   11522  O 09122026 1727 04
   12439  O 09122026 1800 04
   10585  I 09122026 1811 02
   12532  I 09122026 1818 05
   01483  I 09122026 1821 06
   12758  I 09122026 1821 01
   12938  I 09122026 1823 06
   12486  I 09122026 1825 06
   12208  I 09122026 1826 05
   12851  I 09122026 1828 05
   10405  I 09122026 1831 05
   10604  I 09122026 1832 01
   12501  I 09122026 1838 06
   03001  I 09122026 1838 05
   12291  I 09122026 1840 01
   12614  I 09122026 1840 01
   12869  I 09122026 1841 05
   12502  I 09122026 1842 06
   10232  I 09122026 1843 02
   12474  I 09122026 1843 05
   12804  I 09122026 1844 01
   12082  I 09122026 1845 06
   12334  I 09122026 1848 05
   10574  I 09122026 1848 05
   12369  I 09122026 1851 05
   12816  I 09122026 1852 01
   12755  I 09122026 1853 02
   12829  I 09122026 1854 02
   12742  I 09122026 1855 02
   12545  I 09122026 1856 01
   11650  I 09122026 1857 01
   12337  I 09122026 1858 01
   11221  I 09122026 1859 01
   12224  I 09122026 1859 01
   12693  O 09122026 1900 04
   11408  O 09122026 1900 03
   10383  O 09122026 1900 08
   12383  O 09122026 1900 03
   12622  O 09122026 1900 04
   01320  O 09122026 1900 08
   12828  O 09122026 1900 04
   01475  O 09122026 1900 03
   12461  O 09122026 1900 08
   10669  O 09122026 1900 04
   01487  O 09122026 1900 03
   11496  O 09122026 1900 14
   12946  O 09122026 1900 08
   10221  O 09122026 1900 03
   03088  O 09122026 1900 03
   11493  O 09122026 1900 14
   10608  I 09122026 1900 01
   11784  O 09122026 1900 14
   12066  O 09122026 1901 14
   12136  O 09122026 1901 03
   11767  O 09122026 1901 11
   10231  O 09122026 1901 04
   12637  O 09122026 1901 11
   01295  O 09122026 1901 03
   12780  O 09122026 1901 12
   10698  O 09122026 1901 04
   12093  O 09122026 1901 08
   12698  O 09122026 1901 03
   12657  O 09122026 1902 03
   12877  O 09122026 1902 03
   10588  O 09122026 1902 12
   12701  O 09122026 1902 03
   10094  O 09122026 1902 03
   10830  O 09122026 1902 08
   11690  O 09122026 1902 08
   11719  O 09122026 1902 04
   12756  O 09122026 1903 12
   12123  O 09122026 1903 11
   12376  O 09122026 1903 12
   12725  O 09122026 1903 03
   12717  O 09122026 1903 14
   12084  O 09122026 1903 04
   12763  O 09122026 1903 03
   12125  O 09122026 1903 11
   10466  O 09122026 1904 11
   12500  O 09122026 1904 03
   12074  O 09122026 1904 04
   12569  O 09122026 1905 12
   12372  O 09122026 1905 03
   01276  O 09122026 1913 03
   01452  O 09122026 1916 04
   12632  O 09122026 2100 08
   10642  I 09122026 2103 05
   03061  O 09122026 2104 12
   12945  O 09122026 2106 12
   12833  O 09122026 2106 12
   12141  O 09122026 2106 12
   12341  O 09122026 2107 11
   10357  O 09122026 2110 08
   12187  O 09122026 2112 12
   03098  I 09122026 2132 05
   10070  I 09122026 2133 05
   12530  I 09122026 2136 01
   10712  O 09122026 2138 08
   12718  I 09122026 2139 05
   12950  I 09122026 2143 06
   01428  I 09122026 2148 05
   01355  I 09122026 2150 05
   12823  I 09122026 2151 01
   10663  I 09122026 2151 05
   03141  I 09122026 2153 05
   12757  I 09122026 2156 06
   01413  I 09122026 2159 06
   03122  O 09122026 2200 03
   12929  I 09122026 2200 01
   12963  I 09122026 2200 01
   12898  I 09122026 2200 02
   12677  I 09122026 2202 05
   12342  I 09122026 2202 06
   11538  I 09122026 2204 05
   12148  I 09122026 2205 06
   03053  I 09122026 2206 05
   12810  I 09122026 2206 06
   12627  I 09122026 2207 05
   10605  I 09122026 2210 05
   01344  I 09122026 2211 05
   12673  I 09122026 2212 05
   12307  I 09122026 2212 06
   12266  I 09122026 2213 02
   10358  I 09122026 2213 05
   11607  I 09122026 2213 06
   12260  I 09122026 2214 05
   11250  I 09122026 2215 06
   11390  I 09122026 2216 06
   12205  I 09122026 2217 02
   10140  I 09122026 2220 05
   10309  I 09122026 2221 06
   12872  I 09122026 2222 01
   12889  I 09122026 2222 05
   03153  I 09122026 2222 06
   03152  I 09122026 2224 02
   01436  I 09122026 2225 05
   01325  I 09122026 2225 01
   10373  I 09122026 2226 01
   10146  I 09122026 2228 05
   10523  I 09122026 2228 01
   12682  I 09122026 2229 05
   12957  I 09122026 2229 01
   12306  I 09122026 2230 05
   10641  I 09122026 2231 05
   12849  I 09122026 2232 05
   12255  I 09122026 2232 05
   12397  I 09122026 2233 02
   12241  I 09122026 2233 01
   12433  I 09122026 2234 01
   03017  I 09122026 2234 01
   11879  I 09122026 2235 06
   10675  I 09122026 2235 01
   12355  I 09122026 2235 02
   11387  I 09122026 2236 05
   12858  I 09122026 2236 05
   12236  I 09122026 2236 06
   12724  I 09122026 2236 06
   12485  I 09122026 2236 05
   12926  I 09122026 2236 01
   12488  I 09122026 2236 05
   12612  I 09122026 2237 02
   12863  I 09122026 2237 01
   12085  I 09122026 2237 02
   03037  I 09122026 2237 06
   12743  I 09122026 2237 05
   01470  I 09122026 2238 05
   10825  I 09122026 2238 06
   01446  I 09122026 2238 06
   12919  I 09122026 2239 01
   12217  I 09122026 2239 02
   10243  I 09122026 2240 02
   11942  I 09122026 2240 06
   12370  I 09122026 2240 06
   12544  I 09122026 2241 06
   12642  I 09122026 2241 06
   10673  I 09122026 2241 05
   12353  I 09122026 2242 05
   03112  I 09122026 2242 06
   12639  I 09122026 2243 05
   12598  I 09122026 2243 06
   12653  I 09122026 2243 05
   11780  I 09122026 2243 06
   12460  I 09122026 2244 02
   12553  I 09122026 2244 05
   12349  I 09122026 2245 01
   12090  I 09122026 2245 06
   03118  I 09122026 2245 06
   12476  I 09122026 2245 02
   10318  I 09122026 2245 01
   12711  I 09122026 2246 06
   12575  I 09122026 2246 05
   12726  I 09122026 2246 06
   12855  I 09122026 2246 02
   03103  I 09122026 2246 02
   12610  I 09122026 2247 06
   10808  I 09122026 2248 06
   12131  I 09122026 2248 02
   12818  I 09122026 2248 02
   12827  I 09122026 2249 01
   12695  I 09122026 2250 01
   03104  I 09122026 2250 05
   01296  I 09122026 2250 05
   12186  I 09122026 2250 06
   10073  I 09122026 2250 05
   11494  I 09122026 2251 05
   10026  I 09122026 2251 06
   01448  I 09122026 2251 02
   10780  I 09122026 2251 05
   12463  I 09122026 2251 06
   10133  I 09122026 2251 06
   01373  I 09122026 2252 05
   01327  I 09122026 2253 01
   12471  I 09122026 2253 06
   12237  I 09122026 2253 05
   03032  I 09122026 2253 06
   12462  I 09122026 2254 05
   12546  I 09122026 2254 06
   12244  I 09122026 2254 02
   10658  I 09122026 2254 05
   11286  I 09122026 2254 02
   12629  I 09122026 2254 01
   12820  I 09122026 2254 05
   12738  I 09122026 2255 01
   12122  I 09122026 2256 06
   10500  I 09122026 2256 02
   12790  I 09122026 2256 01
   12021  I 09122026 2257 01
   10726  I 09122026 2257 02
   10573  I 09122026 2258 02
   10817  I 09122026 2259 01
   12096  I 09122026 2259 01
   10127  O 09122026 2300 12
   12700  O 09122026 2300 03
   01405  O 09122026 2300 04
   10706  O 09122026 2300 14
   10310  O 09122026 2300 11
   11694  O 09122026 2300 08
   12631  O 09122026 2300 12
   10306  O 09122026 2300 03
   12496  O 09122026 2300 14
   10469  O 09122026 2300 04
   11848  O 09122026 2300 11
   03077  O 09122026 2300 08
   10678  O 09122026 2300 03
   12192  O 09122026 2300 12
   12140  O 09122026 2300 11
   12556  O 09122026 2300 04
   03030  O 09122026 2300 14
   12753  O 09122026 2300 12
   12887  O 09122026 2300 03
   10145  O 09122026 2300 08
   11940  O 09122026 2300 04
   12375  O 09122026 2300 12
   12729  O 09122026 2300 11
   12694  O 09122026 2300 03
   10240  O 09122026 2300 04
   12644  O 09122026 2300 12
   12080  O 09122026 2300 11
   01492  O 09122026 2300 08
   03080  O 09122026 2300 03
   12497  O 09122026 2300 04
   12645  O 09122026 2300 12
   12248  I 09122026 2300 01
   12098  O 09122026 2300 08
   12059  O 09122026 2300 04
   12595  O 09122026 2300 12
   12821  O 09122026 2300 11
   12652  O 09122026 2300 12
   12392  O 09122026 2300 03
   12247  O 09122026 2300 11
   11724  O 09122026 2300 04
   12678  O 09122026 2300 11
   10201  O 09122026 2300 04
   12249  O 09122026 2300 12
   12944  O 09122026 2300 03
   11605  O 09122026 2300 11
   10177  O 09122026 2300 08
   03119  O 09122026 2300 11
   03123  O 09122026 2300 12
   12826  O 09122026 2301 04
   12903  O 09122026 2301 03
   12081  O 09122026 2301 08
   12731  O 09122026 2301 11
   01367  I 09122026 2301 01
   10609  O 09122026 2301 12
   12499  O 09122026 2301 04
   11248  O 09122026 2301 11
   10017  O 09122026 2301 08
   12843  O 09122026 2301 03
   11168  O 09122026 2301 12
   10607  O 09122026 2301 04
   12339  O 09122026 2301 11
   12961  O 09122026 2301 12
   12664  O 09122026 2301 08
   10807  O 09122026 2301 03
   12741  I 09122026 2301 01
   12609  O 09122026 2301 08
   12904  O 09122026 2301 04
   12813  O 09122026 2301 08
   12793  O 09122026 2301 03
   03085  O 09122026 2301 08
   10261  O 09122026 2301 12
   12824  O 09122026 2301 03
   12275  O 09122026 2301 08
   11945  O 09122026 2301 12
   12792  O 09122026 2301 03
   12962  O 09122026 2301 04
   01367  O 09122026 2301 03
   12760  O 09122026 2301 04
   11534  O 09122026 2301 08
   01367  I 09122026 2301 01
   12072  O 09122026 2301 04
   12831  O 09122026 2302 03
   12662  O 09122026 2302 04
   11537  O 09122026 2302 08
   01341  O 09122026 2302 12
   10696  O 09122026 2302 04
   12856  O 09122026 2302 03
   12067  O 09122026 2302 08
   12305  O 09122026 2302 04
   12951  O 09122026 2302 03
   12798  O 09122026 2302 04
   10100  O 09122026 2302 08
   12543  O 09122026 2302 04
   12712  O 09122026 2302 08
   03173  O 09122026 2302 03
   12625  O 09122026 2302 04
   03168  O 09122026 2302 08
   12628  O 09122026 2302 03
   12557  O 09122026 2302 04
   12650  O 09122026 2302 12
   12138  O 09122026 2302 03
   12624  O 09122026 2302 04
   12803  I 09122026 2302 01
   03148  O 09122026 2302 03
   10047  O 09122026 2302 04
   12949  O 09122026 2302 03
   03120  O 09122026 2302 11
   12113  I 09122026 2302 01
   12736  O 09122026 2302 12
   12667  O 09122026 2302 04
   11779  O 09122026 2303 03
   01302  O 09122026 2303 08
   11687  O 09122026 2303 04
   12948  O 09122026 2303 03
   10456  O 09122026 2303 03
   10184  O 09122026 2303 04
   10640  O 09122026 2303 03
   12861  I 09122026 2303 05
   12417  O 09122026 2303 08
   11411  O 09122026 2303 04
   12142  O 09122026 2303 08
   12116  O 09122026 2303 08
   10169  O 09122026 2303 11
   03161  O 09122026 2303 03
   01510  O 09122026 2303 03
   12761  O 09122026 2304 03
   03159  O 09122026 2304 11
   03058  O 09122026 2304 08
   11725  O 09122026 2304 03
   11495  O 09122026 2304 04
   03029  O 09122026 2304 12
   12128  O 09122026 2304 11
   12467  O 09122026 2305 12
   12371  O 09122026 2305 08
   12928  O 09122026 2305 04
   11926  O 09122026 2305 11
   03136  O 09122026 2305 03
   12663  O 09122026 2306 11
   10219  O 09122026 2306 08
   10425  O 09122026 2306 03
   12555  O 09122026 2306 08
   12623  I 09122026 2306 01
   10490  O 09122026 2306 08
   12199  I 09122026 2306 02
   12189  O 09122026 2306 03
   03170  O 09122026 2307 03
   03124  O 09122026 2307 03
   10849  O 09122026 2307 03
   12611  O 09122026 2308 03
   10117  O 09122026 2308 08
   12153  O 09122026 2308 03
   12151  O 09122026 2309 03
   01499  O 09122026 2309 08
   12878  O 09122026 2310 03
   12878  O 09122026 2310 03
   12690  O 09122026 2311 08
   12878  O 09122026 2310 03
   12878  O 09122026 2310 03
   11402  O 09122026 2310 11
   10287  O 09122026 2312 11
   12577  O 09122026 2313 12
   12947  O 09122026 2316 03
   12302  O 09122026 2316 07
   12467  I 09122026 2316 02
   12467  O 09122026 2317 04
   10705  O 09122026 2317 11
   12561  O 09122026 2319 03
   12147  O 09122026 2322 04
   01449  O 09122026 2323 08
   01365  O 09122026 2325 08
   01456  O 09122026 2325 03
   01312  O 09122026 2326 07
   12371  I 09122026 2327 05
   12183  O 09122026 2328 14
   01432  O 09122026 2334 08
   12710  O 09122026 2343 11
