   12230  O 09132026 0100 04
   01454  I 09132026 0243 01
   03068  I 09132026 0447 05
   09823  I 09132026 0525 06
   01468  I 09132026 0530 05
   12628  I 09132026 0546 05
   11690  I 09132026 0548 05
   01335  I 09132026 0553 05
   12725  I 09132026 0554 06
   11605  I 09132026 0556 05
   12392  I 09132026 0559 02
   03062  I 09132026 0559 05
   01339  I 09132026 0559 06
   10127  I 09132026 0602 06
   12625  I 09132026 0602 06
   10021  I 09132026 0603 05
   03047  I 09132026 0605 05
   03029  I 09132026 0605 06
   01319  I 09132026 0606 05
   12632  I 09132026 0606 05
   01249  I 09132026 0609 05
   10071  I 09132026 0610 05
   10083  I 09132026 0610 06
   12539  I 09132026 0610 06
   03135  I 09132026 0610 01
   10333  I 09132026 0611 05
   01423  I 09132026 0613 05
   03172  I 09132026 0613 05
   11493  I 09132026 0613 05
   11647  I 09132026 0614 05
   01306  I 09132026 0615 02
   01295  I 09132026 0616 05
   12812  I 09132026 0617 06
   12756  I 09132026 0618 06
   12458  I 09132026 0618 02
   11167  I 09132026 0618 01
   11767  I 09132026 0619 05
   01320  I 09132026 0619 06
   12409  I 09132026 0620 06
   12644  I 09132026 0622 06
   10849  I 09132026 0622 02
   10201  I 09132026 0622 01
   12637  I 09132026 0623 05
   10795  I 09132026 0623 06
   12094  I 09132026 0623 05
   10221  I 09132026 0623 02
   12496  I 09132026 0623 06
   12888  I 09132026 0623 06
   11223  I 09132026 0624 06
   12110  I 09132026 0624 05
   10199  I 09132026 0624 05
   10612  I 09132026 0624 06
   12679  I 09132026 0624 05
   12136  I 09132026 0625 01
   12531  I 09132026 0626 06
   12234  I 09132026 0627 06
   10720  I 09132026 0627 06
   11768  I 09132026 0628 06
   12780  I 09132026 0628 06
   01487  I 09132026 0628 02
   10843  I 09132026 0628 05
   12128  I 09132026 0628 06
   10176  I 09132026 0629 05
   01330  I 09132026 0629 06
   10841  I 09132026 0630 05
   11266  I 09132026 0630 05
   12056  I 09132026 0630 01
   10425  I 09132026 0631 01
   12833  I 09132026 0631 06
   11946  I 09132026 0632 05
   12701  I 09132026 0633 01
   12558  I 09132026 0633 06
   12188  I 09132026 0634 01
   12267  I 09132026 0634 06
   10231  I 09132026 0634 02
   12080  I 09132026 0634 06
   12055  I 09132026 0634 02
   01475  I 09132026 0635 01
   10787  I 09132026 0635 06
   12354  I 09132026 0635 05
   10356  I 09132026 0635 05
   12440  I 09132026 0635 05
   01276  I 09132026 0635 01
   03061  I 09132026 0636 06
   11646  I 09132026 0636 06
   10698  I 09132026 0636 05
   10576  I 09132026 0636 02
   12183  I 09132026 0636 06
   10617  I 09132026 0637 05
   10017  I 09132026 0637 06
   10116  I 09132026 0638 05
   03176  I 09132026 0638 05
   01333  I 09132026 0638 06
   12841  I 09132026 0638 01
   10706  I 09132026 0638 05
   10383  I 09132026 0638 06
   10606  I 09132026 0639 01
   03108  I 09132026 0639 09
   12416  I 09132026 0639 06
   12945  I 09132026 0639 06
   12064  I 09132026 0639 02
   12727  I 09132026 0640 06
   12020  I 09132026 0640 06
   10385  I 09132026 0640 05
   10490  I 09132026 0640 06
   12081  I 09132026 0640 05
   10135  I 09132026 0640 05
   12615  I 09132026 0640 05
   12826  I 09132026 0641 02
   10759  I 09132026 0641 05
   12191  I 09132026 0641 02
   10369  I 09132026 0641 06
   12084  I 09132026 0641 01
   12716  I 09132026 0641 06
   11725  I 09132026 0641 02
   10522  I 09132026 0641 05
   10291  I 09132026 0641 05
   12259  I 09132026 0642 06
   12343  I 09132026 0642 06
   01499  I 09132026 0642 05
   12066  I 09132026 0642 06
   01492  I 09132026 0643 06
   12666  I 09132026 0643 01
   10261  I 09132026 0643 05
   11784  I 09132026 0643 06
   12710  I 09132026 0643 05
   12754  I 09132026 0643 06
   11777  I 09132026 0643 05
   03058  I 09132026 0643 06
   11726  I 09132026 0644 01
   03059  I 09132026 0644 05
   12057  I 09132026 0644 01
   12698  I 09132026 0645 02
   12647  I 09132026 0645 01
   12853  I 09132026 0645 06
   12783  I 09132026 0645 05
   11404  I 09132026 0645 06
   12368  I 09132026 0645 06
   12130  I 09132026 0646 02
   12074  I 09132026 0646 02
   01415  I 09132026 0646 05
   12807  I 09132026 0646 05
   12894  I 09132026 0646 06
   12568  I 09132026 0646 05
   12862  I 09132026 0646 01
   12878  I 09132026 0646 02
   11248  I 09132026 0647 06
   12672  I 09132026 0647 01
   10144  I 09132026 0647 05
   12372  I 09132026 0648 01
   12254  I 09132026 0648 06
   03126  I 09132026 0649 06
   01357  I 09132026 0649 06
   12538  I 09132026 0649 01
   11779  I 09132026 0649 06
   12156  O 09132026 0649 03
   12730  I 09132026 0649 05
   01433  I 09132026 0649 06
   12156  I 09132026 0649 02
   12439  I 09132026 0649 01
   10581  I 09132026 0650 05
   10589  I 09132026 0650 06
   10669  I 09132026 0650 02
   09676  I 09132026 0651 02
   12123  I 09132026 0651 06
   12500  I 09132026 0651 06
   12652  I 09132026 0651 02
   12357  I 09132026 0652 01
   12622  I 09132026 0653 01
   12846  I 09132026 0653 05
   12341  I 09132026 0653 05
   12339  I 09132026 0653 06
   12473  I 09132026 0653 05
   12620  I 09132026 0654 06
   12815  I 09132026 0654 05
   10788  I 09132026 0654 05
   12687  I 09132026 0654 06
   10830  I 09132026 0654 01
   03012  I 09132026 0654 06
   01471  I 09132026 0654 05
   12584  I 09132026 0654 06
   11652  I 09132026 0654 01
   12735  I 09132026 0655 05
   01369  I 09132026 0655 02
   10148  I 09132026 0656 05
   12799  I 09132026 0656 02
   01417  I 09132026 0656 06
   12375  I 09132026 0656 02
   10765  I 09132026 0657 06
   11522  I 09132026 0657 02
   12740  I 09132026 0657 02
   10245  I 09132026 0657 01
   12164  I 09132026 0657 02
   12125  I 09132026 0657 02
   12569  I 09132026 0657 01
   11537  I 09132026 0658 06
   10505  I 09132026 0658 01
   10055  I 09132026 0658 01
   12582  I 09132026 0658 06
   11496  I 09132026 0658 02
   12737  I 09132026 0659 01
   12135  I 09132026 0659 06
   12828  I 09132026 0659 01
   11388  I 09132026 0700 06
   11879  O 09132026 0700 08
   12532  O 09132026 0700 11
   11693  O 09132026 0700 07
   10675  O 09132026 0700 03
   10574  O 09132026 0700 12
   10825  O 09132026 0700 07
   12069  O 09132026 0700 11
   12471  O 09132026 0700 08
   12576  O 09132026 0700 04
   10658  O 09132026 0700 14
   12307  O 09132026 0700 12
   12501  O 09132026 0700 08
   12260  O 09132026 0700 12
   12460  O 09132026 0700 04
   12901  O 09132026 0700 11
   12858  O 09132026 0700 07
   03053  O 09132026 0700 08
   12553  O 09132026 0700 12
   12021  O 09132026 0700 14
   10700  O 09132026 0700 07
   01470  O 09132026 0700 08
   12598  O 09132026 0700 12
   12356  O 09132026 0700 03
   10605  O 09132026 0700 14
   10243  O 09132026 0700 04
   10640  I 09132026 0700 01
   11494  O 09132026 0700 11
   10133  O 09132026 0700 12
   12502  O 09132026 0700 08
   03037  O 09132026 0700 07
   12329  I 09132026 0700 02
   10809  O 09132026 0700 03
   12474  O 09132026 0700 11
   03104  O 09132026 0700 14
   12370  O 09132026 0700 12
   11169  O 09132026 0700 08
   12237  O 09132026 0700 07
   10318  O 09132026 0700 04
   12224  O 09132026 0700 12
   12938  O 09132026 0700 11
   11692  I 09132026 0700 01
   12049  O 09132026 0700 14
   12653  O 09132026 0700 11
   10309  O 09132026 0700 12
   10500  O 09132026 0700 07
   10598  O 09132026 0700 04
   01344  O 09132026 0700 08
   11765  O 09132026 0700 12
   10794  O 09132026 0700 07
   12829  O 09132026 0700 03
   12299  I 09132026 0700 06
   12298  O 09132026 0700 11
   11776  O 09132026 0700 08
   10285  O 09132026 0700 07
   11607  O 09132026 0700 12
   12668  O 09132026 0700 03
   11650  O 09132026 0701 04
   12184  O 09132026 0701 14
   03027  O 09132026 0701 11
   03112  O 09132026 0701 07
   12639  O 09132026 0701 12
   12627  O 09132026 0701 08
   12244  O 09132026 0701 03
   12217  O 09132026 0701 04
   11538  O 09132026 0701 07
   12758  O 09132026 0701 03
   12082  O 09132026 0701 11
   12820  O 09132026 0701 14
   01325  O 09132026 0701 08
   12869  O 09132026 0701 12
   10573  O 09132026 0701 04
   12726  O 09132026 0701 12
   12076  O 09132026 0701 03
   11937  O 09132026 0701 11
   12266  O 09132026 0701 04
   12369  O 09132026 0701 12
   11942  O 09132026 0701 07
   10673  O 09132026 0701 08
   12337  O 09132026 0701 03
   12673  O 09132026 0701 11
   11250  O 09132026 0701 12
   10224  O 09132026 0701 07
   12723  O 09132026 0701 03
   12415  O 09132026 0701 12
   12722  O 09132026 0701 07
   10358  O 09132026 0701 11
   12485  O 09132026 0701 12
   10146  O 09132026 0701 08
   01355  O 09132026 0701 03
   03151  I 09132026 0701 01
   11780  O 09132026 0701 03
   12487  I 09132026 0701 02
   01483  O 09132026 0701 08
   12205  O 09132026 0701 04
   12743  O 09132026 0701 07
   03105  I 09132026 0701 01
   12097  O 09132026 0701 08
   12741  O 09132026 0701 03
   12694  I 09132026 0701 02
   12306  O 09132026 0701 04
   10780  O 09132026 0701 12
   03032  O 09132026 0701 07
   01296  O 09132026 0701 14
   12085  O 09132026 0701 03
   12724  O 09132026 0701 04
   12236  O 09132026 0701 08
   12476  O 09132026 0701 07
   10523  O 09132026 0702 03
   12575  O 09132026 0702 04
   12141  I 09132026 0702 02
   12711  O 09132026 0702 07
   12090  O 09132026 0702 08
   10724  I 09132026 0702 02
   03102  I 09132026 0702 01
   12957  O 09132026 0702 04
   12657  I 09132026 0702 06
   12475  O 09132026 0702 07
   03153  O 09132026 0702 11
   12863  O 09132026 0702 04
   10641  O 09132026 0702 08
   12413  I 09132026 0702 02
   12889  O 09132026 0702 04
   11221  O 09132026 0702 03
   12642  O 09132026 0702 12
   12872  O 09132026 0702 04
   12677  O 09132026 0702 07
   12682  O 09132026 0702 12
   12823  O 09132026 0702 03
   12241  O 09132026 0702 04
   12131  O 09132026 0702 03
   12397  O 09132026 0702 04
   12827  O 09132026 0702 03
   12762  O 09132026 0702 04
   12133  I 09132026 0702 02
   10140  O 09132026 0702 07
   10775  O 09132026 0702 08
   12898  O 09132026 0702 03
   12718  O 09132026 0703 03
   12610  O 09132026 0703 11
   12849  O 09132026 0703 07
   12809  O 09132026 0703 12
   12804  O 09132026 0703 03
   12583  O 09132026 0703 12
   11286  O 09132026 0703 03
   01327  O 09132026 0703 12
   10604  O 09132026 0703 03
   12614  O 09132026 0703 04
   11392  I 09132026 0703 06
   12248  O 09132026 0703 03
   12096  O 09132026 0703 04
   01436  O 09132026 0703 07
   12545  O 09132026 0703 03
   12353  O 09132026 0703 08
   12790  O 09132026 0703 03
   12413  O 09132026 0703 04
   12612  O 09132026 0703 03
   10232  O 09132026 0703 04
   12629  O 09132026 0703 07
   12695  O 09132026 0703 03
   12861  O 09132026 0703 12
   12433  O 09132026 0703 03
   10808  O 09132026 0703 07
   10726  O 09132026 0704 03
   12255  O 09132026 0704 08
   01367  O 09132026 0704 07
   12755  O 09132026 0704 03
   12208  O 09132026 0704 12
   10223  O 09132026 0704 07
   12929  O 09132026 0704 03
   12963  O 09132026 0704 03
   12122  O 09132026 0704 07
   12112  O 09132026 0704 03
   03078  O 09132026 0704 08
   12874  O 09132026 0704 03
   12816  O 09132026 0704 04
   10817  O 09132026 0704 03
   12544  O 09132026 0704 11
   12462  O 09132026 0704 12
   12148  O 09132026 0704 04
   12950  O 09132026 0704 11
   12463  O 09132026 0704 12
   12818  O 09132026 0704 03
   10642  O 09132026 0704 07
   12486  O 09132026 0704 11
   12742  O 09132026 0705 03
   12877  I 09132026 0705 01
   01448  O 09132026 0705 03
   12342  O 09132026 0705 07
   11390  O 09132026 0705 12
   12676  O 09132026 0705 11
   12186  O 09132026 0705 08
   03118  O 09132026 0705 07
   12832  O 09132026 0705 03
   12546  O 09132026 0705 12
   12855  O 09132026 0705 04
   12926  O 09132026 0705 03
   03141  O 09132026 0706 12
   10585  O 09132026 0706 04
   10697  O 09132026 0706 11
   12717  I 09132026 0706 05
   03098  O 09132026 0706 07
   12757  O 09132026 0706 11
   12355  O 09132026 0706 03
   12810  O 09132026 0707 12
   12530  O 09132026 0707 03
   12706  O 09132026 0707 07
   01428  O 09132026 0707 04
   12623  O 09132026 0708 03
   12371  O 09132026 0708 08
   12738  O 09132026 0708 04
   03001  O 09132026 0708 12
   10070  O 09132026 0709 11
   01446  O 09132026 0709 11
   12851  O 09132026 0709 11
   12349  O 09132026 0709 03
   01373  O 09132026 0711 08
   11387  O 09132026 0711 07
   10373  O 09132026 0711 07
   10073  O 09132026 0712 12
   03017  O 09132026 0714 07
   12359  O 09132026 0718 12
   12412  O 09132026 0720 12
   12199  O 09132026 0721 03
   03152  O 09132026 0722 04
   12291  O 09132026 0722 03
   12113  O 09132026 0725 11
   12334  O 09132026 0725 12
   10405  O 09132026 0725 11
   12919  O 09132026 0726 07
   12924  O 09132026 0726 08
   10608  O 09132026 0732 12
   12488  O 09132026 0738 14
   03103  O 09132026 0739 04
   01413  O 09132026 0741 12
   10026  O 09132026 0745 07
   12961  I 09132026 0749 10
   12803  O 09132026 0758 07
   10663  O 09132026 0801 08
   12093  I 09132026 0836 06
   10334  I 09132026 0855 10
   01369  O 09132026 1122 03
   10047  I 09132026 1258 01
   01312  I 09132026 1318 05
   12089  I 09132026 1319 05
   11774  I 09132026 1323 02
   12249  I 09132026 1324 05
   12678  I 09132026 1335 06
   03177  I 09132026 1341 06
   12711  I 09132026 1344 06
   03148  I 09132026 1345 02
   12192  I 09132026 1349 05
   10310  I 09132026 1353 06
   03123  I 09132026 1359 06
   12871  I 09132026 1359 06
   03105  O 09132026 1400 03
   12677  I 09132026 1401 05
   03119  I 09132026 1401 06
   11928  I 09132026 1405 05
   12148  I 09132026 1410 06
   12664  I 09132026 1410 05
   12887  I 09132026 1411 05
   12461  I 09132026 1411 05
   10605  I 09132026 1412 05
   10117  I 09132026 1412 05
   12712  I 09132026 1414 06
   10306  I 09132026 1414 02
   12543  I 09132026 1414 05
   12140  I 09132026 1417 06
   01449  I 09132026 1418 05
   10177  I 09132026 1420 05
   03173  I 09132026 1420 06
   12583  I 09132026 1420 06
   10169  I 09132026 1420 02
   12116  I 09132026 1420 06
   11169  I 09132026 1422 02
   11940  I 09132026 1423 06
   12700  I 09132026 1423 05
   03077  I 09132026 1423 06
   10240  I 09132026 1423 06
   12690  I 09132026 1424 05
   12668  I 09132026 1424 01
   01317  I 09132026 1425 02
   12763  I 09132026 1426 01
   10285  I 09132026 1427 05
   12813  I 09132026 1427 06
   12723  I 09132026 1428 01
   10607  I 09132026 1430 01
   12275  I 09132026 1430 05
   01365  I 09132026 1430 05
   12682  I 09132026 1431 05
   10469  I 09132026 1431 02
   12502  I 09132026 1431 06
   10697  I 09132026 1432 05
   12291  I 09132026 1432 01
   12185  I 09132026 1433 05
   03112  I 09132026 1433 06
   12383  I 09132026 1434 02
   10604  I 09132026 1435 01
   10791  I 09132026 1435 02
   03104  I 09132026 1435 05
   12067  I 09132026 1436 05
   12731  I 09132026 1436 06
   01302  I 09132026 1437 06
   11724  I 09132026 1437 01
   11687  I 09132026 1437 01
   03001  I 09132026 1437 02
   12665  I 09132026 1437 01
   10775  I 09132026 1438 06
   12663  I 09132026 1438 06
   12729  I 09132026 1438 05
   11787  I 09132026 1439 06
   03030  I 09132026 1439 06
   12499  I 09132026 1439 01
   11402  O 09132026 1439 07
   03027  I 09132026 1439 06
   11402  I 09132026 1439 05
   11776  I 09132026 1440 06
   03078  I 09132026 1440 06
   03159  I 09132026 1440 09
   03085  I 09132026 1441 06
   01510  I 09132026 1441 02
   12138  I 09132026 1441 02
   12755  I 09132026 1442 02
   11937  I 09132026 1442 06
   11945  I 09132026 1442 06
   03168  I 09132026 1442 06
   12356  I 09132026 1442 02
   11534  I 09132026 1442 06
   10264  I 09132026 1443 06
   12577  O 09132026 1443 07
   12577  I 09132026 1443 05
   11495  I 09132026 1443 02
   12069  I 09132026 1444 06
   10232  I 09132026 1444 02
   12142  I 09132026 1445 06
   11848  I 09132026 1445 05
   10794  I 09132026 1445 06
   10287  O 09132026 1445 07
   10287  I 09132026 1445 06
   12553  I 09132026 1446 05
   10598  I 09132026 1447 05
   03124  I 09132026 1447 06
   10219  I 09132026 1447 05
   12082  I 09132026 1447 06
   10026  I 09132026 1449 05
   12609  I 09132026 1449 06
   10500  I 09132026 1449 06
   12204  I 09132026 1449 01
   12371  I 09132026 1450 05
   11168  I 09132026 1451 06
   11494  I 09132026 1451 06
   12098  I 09132026 1451 02
   12462  I 09132026 1451 05
   12610  I 09132026 1452 06
   01341  I 09132026 1452 01
   12798  I 09132026 1452 02
   01456  I 09132026 1452 06
   12555  I 09132026 1452 01
   12557  I 09132026 1453 01
   12667  I 09132026 1453 01
   12298  I 09132026 1454 06
   10678  I 09132026 1454 02
   01405  I 09132026 1455 01
   12237  I 09132026 1455 05
   12373  I 09132026 1455 01
   12097  I 09132026 1455 01
   03136  I 09132026 1456 01
   12076  I 09132026 1456 01
   12302  I 09132026 1456 01
   12415  I 09132026 1456 06
   10094  I 09132026 1457 02
   12488  I 09132026 1457 02
   12122  I 09132026 1457 06
   12088  I 09132026 1458 06
   12248  I 09132026 1458 01
   12624  I 09132026 1459 01
   12614  I 09132026 1459 02
   12112  I 09132026 1459 01
   10466  I 09132026 1459 01
   10705  I 09132026 1459 06
   10145  I 09132026 1459 01
   10333  O 09132026 1500 07
   12558  O 09132026 1500 04
   12357  O 09132026 1500 03
   12710  O 09132026 1500 12
   10696  I 09132026 1500 01
   10720  O 09132026 1500 08
   12299  O 09132026 1500 11
   11496  O 09132026 1500 14
   12130  O 09132026 1500 03
   03059  O 09132026 1500 07
   12080  O 09132026 1500 12
   12716  O 09132026 1500 04
   01357  O 09132026 1500 08
   12125  O 09132026 1500 11
   11388  O 09132026 1500 08
   12531  O 09132026 1500 03
   12473  O 09132026 1500 14
   12611  I 09132026 1500 01
   12055  O 09132026 1500 04
   12368  O 09132026 1500 11
   12846  O 09132026 1500 12
   01335  O 09132026 1500 07
   12081  O 09132026 1500 08
   12339  O 09132026 1500 11
   03126  O 09132026 1500 03
   12254  O 09132026 1500 12
   10612  O 09132026 1500 14
   12191  O 09132026 1500 04
   03047  O 09132026 1500 07
   12894  O 09132026 1500 11
   12637  O 09132026 1500 12
   11493  O 09132026 1500 14
   03012  O 09132026 1500 07
   12620  O 09132026 1500 11
   12020  O 09132026 1500 08
   12828  O 09132026 1500 04
   11646  O 09132026 1500 12
   12409  O 09132026 1500 11
   12234  O 09132026 1500 04
   11690  O 09132026 1500 08
   12812  O 09132026 1500 12
   12780  O 09132026 1500 11
   12064  O 09132026 1500 04
   12084  O 09132026 1500 03
   12538  O 09132026 1500 04
   03080  I 09132026 1500 02
   11392  O 09132026 1500 07
   10788  O 09132026 1500 08
   12230  I 09132026 1500 01
   01319  O 09132026 1500 04
   10522  O 09132026 1501 07
   12156  O 09132026 1501 03
   12783  O 09132026 1501 12
   10841  O 09132026 1501 14
   01330  O 09132026 1501 04
   10176  O 09132026 1501 07
   12625  O 09132026 1501 03
   12496  O 09132026 1501 11
   10385  O 09132026 1501 04
   10383  O 09132026 1501 11
   12057  O 09132026 1501 04
   12439  O 09132026 1501 03
   12807  O 09132026 1501 12
   12094  O 09132026 1501 11
   12135  O 09132026 1501 04
   12727  O 09132026 1501 12
   10589  O 09132026 1501 07
   10581  O 09132026 1501 08
   12862  O 09132026 1501 03
   10617  O 09132026 1501 07
   12133  O 09132026 1501 04
   10490  O 09132026 1501 07
   12826  O 09132026 1501 03
   10291  O 09132026 1501 07
   10083  O 09132026 1501 08
   12730  O 09132026 1501 12
   10231  O 09132026 1501 04
   12392  O 09132026 1501 03
   12259  O 09132026 1501 07
   10724  O 09132026 1501 04
   01306  O 09132026 1501 12
   12487  O 09132026 1501 08
   12679  O 09132026 1501 11
   12416  O 09132026 1501 07
   12740  O 09132026 1501 03
   12568  O 09132026 1501 12
   03068  O 09132026 1501 04
   12698  O 09132026 1501 03
   11652  O 09132026 1502 04
   10144  O 09132026 1502 07
   01471  O 09132026 1502 07
   12096  I 09132026 1502 01
   01320  O 09132026 1502 12
   03172  O 09132026 1502 08
   12539  O 09132026 1502 12
   12701  O 09132026 1502 03
   10021  O 09132026 1502 12
   12632  O 09132026 1502 08
   11692  O 09132026 1502 07
   12500  O 09132026 1502 03
   12725  O 09132026 1502 04
   10505  O 09132026 1502 08
   10787  O 09132026 1502 07
   11767  O 09132026 1502 12
   12153  I 09132026 1502 01
   10640  O 09132026 1502 03
   03102  O 09132026 1502 04
   01454  O 09132026 1502 08
   10706  O 09132026 1502 07
   12717  O 09132026 1502 08
   12666  O 09132026 1503 04
   10576  O 09132026 1503 03
   11537  O 09132026 1503 08
   01333  O 09132026 1503 12
   10795  O 09132026 1503 07
   12372  O 09132026 1503 04
   01433  O 09132026 1503 08
   12151  I 09132026 1503 05
   11522  O 09132026 1503 04
   12754  O 09132026 1503 08
   03151  O 09132026 1503 03
   12343  O 09132026 1503 07
   12722  I 09132026 1503 01
   12458  O 09132026 1503 03
   11777  O 09132026 1503 08
   03108  O 09132026 1503 11
   12622  O 09132026 1503 04
   12815  O 09132026 1503 07
   10245  O 09132026 1503 03
   12888  O 09132026 1503 07
   12615  O 09132026 1503 08
   11946  O 09132026 1503 12
   11647  O 09132026 1503 07
   12672  O 09132026 1503 04
   12853  O 09132026 1503 12
   11725  O 09132026 1503 03
   10356  O 09132026 1503 08
   12652  O 09132026 1503 11
   12354  O 09132026 1503 08
   12440  O 09132026 1503 07
   01339  O 09132026 1503 12
   12877  O 09132026 1503 03
   12687  O 09132026 1504 08
   10116  O 09132026 1504 07
   03062  O 09132026 1504 11
   03161  I 09132026 1504 01
   12056  O 09132026 1504 08
   11768  O 09132026 1504 08
   11404  O 09132026 1504 12
   01415  O 09132026 1504 14
   09823  O 09132026 1504 11
   10843  O 09132026 1504 07
   10698  O 09132026 1504 08
   12841  O 09132026 1504 03
   10055  O 09132026 1505 14
   12628  O 09132026 1505 11
   12074  O 09132026 1505 04
   10221  O 09132026 1505 03
   12329  O 09132026 1505 03
   01423  O 09132026 1505 11
   12147  I 09132026 1506 02
   09676  O 09132026 1506 04
   12647  O 09132026 1506 08
   12799  O 09132026 1506 07
   12136  O 09132026 1506 03
   11726  O 09132026 1506 03
   12657  O 09132026 1507 04
   12066  O 09132026 1507 14
   12110  O 09132026 1508 03
   10849  O 09132026 1508 03
   10201  O 09132026 1509 03
   01249  O 09132026 1509 12
   12267  O 09132026 1509 12
   10765  O 09132026 1509 07
   10669  O 09132026 1510 03
   01417  O 09132026 1511 08
   10425  O 09132026 1512 03
   11784  O 09132026 1512 14
   10369  O 09132026 1512 07
   11223  O 09132026 1513 08
   11779  O 09132026 1513 04
   10261  O 09132026 1515 11
   10148  O 09132026 1515 07
   01499  O 09132026 1515 08
   03176  O 09132026 1519 08
   12183  O 09132026 1521 14
   10759  O 09132026 1524 07
   10135  O 09132026 1546 12
   03135  O 09132026 1551 04
   10334  O 09132026 1605 11
   01234  I 09132026 1616 01
   03061  O 09132026 1702 12
   09704  I 09132026 1740 06
   03058  O 09132026 1800 04
   12093  O 09132026 1805 11
   11266  O 09132026 1806 11
   12833  O 09132026 1811 07
   12341  O 09132026 1811 08
   10199  O 09132026 1811 08
   12141  O 09132026 1812 12
   12945  O 09132026 1813 07
   12737  O 09132026 1819 07
   12732  I 09132026 1830 06
   10234  I 09132026 1830 01
   12851  I 09132026 1830 05
   12695  I 09132026 1834 01
   12890  I 09132026 1835 05
   12370  I 09132026 1851 06
   12463  I 09132026 1853 05
   12131  I 09132026 1853 02
   12638  I 09132026 1855 02
   12861  I 09132026 1855 05
   12736  I 09132026 1857 05
   12325  I 09132026 1858 01
   12644  O 09132026 1900 12
   12735  O 09132026 1900 08
   12128  O 09132026 1900 11
   11167  O 09132026 1900 03
   12584  O 09132026 1900 11
   01487  O 09132026 1900 04
   12164  O 09132026 1900 03
   12188  O 09132026 1900 03
   12369  I 09132026 1901 06
   10830  O 09132026 1901 12
   01475  O 09132026 1901 03
   12375  O 09132026 1902 12
   12756  O 09132026 1905 12
   12123  O 09132026 1905 11
   12569  O 09132026 1906 12
   01276  O 09132026 1909 03
   12457  I 09132026 2029 05
   03098  I 09132026 2053 05
   11693  I 09132026 2102 05
   12821  I 09132026 2120 06
   12307  I 09132026 2128 06
   10809  I 09132026 2134 05
   12266  I 09132026 2142 02
   12688  I 09132026 2143 05
   03039  I 09132026 2144 05
   12475  I 09132026 2147 06
   10070  I 09132026 2149 05
   01425  I 09132026 2150 06
   03179  I 09132026 2154 05
   03141  I 09132026 2155 05
   12854  I 09132026 2159 06
   12342  I 09132026 2200 06
   10202  I 09132026 2200 06
   12803  I 09132026 2205 05
   10663  I 09132026 2207 05
   12651  I 09132026 2208 06
   12808  I 09132026 2209 05
   12845  I 09132026 2211 06
   12306  I 09132026 2211 05
   10585  I 09132026 2212 05
   11400  I 09132026 2213 05
   01459  I 09132026 2214 05
   03035  I 09132026 2216 05
   10358  I 09132026 2221 05
   11933  I 09132026 2221 01
   03152  I 09132026 2221 02
   12260  I 09132026 2222 05
   12467  I 09132026 2224 02
   01325  I 09132026 2224 01
   12224  I 09132026 2225 05
   12612  I 09132026 2225 02
   12058  I 09132026 2225 01
   01448  I 09132026 2229 02
   12627  I 09132026 2231 06
   10831  I 09132026 2231 05
   12115  I 09132026 2231 05
   12334  I 09132026 2232 02
   12355  I 09132026 2233 02
   10658  I 09132026 2233 05
   12790  I 09132026 2234 01
   12601  I 09132026 2234 02
   11879  I 09132026 2235 06
   09833  I 09132026 2237 05
   10386  I 09132026 2239 02
   10046  I 09132026 2239 01
   01422  I 09132026 2240 05
   10091  I 09132026 2240 05
   10373  I 09132026 2240 02
   12390  I 09132026 2241 02
   11780  I 09132026 2241 06
   10073  I 09132026 2242 05
   10086  I 09132026 2243 05
   01511  I 09132026 2244 02
   10780  I 09132026 2244 05
   12852  I 09132026 2244 06
   03026  I 09132026 2244 01
   12816  I 09132026 2245 01
   11398  I 09132026 2245 06
   12460  I 09132026 2245 02
   12544  I 09132026 2246 05
   01477  I 09132026 2246 05
   03118  I 09132026 2246 05
   12670  I 09132026 2247 01
   12186  I 09132026 2247 06
   12689  I 09132026 2250 05
   11926  I 09132026 2250 05
   12189  I 09132026 2251 06
   12471  I 09132026 2252 02
   12113  I 09132026 2253 06
   12059  I 09132026 2253 01
   01296  I 09132026 2253 05
   12738  I 09132026 2254 01
   11286  I 09132026 2254 01
   12820  I 09132026 2254 05
   03010  I 09132026 2255 05
   12886  I 09132026 2255 01
   11650  I 09132026 2255 02
   12874  I 09132026 2255 01
   12742  I 09132026 2258 01
   12546  I 09132026 2258 06
   03088  I 09132026 2258 01
   10573  I 09132026 2258 02
   12474  I 09132026 2258 01
   12085  I 09132026 2259 01
   10133  I 09132026 2259 06
   10127  O 09132026 2300 12
   10310  O 09132026 2300 11
   12089  O 09132026 2300 07
   12700  O 09132026 2300 03
   10469  O 09132026 2300 04
   12192  O 09132026 2300 12
   12140  O 09132026 2300 11
   10500  O 09132026 2300 07
   12729  O 09132026 2300 08
   10306  O 09132026 2300 03
   01405  O 09132026 2300 04
   03123  O 09132026 2300 12
   12678  O 09132026 2300 11
   12461  O 09132026 2300 08
   10607  O 09132026 2300 03
   03177  O 09132026 2300 04
   03112  O 09132026 2300 07
   10605  O 09132026 2300 14
   12082  O 09132026 2300 11
   03080  O 09132026 2300 04
   01510  O 09132026 2300 03
   11937  O 09132026 2300 11
   01492  O 09132026 2300 08
   12664  O 09132026 2300 07
   12723  O 09132026 2300 03
   12298  O 09132026 2300 12
   12557  O 09132026 2300 04
   10466  O 09132026 2300 11
   03104  O 09132026 2300 14
   12302  O 09132026 2300 08
   11605  O 09132026 2300 11
   12502  O 09132026 2300 07
   12356  O 09132026 2300 03
   12275  O 09132026 2300 08
   11248  O 09132026 2300 11
   12076  O 09132026 2300 03
   12499  O 09132026 2300 04
   12712  O 09132026 2300 07
   11168  O 09132026 2300 12
   03119  O 09132026 2300 11
   11774  O 09132026 2300 04
   10678  O 09132026 2300 03
   10697  O 09132026 2300 11
   10240  O 09132026 2300 04
   12961  O 09132026 2300 12
   10794  O 09132026 2300 07
   01302  O 09132026 2300 03
   03030  O 09132026 2301 14
   12553  O 09132026 2301 12
   12237  O 09132026 2301 08
   10047  O 09132026 2301 04
   12878  O 09132026 2301 03
   11534  O 09132026 2301 08
   12711  O 09132026 2301 07
   12614  O 09132026 2301 04
   10017  O 09132026 2301 08
   12415  O 09132026 2301 12
   12383  O 09132026 2301 03
   12067  O 09132026 2301 04
   12609  O 09132026 2301 12
   12887  O 09132026 2301 03
   12610  O 09132026 2301 11
   12813  O 09132026 2301 12
   12230  O 09132026 2301 04
   12871  O 09132026 2301 03
   12122  O 09132026 2301 08
   12663  O 09132026 2301 11
   10285  O 09132026 2301 07
   12138  O 09132026 2301 03
   12098  O 09132026 2301 08
   10791  O 09132026 2301 07
   10145  O 09132026 2301 03
   03085  O 09132026 2301 08
   12706  I 09132026 2301 02
   12694  O 09132026 2301 03
   11494  O 09132026 2301 11
   12611  O 09132026 2301 04
   03136  O 09132026 2301 03
   12667  O 09132026 2301 04
   11169  O 09132026 2302 07
   12069  O 09132026 2302 08
   10232  O 09132026 2302 03
   12763  O 09132026 2302 04
   12147  O 09132026 2302 04
   12151  O 09132026 2302 03
   12624  O 09132026 2302 04
   12373  O 09132026 2302 03
   12722  O 09132026 2302 07
   12755  O 09132026 2302 03
   12185  O 09132026 2302 11
   11776  O 09132026 2303 08
   11945  O 09132026 2303 12
   12337  I 09132026 2303 01
   12741  I 09132026 2303 02
   10117  O 09132026 2303 07
   03077  O 09132026 2303 08
   03161  O 09132026 2303 03
   12097  O 09132026 2303 07
   03159  O 09132026 2303 11
   01317  O 09132026 2303 12
   12462  O 09132026 2304 12
   03001  O 09132026 2304 11
   12096  O 09132026 2304 04
   10604  O 09132026 2304 03
   03168  O 09132026 2304 08
   10071  O 09132026 2304 11
   03029  O 09132026 2304 12
   11495  O 09132026 2304 04
   12291  O 09132026 2304 03
   11719  I 09132026 2304 01
   10775  O 09132026 2304 08
   12142  O 09132026 2304 08
   12116  O 09132026 2304 07
   12371  O 09132026 2305 08
   03124  O 09132026 2305 03
   10696  O 09132026 2305 08
   10606  O 09132026 2305 04
   11787  O 09132026 2305 07
   12555  O 09132026 2305 08
   11687  O 09132026 2305 03
   12582  O 09132026 2305 08
   10169  O 09132026 2306 04
   01295  O 09132026 2306 04
   12682  O 09132026 2306 12
   12577  O 09132026 2306 12
   10264  O 09132026 2306 11
   12665  O 09132026 2306 03
   11402  O 09132026 2307 12
   12543  O 09132026 2307 03
   10219  O 09132026 2307 08
   01312  O 09132026 2308 12
   12488  O 09132026 2308 11
   12583  O 09132026 2308 12
   12249  O 09132026 2308 12
   03078  O 09132026 2309 08
   12690  O 09132026 2309 07
   10094  O 09132026 2309 03
   10026  O 09132026 2310 07
   12153  O 09132026 2310 03
   12088  O 09132026 2312 04
   11928  O 09132026 2316 08
   12021  I 09132026 2317 01
   01449  O 09132026 2321 08
   01341  O 09132026 2323 12
   01365  O 09132026 2330 08
   01468  O 09132026 2335 12
   01456  O 09132026 2346 08
