   12183  I 09152026 0000 06
   12230  O 09152026 0102 03
   01454  I 09152026 0457 01
   09823  I 09152026 0526 06
   12089  I 09152026 0528 05
   11690  I 09152026 0540 05
   12628  I 09152026 0544 05
   03007  I 09152026 0550 06
   12392  I 09152026 0557 05
   12844  I 09152026 0600 02
   01231  I 09152026 0601 05
   12897  I 09152026 0603 05
   12249  I 09152026 0605 05
   12903  I 09152026 0606 01
   03047  I 09152026 0607 05
   03029  I 09152026 0607 06
   12644  I 09152026 0607 06
   12965  I 09152026 0608 02
   12625  I 09152026 0609 05
   12632  I 09152026 0609 05
   10083  I 09152026 0609 06
   12539  I 09152026 0609 06
   12583  I 09152026 0609 06
   12919  I 09152026 0609 01
   12561  I 09152026 0610 01
   10310  I 09152026 0610 06
   11267  I 09152026 0611 05
   12692  I 09152026 0611 05
   01295  I 09152026 0612 01
   10736  I 09152026 0613 01
   12756  I 09152026 0613 06
   12948  I 09152026 0613 01
   01339  I 09152026 0614 06
   12497  I 09152026 0614 01
   12072  I 09152026 0615 02
   12140  I 09152026 0616 06
   12760  I 09152026 0617 01
   12856  I 09152026 0617 02
   12761  I 09152026 0617 01
   12664  I 09152026 0617 06
   10201  I 09152026 0618 05
   12136  I 09152026 0618 01
   12812  I 09152026 0618 06
   12947  I 09152026 0619 01
   10456  I 09152026 0619 05
   12791  I 09152026 0619 02
   12676  I 09152026 0620 05
   12467  I 09152026 0620 02
   12679  I 09152026 0620 05
   01249  I 09152026 0620 05
   01320  I 09152026 0620 06
   12712  I 09152026 0621 06
   12645  I 09152026 0621 05
   11936  I 09152026 0621 06
   12637  I 09152026 0621 06
   12831  I 09152026 0622 01
   01487  I 09152026 0622 02
   10117  I 09152026 0622 05
   12668  I 09152026 0622 01
   01449  I 09152026 0623 02
   03119  I 09152026 0623 06
   12810  I 09152026 0623 06
   11493  I 09152026 0623 05
   12502  I 09152026 0624 06
   10199  I 09152026 0624 05
   10100  I 09152026 0624 05
   01423  I 09152026 0625 05
   10720  I 09152026 0625 06
   01234  I 09152026 0625 01
   03173  I 09152026 0625 06
   12222  I 09152026 0626 05
   12156  O 09152026 0626 03
   12156  I 09152026 0626 02
   12699  O 09152026 0626 03
   12699  I 09152026 0626 02
   10356  I 09152026 0626 05
   12780  I 09152026 0626 06
   12458  I 09152026 0627 02
   10285  I 09152026 0627 06
   03170  I 09152026 0628 01
   12762  I 09152026 0628 01
   11647  I 09152026 0628 05
   10766  I 09152026 0628 06
   12334  I 09152026 0629 02
   12832  I 09152026 0629 06
   01417  I 09152026 0629 06
   10425  I 09152026 0629 02
   12944  I 09152026 0630 01
   10605  I 09152026 0630 06
   01475  I 09152026 0631 01
   12711  I 09152026 0631 06
   10054  I 09152026 0632 02
   10184  I 09152026 0632 06
   12949  I 09152026 0632 02
   12793  I 09152026 0632 01
   01330  I 09152026 0632 06
   12354  I 09152026 0632 05
   12813  I 09152026 0632 06
   01266  I 09152026 0632 05
   12317  I 09152026 0632 01
   12609  I 09152026 0633 06
   10847  I 09152026 0633 05
   11725  I 09152026 0633 01
   10617  I 09152026 0633 05
   10177  I 09152026 0633 05
   03061  I 09152026 0633 06
   01232  I 09152026 0634 06
   12693  I 09152026 0634 06
   03177  I 09152026 0634 02
   10807  I 09152026 0634 01
   11266  I 09152026 0634 05
   12412  I 09152026 0634 06
   01432  I 09152026 0635 05
   10047  I 09152026 0635 02
   10369  I 09152026 0636 06
   12488  I 09152026 0636 06
   12843  I 09152026 0637 02
   01345  I 09152026 0637 06
   12662  I 09152026 0637 02
   10576  I 09152026 0637 02
   12669  I 09152026 0638 05
   12951  I 09152026 0638 01
   12451  I 09152026 0639 02
   11863  I 09152026 0639 06
   12930  I 09152026 0639 01
   12729  I 09152026 0639 05
   12825  I 09152026 0639 01
   11787  I 09152026 0640 06
   11694  I 09152026 0640 05
   12472  I 09152026 0640 06
   12764  I 09152026 0640 06
   12234  I 09152026 0640 06
   10116  I 09152026 0640 05
   12356  I 09152026 0640 02
   10357  I 09152026 0640 06
   12690  I 09152026 0640 06
   10759  I 09152026 0640 06
   01504  I 09152026 0641 02
   01365  I 09152026 0641 05
   11605  I 09152026 0641 05
   10697  I 09152026 0641 05
   03159  I 09152026 0641 09
   11928  I 09152026 0642 05
   11945  I 09152026 0642 06
   11411  I 09152026 0642 02
   10841  I 09152026 0642 05
   01452  I 09152026 0642 02
   10135  I 09152026 0642 05
   12056  I 09152026 0642 01
   12783  I 09152026 0643 05
   12191  I 09152026 0643 02
   12727  I 09152026 0643 06
   12723  I 09152026 0643 02
   12084  I 09152026 0643 02
   10827  I 09152026 0643 01
   11166  I 09152026 0644 01
   12350  I 09152026 0644 01
   12647  I 09152026 0644 01
   12188  I 09152026 0644 09
   10609  I 09152026 0644 05
   10669  I 09152026 0645 02
   12082  I 09152026 0645 05
   11937  I 09152026 0645 06
   10706  I 09152026 0645 05
   12066  I 09152026 0645 06
   12020  I 09152026 0645 06
   12146  I 09152026 0645 05
   10796  I 09152026 0645 02
   10794  I 09152026 0645 06
   10700  I 09152026 0645 06
   12639  I 09152026 0645 05
   10490  I 09152026 0645 06
   12631  I 09152026 0645 05
   03151  I 09152026 0646 01
   12255  I 09152026 0646 05
   10598  I 09152026 0646 06
   10469  I 09152026 0646 01
   12439  I 09152026 0646 02
   10017  I 09152026 0646 06
   11646  I 09152026 0646 06
   12049  I 09152026 0646 05
   10588  I 09152026 0646 06
   12376  I 09152026 0646 09
   10786  I 09152026 0646 05
   12763  I 09152026 0647 05
   12853  I 09152026 0647 06
   12373  I 09152026 0647 01
   12753  I 09152026 0647 05
   11687  I 09152026 0647 01
   01456  I 09152026 0647 06
   03001  I 09152026 0648 05
   03120  I 09152026 0648 05
   11784  I 09152026 0648 06
   03123  I 09152026 0648 06
   12383  I 09152026 0648 02
   12221  I 09152026 0648 09
   12569  I 09152026 0649 05
   11495  I 09152026 0649 02
   12578  I 09152026 0649 01
   03085  I 09152026 0649 06
   12341  I 09152026 0649 02
   12372  I 09152026 0649 02
   12901  I 09152026 0650 06
   10678  I 09152026 0650 02
   01499  I 09152026 0650 06
   11169  I 09152026 0650 02
   12206  I 09152026 0650 01
   12275  I 09152026 0651 05
   11408  I 09152026 0651 02
   01374  I 09152026 0651 01
   12135  I 09152026 0651 01
   12807  I 09152026 0651 06
   10384  I 09152026 0651 05
   03124  I 09152026 0651 06
   12076  I 09152026 0651 01
   01415  I 09152026 0652 05
   12670  I 09152026 0652 01
   01492  I 09152026 0652 06
   12184  I 09152026 0652 01
   12716  I 09152026 0652 05
   12582  I 09152026 0652 06
   12538  I 09152026 0652 02
   12543  I 09152026 0652 06
   12123  I 09152026 0652 05
   03058  I 09152026 0653 06
   12416  I 09152026 0653 06
   11519  I 09152026 0653 06
   12254  I 09152026 0653 05
   12305  I 09152026 0653 06
   10581  I 09152026 0653 05
   03077  I 09152026 0654 06
   12798  I 09152026 0654 02
   10261  I 09152026 0654 05
   11537  I 09152026 0654 06
   12298  I 09152026 0654 02
   12666  I 09152026 0654 01
   12829  I 09152026 0654 01
   12624  I 09152026 0654 01
   12805  I 09152026 0654 05
   12371  I 09152026 0654 05
   10232  I 09152026 0655 02
   12125  I 09152026 0655 01
   12116  I 09152026 0655 06
   11496  I 09152026 0655 05
   10830  I 09152026 0655 01
   12698  I 09152026 0655 02
   12819  I 09152026 0655 06
   10407  I 09152026 0655 10
   03012  I 09152026 0655 06
   12614  I 09152026 0655 01
   10245  I 09152026 0656 01
   12757  I 09152026 0656 06
   12555  I 09152026 0656 05
   11652  I 09152026 0656 01
   10287  I 09152026 0656 06
   03080  I 09152026 0656 02
   12665  I 09152026 0656 01
   11692  I 09152026 0656 02
   12818  I 09152026 0656 01
   12187  I 09152026 0657 02
   01405  I 09152026 0657 06
   11168  I 09152026 0657 06
   10611  I 09152026 0657 09
   03136  I 09152026 0658 01
   12238  I 09152026 0658 02
   12462  I 09152026 0658 01
   12375  I 09152026 0658 01
   10148  I 09152026 0658 05
   12293  I 09152026 0658 05
   11522  I 09152026 0659 02
   12877  I 09152026 0659 01
   10334  I 09152026 0659 02
   12204  I 09152026 0659 01
   12721  I 09152026 0659 02
   12080  O 09152026 0700 07
   12460  O 09152026 0700 04
   11693  O 09152026 0700 11
   10831  O 09152026 0700 12
   10306  O 09152026 0700 03
   12808  O 09152026 0700 08
   10291  O 09152026 0700 07
   12496  O 09152026 0700 14
   10825  O 09152026 0700 08
   12357  O 09152026 0700 04
   10070  O 09152026 0700 11
   12672  O 09152026 0700 03
   12473  O 09152026 0700 14
   03059  O 09152026 0700 07
   12501  O 09152026 0700 08
   12260  O 09152026 0700 12
   10658  O 09152026 0700 11
   12622  O 09152026 0700 04
   12130  O 09152026 0700 03
   01357  O 09152026 0700 08
   12557  I 09152026 0700 01
   12890  O 09152026 0700 11
   12815  O 09152026 0700 07
   12861  O 09152026 0700 12
   11777  O 09152026 0700 08
   12531  O 09152026 0700 03
   10386  O 09152026 0700 04
   12894  O 09152026 0700 11
   12888  O 09152026 0700 07
   10358  O 09152026 0700 12
   12615  O 09152026 0700 08
   10712  I 09152026 0700 06
   12576  O 09152026 0700 04
   10133  O 09152026 0700 12
   03018  O 09152026 0700 07
   12456  O 09152026 0700 03
   12821  O 09152026 0700 11
   12601  O 09152026 0700 04
   01402  O 09152026 0700 08
   12540  O 09152026 0700 03
   10795  O 09152026 0700 07
   12339  O 09152026 0700 11
   12845  O 09152026 0700 12
   12820  O 09152026 0700 14
   12558  O 09152026 0700 04
   12131  O 09152026 0700 03
   12475  O 09152026 0700 11
   01481  O 09152026 0700 07
   10522  O 09152026 0700 08
   12370  O 09152026 0700 12
   12369  O 09152026 0700 12
   10221  O 09152026 0700 03
   12299  O 09152026 0700 11
   10234  O 09152026 0700 04
   10839  O 09152026 0700 08
   12259  O 09152026 0700 04
   03112  O 09152026 0700 07
   12732  O 09152026 0700 11
   12852  O 09152026 0700 12
   11774  O 09152026 0700 08
   12724  O 09152026 0700 03
   10780  O 09152026 0701 12
   12266  O 09152026 0701 04
   12368  O 09152026 0701 11
   11392  O 09152026 0701 07
   11250  O 09152026 0701 12
   12055  O 09152026 0701 03
   12722  O 09152026 0701 07
   10467  O 09152026 0701 04
   12353  O 09152026 0701 08
   12342  O 09152026 0701 12
   12742  O 09152026 0701 03
   12627  O 09152026 0701 04
   12185  O 09152026 0701 11
   03167  O 09152026 0701 08
   10788  O 09152026 0701 07
   12961  O 09152026 0701 12
   12021  O 09152026 0701 11
   01396  O 09152026 0701 08
   12058  O 09152026 0701 03
   12638  O 09152026 0701 11
   01433  O 09152026 0701 07
   09833  O 09152026 0701 12
   03102  I 09152026 0701 01
   10333  O 09152026 0701 03
   10378  I 09152026 0701 02
   12731  O 09152026 0701 12
   12112  O 09152026 0701 11
   01335  O 09152026 0701 08
   12611  I 09152026 0701 02
   03161  I 09152026 0701 01
   10264  O 09152026 0701 11
   12306  O 09152026 0701 04
   12946  O 09152026 0701 08
   12069  O 09152026 0701 11
   12115  O 09152026 0701 04
   12677  O 09152026 0701 07
   01425  O 09152026 0701 12
   11719  O 09152026 0701 04
   03172  O 09152026 0701 11
   10202  O 09152026 0701 03
   12737  I 09152026 0701 01
   12725  O 09152026 0701 04
   12433  O 09152026 0702 03
   10222  O 09152026 0702 07
   10696  I 09152026 0702 01
   12816  O 09152026 0702 04
   12695  O 09152026 0702 03
   11398  O 09152026 0702 12
   11221  I 09152026 0702 01
   12689  O 09152026 0702 07
   11688  O 09152026 0702 04
   12694  I 09152026 0702 02
   10055  I 09152026 0702 01
   01459  O 09152026 0702 12
   12289  O 09152026 0702 08
   11400  O 09152026 0702 11
   12500  O 09152026 0702 03
   12584  I 09152026 0702 06
   12098  O 09152026 0702 08
   12595  O 09152026 0702 12
   11943  I 09152026 0702 05
   12081  O 09152026 0702 07
   12688  O 09152026 0702 08
   10724  O 09152026 0703 03
   10573  O 09152026 0703 04
   12828  O 09152026 0703 07
   10094  O 09152026 0703 03
   12133  O 09152026 0703 04
   10466  I 09152026 0703 02
   12151  I 09152026 0703 01
   12244  O 09152026 0703 04
   10811  O 09152026 0703 12
   12141  I 09152026 0703 02
   09676  O 09152026 0703 04
   12854  O 09152026 0703 11
   10640  I 09152026 0703 01
   11404  O 09152026 0703 12
   01483  O 09152026 0703 08
   10091  O 09152026 0703 08
   10086  O 09152026 0703 07
   10585  O 09152026 0703 04
   03101  I 09152026 0703 02
   12471  O 09152026 0703 11
   12074  O 09152026 0704 04
   10383  O 09152026 0704 11
   12269  O 09152026 0704 07
   12657  I 09152026 0704 06
   12736  O 09152026 0704 12
   12661  O 09152026 0704 07
   10505  O 09152026 0704 08
   01471  O 09152026 0704 07
   12652  O 09152026 0704 11
   12489  O 09152026 0704 12
   11355  I 09152026 0704 01
   01369  I 09152026 0704 02
   03126  O 09152026 0704 03
   12799  O 09152026 0704 07
   10787  O 09152026 0704 08
   12886  O 09152026 0705 03
   12874  O 09152026 0705 04
   12630  O 09152026 0705 08
   10765  O 09152026 0705 07
   12113  O 09152026 0705 11
   12343  O 09152026 0705 08
   03118  O 09152026 0705 07
   03179  O 09152026 0705 12
   01325  O 09152026 0705 08
   12186  O 09152026 0705 07
   12230  I 09152026 0705 01
   01477  O 09152026 0705 12
   03026  O 09152026 0705 11
   11768  O 09152026 0705 08
   10046  O 09152026 0705 03
   03010  O 09152026 0705 07
   12846  O 09152026 0705 12
   11789  O 09152026 0705 08
   01422  O 09152026 0705 07
   12059  O 09152026 0705 04
   01379  O 09152026 0705 08
   12307  O 09152026 0706 11
   12738  O 09152026 0706 03
   01448  O 09152026 0706 03
   01341  I 09152026 0706 01
   12088  O 09152026 0706 12
   12248  O 09152026 0706 03
   12717  I 09152026 0706 05
   12544  O 09152026 0706 11
   10612  O 09152026 0706 14
   03141  O 09152026 0706 12
   03108  O 09152026 0706 11
   12153  I 09152026 0706 02
   11933  O 09152026 0706 04
   03035  O 09152026 0706 11
   12640  I 09152026 0707 02
   12851  O 09152026 0707 12
   10791  O 09152026 0707 07
   11223  O 09152026 0707 08
   12674  O 09152026 0707 12
   01479  O 09152026 0707 04
   12651  O 09152026 0708 11
   12706  I 09152026 0708 02
   10373  O 09152026 0708 12
   11726  O 09152026 0708 03
   03039  O 09152026 0708 08
   12741  O 09152026 0709 03
   03088  O 09152026 0709 04
   12546  O 09152026 0709 12
   01511  O 09152026 0710 03
   12804  O 09152026 0710 04
   10073  O 09152026 0710 12
   12790  O 09152026 0711 03
   12792  O 09152026 0711 03
   12920  O 09152026 0711 03
   12814  O 09152026 0711 04
   12205  O 09152026 0712 03
   12957  O 09152026 0712 04
   12241  O 09152026 0712 04
   12824  O 09152026 0712 03
   12397  O 09152026 0712 04
   12873  O 09152026 0712 03
   12927  O 09152026 0712 04
   12802  O 09152026 0712 03
   12904  O 09152026 0712 04
   03030  O 09152026 0712 14
   11494  O 09152026 0713 11
   12871  O 09152026 0713 03
   12862  O 09152026 0713 04
   11222  O 09152026 0714 03
   12826  O 09152026 0715 04
   12786  O 09152026 0715 03
   12396  O 09152026 0715 03
   12943  O 09152026 0716 03
   12415  O 09152026 0717 12
   12246  O 09152026 0717 08
   12754  O 09152026 0717 08
   12463  O 09152026 0719 12
   12359  O 09152026 0720 07
   12189  O 09152026 0720 08
