03098  O 09012026 0000 07
12247  I 09012026 0235 01
01454  I 09012026 0457 01
10642  I 09012026 0510 05
09823  I 09012026 0524 06
11690  I 09012026 0537 05
12678  I 09012026 0538 06
12307  I 09012026 0544 06
12249  I 09012026 0545 05
03151  I 09012026 0547 01
03007  I 09012026 0548 06
12628  I 09012026 0553 05
12967  I 09012026 0558 05
12673  I 09012026 0559 05
01495  I 09012026 0559 06
12844  I 09012026 0601 02
11935  I 09012026 0601 06
12823  I 09012026 0602 01
12532  I 09012026 0602 05
12929  I 09012026 0603 01
11267  I 09012026 0603 01
03148  I 09012026 0603 02
10809  I 09012026 0604 01
12924  I 09012026 0605 02
01231  I 09012026 0605 05
11848  I 09012026 0605 06
11607  I 09012026 0606 06
03141  I 09012026 0607 05
01413  I 09012026 0607 06
01423  I 09012026 0608 05
12759  I 09012026 0610 02
01355  I 09012026 0611 05
11387  I 09012026 0611 05
12632  I 09012026 0611 05
12965  I 09012026 0613 02
03120  I 09012026 0613 05
10224  I 09012026 0614 05
01344  I 09012026 0615 05
10736  I 09012026 0617 01
12814  I 09012026 0617 02
12711  I 09012026 0617 06
12897  I 09012026 0618 01
12205  I 09012026 0618 01
12863  I 09012026 0618 01
12898  I 09012026 0618 02
12963  I 09012026 0618 02
12889  I 09012026 0618 05
01481  I 09012026 0618 05
12291  I 09012026 0619 01
12823  O 09012026 0619 03
10140  I 09012026 0619 05
12812  I 09012026 0619 06
03122  I 09012026 0619 06
01428  I 09012026 0620 05
03153  I 09012026 0620 06
03152  I 09012026 0620 06
12334  I 09012026 0621 02
03053  I 09012026 0621 05
11942  I 09012026 0621 06
12872  I 09012026 0622 01
12950  I 09012026 0622 02
12461  I 09012026 0623 05
12938  I 09012026 0623 06
12612  I 09012026 0624 02
12731  I 09012026 0624 05
11493  I 09012026 0624 05
10766  I 09012026 0624 06
10726  I 09012026 0625 01
11498  I 09012026 0625 05
12610  I 09012026 0625 06
12595  I 09012026 0626 06
10054  I 09012026 0627 01
10199  I 09012026 0627 05
12578  I 09012026 0628 02
12668  I 09012026 0629 01
12809  I 09012026 0629 05
12869  I 09012026 0629 05
12840  I 09012026 0629 06
11936  I 09012026 0629 06
12374  I 09012026 0630 01
12355  I 09012026 0630 02
11250  I 09012026 0630 05
12353  I 09012026 0630 05
10847  I 09012026 0630 05
10605  I 09012026 0630 06
11390  I 09012026 0630 06
03037  I 09012026 0630 06
12693  I 09012026 0630 06
10240  I 09012026 0631 05
01302  I 09012026 0631 06
11940  I 09012026 0631 06
10309  I 09012026 0631 06
03061  I 09012026 0631 06
12692  I 09012026 0632 01
12647  I 09012026 0633 01
10641  I 09012026 0633 05
12858  I 09012026 0633 05
01339  I 09012026 0633 06
12128  I 09012026 0633 06
12236  I 09012026 0634 05
12653  I 09012026 0634 05
10754  I 09012026 0634 06
10759  I 09012026 0634 06
12080  I 09012026 0634 06
12810  I 09012026 0634 06
10576  I 09012026 0635 01
12317  I 09012026 0635 02
12255  I 09012026 0635 05
10357  I 09012026 0635 06
12234  I 09012026 0635 06
12069  I 09012026 0635 06
12820  I 09012026 0635 06
01356  I 09012026 0636 01
03027  I 09012026 0636 05
10219  I 09012026 0636 05
12056  I 09012026 0636 06
10791  I 09012026 0637 02
12650  I 09012026 0637 05
10839  I 09012026 0637 06
03168  I 09012026 0638 05
10609  I 09012026 0638 05
01232  I 09012026 0638 06
10673  I 09012026 0638 06
10775  I 09012026 0638 06
12642  I 09012026 0638 06
12804  I 09012026 0639 01
10827  I 09012026 0639 01
12669  I 09012026 0639 05
10786  I 09012026 0639 05
12066  I 09012026 0639 06
10700  I 09012026 0639 06
12350  I 09012026 0640 01
10604  I 09012026 0640 01
12829  I 09012026 0640 02
12849  I 09012026 0640 05
10135  I 09012026 0640 05
12718  I 09012026 0641 01
10318  I 09012026 0641 01
10243  I 09012026 0641 02
12485  I 09012026 0641 05
12208  I 09012026 0641 05
11863  I 09012026 0641 06
10607  I 09012026 0642 01
12376  I 09012026 0642 01
10675  I 09012026 0642 01
12855  I 09012026 0642 01
12793  I 09012026 0642 02
12451  I 09012026 0642 02
12926  I 09012026 0642 02
12568  I 09012026 0642 06
11724  I 09012026 0643 01
12084  I 09012026 0643 01
03078  I 09012026 0643 01
10405  I 09012026 0643 01
11776  I 09012026 0643 01
12191  I 09012026 0643 02
01483  I 09012026 0643 02
11402  I 09012026 0643 05
01446  I 09012026 0643 05
01373  I 09012026 0643 05
12090  I 09012026 0643 06
12764  I 09012026 0643 06
12142  I 09012026 0643 06
12183  I 09012026 0643 06
12222  I 09012026 0643 10
10523  I 09012026 0644 01
10678  I 09012026 0644 01
12217  I 09012026 0644 01
01504  I 09012026 0644 02
01470  I 09012026 0644 05
10073  I 09012026 0644 05
12724  I 09012026 0644 05
10026  I 09012026 0645 01
10050  I 09012026 0645 02
11166  I 09012026 0645 02
01436  I 09012026 0645 05
11937  I 09012026 0645 06
10796  I 09012026 0646 01
12530  I 09012026 0646 02
03104  I 09012026 0646 05
10841  I 09012026 0646 05
11534  I 09012026 0646 06
12816  I 09012026 0647 01
12919  I 09012026 0647 01
12439  I 09012026 0647 02
12351  I 09012026 0647 02
12138  I 09012026 0647 02
12553  I 09012026 0647 05
10223  I 09012026 0647 05
12598  I 09012026 0647 06
11404  I 09012026 0647 06
11784  I 09012026 0647 06
12726  I 09012026 0647 06
12359  I 09012026 0647 06
10261  I 09012026 0648 05
10588  I 09012026 0648 05
11780  I 09012026 0648 06
12827  I 09012026 0649 01
12695  I 09012026 0649 02
12639  I 09012026 0649 05
11879  I 09012026 0649 06
12433  I 09012026 0650 01
12670  I 09012026 0650 01
12112  I 09012026 0650 02
12206  I 09012026 0650 02
12156  I 09012026 0650 02
12156  O 09012026 0650 03
10449  I 09012026 0650 05
01345  I 09012026 0650 06
12716  I 09012026 0650 06
12349  I 09012026 0651 01
12682  I 09012026 0651 05
12961  I 09012026 0651 06
12244  I 09012026 0652 02
11772  I 09012026 0652 05
03058  I 09012026 0652 06
12237  I 09012026 0652 06
12575  I 09012026 0652 06
12818  I 09012026 0653 01
12538  I 09012026 0653 02
03032  I 09012026 0653 02
11408  I 09012026 0653 02
12710  I 09012026 0653 05
11496  I 09012026 0653 05
10232  I 09012026 0654 01
12059  I 09012026 0654 01
12085  I 09012026 0654 02
12805  I 09012026 0654 05
10697  I 09012026 0654 05
12720  I 09012026 0654 05
10091  I 09012026 0654 05
12413  I 09012026 0654 06
12474  I 09012026 0654 06
10785  I 09012026 0654 06
11221  I 09012026 0655 01
03017  I 09012026 0655 01
12476  I 09012026 0655 02
12293  I 09012026 0655 05
12629  I 09012026 0655 05
12736  I 09012026 0655 05
11494  I 09012026 0655 06
12187  I 09012026 0656 02
03103  I 09012026 0656 02
10574  I 09012026 0656 05
10728  I 09012026 0656 06
11765  I 09012026 0656 06
10712  I 09012026 0656 06
10611  I 09012026 0656 09
10146  I 09012026 0657 02
01351  I 09012026 0657 05
12488  I 09012026 0657 05
12122  I 09012026 0657 06
10808  I 09012026 0657 06
12486  I 09012026 0657 06
12706  I 09012026 0658 01
11286  I 09012026 0658 01
10350  I 09012026 0658 01
10169  I 09012026 0658 02
12699  I 09012026 0658 02
12755  I 09012026 0658 02
10407  I 09012026 0658 02
12699  O 09012026 0658 03
11943  I 09012026 0658 05
12657  I 09012026 0658 06
12846  I 09012026 0659 01
01374  I 09012026 0659 01
01367  I 09012026 0659 01
11650  I 09012026 0659 01
12341  I 09012026 0659 02
11522  I 09012026 0659 02
01415  I 09012026 0659 05
12742  I 09012026 0700 01
12737  I 09012026 0700 01
10055  I 09012026 0700 01
12337  I 09012026 0700 02
12694  I 09012026 0700 02
10573  I 09012026 0700 02
11355  I 09012026 0700 02
10817  I 09012026 0700 02
12625  O 09012026 0700 03
12057  O 09012026 0700 03
12189  O 09012026 0700 03
12021  O 09012026 0700 04
12543  O 09012026 0700 04
12722  I 09012026 0700 06
10333  O 09012026 0700 07
11693  O 09012026 0700 07
12501  O 09012026 0700 07
12502  O 09012026 0700 07
12098  O 09012026 0700 07
12471  O 09012026 0700 07
12664  O 09012026 0700 07
11694  O 09012026 0700 08
12813  O 09012026 0700 08
11169  O 09012026 0700 08
10825  O 09012026 0700 08
10083  O 09012026 0700 08
12370  O 09012026 0700 11
10383  O 09012026 0700 11
10133  O 09012026 0700 12
10658  O 09012026 0700 14
03030  O 09012026 0700 14
12049  O 09012026 0700 14
10706  O 09012026 0700 14
12184  O 09012026 0700 14
12496  O 09012026 0700 14
10466  I 09012026 0701 01
12630  I 09012026 0701 02
11537  O 09012026 0701 07
12894  O 09012026 0701 07
12821  O 09012026 0701 07
12020  O 09012026 0701 08
10794  O 09012026 0701 08
12339  O 09012026 0701 08
12475  O 09012026 0701 08
12298  O 09012026 0701 11
12299  O 09012026 0701 11
11692  I 09012026 0702 01
10608  I 09012026 0702 01
12302  I 09012026 0702 01
10145  I 09012026 0702 01
01369  I 09012026 0702 01
12147  I 09012026 0702 02
11519  I 09012026 0702 02
12951  O 09012026 0702 03
03068  O 09012026 0702 04
12097  I 09012026 0702 05
12230  I 09012026 0703 01
12803  I 09012026 0703 02
12497  O 09012026 0703 03
12832  O 09012026 0703 03
03161  O 09012026 0703 03
01295  O 09012026 0703 04
11687  O 09012026 0703 04
10705  I 09012026 0703 06
11688  O 09012026 0703 07
03124  O 09012026 0703 11
12503  O 09012026 0703 11
12247  O 09012026 0703 11
12472  O 09012026 0703 14
12819  O 09012026 0703 14
12877  I 09012026 0704 01
12545  I 09012026 0704 01
12667  I 09012026 0704 01
10334  I 09012026 0704 02
12372  O 09012026 0704 03
12373  O 09012026 0704 04
03062  O 09012026 0704 12
12096  I 09012026 0705 01
12368  I 09012026 0705 01
12141  I 09012026 0705 02
12790  I 09012026 0705 02
12640  I 09012026 0705 02
12623  I 09012026 0706 01
12199  I 09012026 0706 02
10640  O 09012026 0706 04
12717  I 09012026 0706 05
11725  O 09012026 0707 03
12371  O 09012026 0707 08
10264  O 09012026 0708 11
10245  O 09012026 0709 03
01432  O 09012026 0710 08
10094  O 09012026 0711 03
01365  O 09012026 0711 08
12546  O 09012026 0713 12
12375  O 09012026 0715 08
12325  O 09012026 0723 11
01449  O 09012026 0725 08
10490  O 09012026 0730 07
01456  O 09012026 0731 07
01276  O 09012026 0734 03
01512  O 09012026 0736 12
12136  O 09012026 0745 03
11652  O 09012026 0809 04
12851  I 09012026 0822 05
12725  I 09012026 0957 01
12305  I 09012026 1048 06
12622  I 09012026 1053 01
12463  I 09012026 1053 09
12735  I 09012026 1128 05
12841  I 09012026 1142 01
09704  I 09012026 1151 06
01417  I 09012026 1157 01
03098  I 09012026 1242 05
03039  I 09012026 1256 05
11776  O 09012026 1301 08
10202  I 09012026 1310 06
01312  I 09012026 1315 05
12903  I 09012026 1318 01
03172  I 09012026 1322 05
01402  I 09012026 1324 05
12306  I 09012026 1325 05
12289  I 09012026 1326 06
12822  I 09012026 1328 01
12624  I 09012026 1333 01
03135  I 09012026 1335 01
12256  I 09012026 1335 05
12260  I 09012026 1338 06
12396  I 09012026 1342 02
10612  I 09012026 1343 06
12871  I 09012026 1344 06
12688  I 09012026 1345 06
12847  I 09012026 1349 06
01335  I 09012026 1350 05
03179  I 09012026 1355 05
10070  I 09012026 1355 05
01333  I 09012026 1356 05
12130  I 09012026 1358 05
01357  I 09012026 1358 06
12246  I 09012026 1400 05
10306  I 09012026 1401 02
11768  I 09012026 1401 06
11933  I 09012026 1404 01
12802  I 09012026 1405 02
03167  I 09012026 1405 05
12531  I 09012026 1405 06
12672  I 09012026 1406 01
12185  I 09012026 1407 01
12496  I 09012026 1407 06
12800  I 09012026 1408 01
12920  I 09012026 1408 01
12627  I 09012026 1408 01
12927  I 09012026 1408 02
12845  I 09012026 1408 05
12808  I 09012026 1408 05
12342  I 09012026 1408 06
10795  I 09012026 1408 06
09833  I 09012026 1410 05
12824  I 09012026 1411 01
12922  I 09012026 1411 01
12823  I 09012026 1411 02
12162  I 09012026 1411 02
12677  I 09012026 1411 05
12390  I 09012026 1412 02
10333  I 09012026 1414 05
10358  I 09012026 1415 05
10221  I 09012026 1416 02
03035  I 09012026 1416 05
12890  I 09012026 1418 05
12475  I 09012026 1418 06
12826  I 09012026 1419 01
12786  I 09012026 1419 01
12962  I 09012026 1419 02
11223  I 09012026 1419 06
12058  I 09012026 1420 01
12266  I 09012026 1420 02
11400  I 09012026 1420 05
12544  I 09012026 1420 05
10386  I 09012026 1421 02
11774  I 09012026 1421 02
12149  I 09012026 1422 05
12558  I 09012026 1422 06
12460  I 09012026 1423 02
10831  I 09012026 1423 05
10831  O 09012026 1423 07
12651  I 09012026 1424 06
12674  I 09012026 1424 06
12785  I 09012026 1425 01
01317  I 09012026 1425 02
11538  I 09012026 1425 05
12732  I 09012026 1425 06
12113  I 09012026 1425 06
12949  I 09012026 1426 01
12754  I 09012026 1426 05
01479  I 09012026 1426 06
12853  I 09012026 1427 05
01325  I 09012026 1429 01
12055  I 09012026 1429 02
12473  I 09012026 1429 05
11726  I 09012026 1430 01
01448  I 09012026 1430 02
12074  I 09012026 1430 02
12186  I 09012026 1430 05
12792  I 09012026 1431 01
10373  I 09012026 1432 01
12594  I 09012026 1432 06
10585  I 09012026 1433 02
11928  I 09012026 1433 05
12946  I 09012026 1433 06
12151  I 09012026 1434 01
12873  I 09012026 1435 01
12615  I 09012026 1435 05
12576  I 09012026 1435 05
12343  I 09012026 1435 06
12690  I 09012026 1436 05
12661  I 09012026 1436 05
12854  I 09012026 1436 06
12115  I 09012026 1437 01
01510  I 09012026 1437 01
03026  I 09012026 1438 01
03059  I 09012026 1438 05
12878  I 09012026 1439 01
10378  I 09012026 1439 01
12131  I 09012026 1439 02
12888  I 09012026 1439 05
10291  I 09012026 1439 06
12501  I 09012026 1439 06
10234  I 09012026 1440 01
12741  I 09012026 1440 02
11946  I 09012026 1440 05
01396  I 09012026 1440 05
12472  I 09012026 1440 06
11787  I 09012026 1440 06
12259  I 09012026 1440 06
12601  I 09012026 1441 02
12689  I 09012026 1441 05
11392  I 09012026 1441 06
10788  I 09012026 1441 06
01433  I 09012026 1441 06
12556  I 09012026 1442 01
12904  I 09012026 1442 02
03108  I 09012026 1442 09
10222  I 09012026 1443 05
12862  I 09012026 1444 01
01422  I 09012026 1444 01
11222  I 09012026 1444 02
12825  I 09012026 1445 01
12188  I 09012026 1445 02
01379  I 09012026 1445 02
12540  I 09012026 1445 05
10522  I 09012026 1445 06
12943  I 09012026 1446 01
10086  I 09012026 1446 05
10780  I 09012026 1446 05
11777  I 09012026 1446 05
03118  I 09012026 1446 06
12852  I 09012026 1446 06
11926  I 09012026 1447 05
12652  I 09012026 1448 02
12049  I 09012026 1449 05
12088  I 09012026 1449 09
01327  I 09012026 1450 01
01477  I 09012026 1450 05
10765  I 09012026 1450 06
03126  I 09012026 1450 06
12248  I 09012026 1451 01
12815  I 09012026 1451 05
01382  I 09012026 1451 05
11688  I 09012026 1451 06
11398  I 09012026 1451 06
12021  I 09012026 1453 02
12133  I 09012026 1454 01
03010  I 09012026 1454 05
11789  I 09012026 1454 06
12799  I 09012026 1455 01
12638  I 09012026 1455 02
10094  I 09012026 1455 02
10505  I 09012026 1456 01
01296  I 09012026 1456 13
12325  I 09012026 1457 01
12357  I 09012026 1457 02
12456  I 09012026 1459 01
12886  I 09012026 1500 01
12874  I 09012026 1500 02
10809  O 09012026 1500 03
11650  O 09012026 1500 03
12693  O 09012026 1500 03
12668  O 09012026 1500 03
12647  O 09012026 1500 03
11607  O 09012026 1500 03
11408  O 09012026 1500 03
10243  O 09012026 1500 04
10318  O 09012026 1500 04
11724  O 09012026 1500 04
12759  O 09012026 1500 04
12206  O 09012026 1500 04
12858  O 09012026 1500 07
12720  O 09012026 1500 07
03037  O 09012026 1500 07
10728  O 09012026 1500 07
01351  O 09012026 1500 07
12578  O 09012026 1500 07
10224  O 09012026 1500 07
12080  O 09012026 1500 07
12474  O 09012026 1500 07
12056  O 09012026 1500 08
03053  O 09012026 1500 08
12461  O 09012026 1500 08
01470  O 09012026 1500 08
10700  O 09012026 1500 08
01344  O 09012026 1500 08
12368  O 09012026 1500 08
11879  O 09012026 1500 11
11498  O 09012026 1500 11
12869  O 09012026 1500 11
12598  O 09012026 1500 11
12610  O 09012026 1500 11
01495  O 09012026 1500 12
12485  O 09012026 1500 12
10309  O 09012026 1500 12
10754  O 09012026 1500 14
01355  O 09012026 1501 03
11780  O 09012026 1501 03
11221  O 09012026 1501 03
12355  O 09012026 1501 03
12844  O 09012026 1501 03
10607  O 09012026 1501 03
12699  O 09012026 1501 03
10523  O 09012026 1501 03
12755  O 09012026 1501 03
12612  O 09012026 1501 03
12961  O 09012026 1501 04
12667  O 09012026 1501 04
12736  O 09012026 1501 04
03032  O 09012026 1501 04
12575  O 09012026 1501 04
12538  O 09012026 1501 04
12764  O 09012026 1501 07
10791  O 09012026 1501 07
10673  O 09012026 1501 07
01436  O 09012026 1501 07
10775  O 09012026 1501 07
10766  O 09012026 1501 07
12731  O 09012026 1501 07
11534  O 09012026 1501 08
10145  O 09012026 1501 08
12722  O 09012026 1501 08
03168  O 09012026 1501 08
10642  O 09012026 1501 08
10641  O 09012026 1501 08
03122  O 09012026 1501 11
12673  O 09012026 1501 11
03027  O 09012026 1501 11
11940  O 09012026 1501 11
12553  O 09012026 1501 11
12678  O 09012026 1501 11
03007  O 09012026 1501 11
12967  O 09012026 1501 12
12846  O 09012026 1501 12
12820  O 09012026 1501 14
10046  I 09012026 1502 01
11719  I 09012026 1502 01
10724  I 09012026 1502 02
12818  O 09012026 1502 03
12718  O 09012026 1502 03
12898  O 09012026 1502 03
12929  O 09012026 1502 03
12924  O 09012026 1502 03
10827  O 09012026 1502 03
12476  O 09012026 1502 03
12670  O 09012026 1502 04
12877  O 09012026 1502 04
12236  O 09012026 1502 04
12872  O 09012026 1502 04
12863  O 09012026 1502 04
12963  O 09012026 1502 04
12351  O 09012026 1502 04
12706  O 09012026 1502 07
12237  O 09012026 1502 07
11772  O 09012026 1502 07
12629  O 09012026 1502 07
11942  O 09012026 1502 07
12090  O 09012026 1502 07
12840  O 09012026 1502 08
01302  O 09012026 1502 08
12142  O 09012026 1502 08
12255  O 09012026 1502 08
01231  O 09012026 1502 08
12486  O 09012026 1502 11
12812  O 09012026 1502 12
12650  O 09012026 1502 12
12489  I 09012026 1503 02
12889  O 09012026 1503 03
12827  O 09012026 1503 03
12919  O 09012026 1503 03
12694  O 09012026 1503 03
12138  O 09012026 1503 03
12950  O 09012026 1503 03
01369  O 09012026 1503 03
12302  O 09012026 1503 04
12530  O 09012026 1503 04
12199  O 09012026 1503 04
12205  O 09012026 1503 04
12965  O 09012026 1503 04
10240  O 09012026 1503 07
12849  O 09012026 1503 07
11765  O 09012026 1503 08
12716  O 09012026 1503 08
12726  O 09012026 1503 11
10350  O 09012026 1503 12
11404  O 09012026 1503 12
12653  O 09012026 1503 12
12682  O 09012026 1503 12
12642  O 09012026 1503 12
12359  O 09012026 1503 12
12758  I 09012026 1504 02
12337  O 09012026 1504 03
12147  O 09012026 1504 04
11166  O 09012026 1504 04
12790  O 09012026 1504 04
01428  O 09012026 1504 07
10808  O 09012026 1504 07
12413  O 09012026 1504 07
10146  O 09012026 1504 08
11390  O 09012026 1504 08
01232  O 09012026 1504 11
10697  O 09012026 1504 11
11848  O 09012026 1504 11
01446  O 09012026 1504 11
11250  O 09012026 1504 12
10574  O 09012026 1504 12
09823  O 09012026 1504 12
12758  O 09012026 1505 03
10140  O 09012026 1505 08
01339  O 09012026 1505 12
12249  O 09012026 1505 12
12809  O 09012026 1505 12
12938  O 09012026 1505 12
12793  O 09012026 1506 03
10675  O 09012026 1506 03
10573  O 09012026 1506 04
03078  O 09012026 1506 07
12096  O 09012026 1507 04
01483  O 09012026 1507 08
03058  O 09012026 1507 08
03153  O 09012026 1507 11
01356  O 09012026 1508 03
12855  O 09012026 1508 03
01504  O 09012026 1508 04
12926  O 09012026 1508 04
10219  O 09012026 1508 08
01454  O 09012026 1508 08
10405  O 09012026 1508 11
01423  O 09012026 1508 11
12532  O 09012026 1508 12
11522  O 09012026 1509 04
12122  O 09012026 1509 04
11402  O 09012026 1510 07
12349  O 09012026 1511 03
10334  O 09012026 1511 08
12810  O 09012026 1512 11
12128  O 09012026 1512 12
11267  O 09012026 1513 12
12861  I 09012026 1514 05
10705  O 09012026 1515 11
03017  O 09012026 1517 07
12803  O 09012026 1518 07
10026  O 09012026 1518 08
11387  O 09012026 1519 07
01373  O 09012026 1519 08
10786  O 09012026 1521 08
01374  O 09012026 1522 04
03152  O 09012026 1525 04
12334  O 09012026 1527 08
01345  O 09012026 1528 07
01413  O 09012026 1553 12
03103  O 09012026 1554 04
12640  O 09012026 1600 08
10759  O 09012026 1611 08
10261  O 09012026 1616 11
10135  O 09012026 1625 12
10201  I 09012026 1658 05
12669  O 09012026 1700 07
12293  O 09012026 1700 07
12222  O 09012026 1700 08
10449  O 09012026 1700 14
10050  O 09012026 1701 04
10611  O 09012026 1701 07
11355  O 09012026 1701 08
10841  O 09012026 1701 14
10055  O 09012026 1701 14
11943  O 09012026 1702 07
01415  O 09012026 1702 14
11493  O 09012026 1705 14
10796  O 09012026 1707 03
10054  O 09012026 1710 04
11692  O 09012026 1710 07
12805  O 09012026 1714 07
10608  O 09012026 1716 12
11693  I 09012026 1756 05
12451  O 09012026 1800 03
12897  O 09012026 1800 03
12439  O 09012026 1800 04
12191  O 09012026 1800 08
10466  O 09012026 1801 11
03104  O 09012026 1801 14
01452  I 09012026 1803 02
12583  I 09012026 1804 06
01234  I 09012026 1817 01
10663  I 09012026 1820 05
12780  I 09012026 1822 06
12637  I 09012026 1825 06
12676  I 09012026 1826 05
01449  I 09012026 1827 05
12701  I 09012026 1831 01
03151  O 09012026 1831 03
10698  I 09012026 1832 05
12375  I 09012026 1839 01
10669  I 09012026 1841 02
12415  I 09012026 1843 06
12412  I 09012026 1843 06
10264  I 09012026 1844 05
12356  I 09012026 1845 02
12372  I 09012026 1846 02
11687  I 09012026 1850 01
12125  I 09012026 1856 02
12204  I 09012026 1858 02
12828  I 09012026 1859 01
12829  O 09012026 1900 03
12657  O 09012026 1900 03
12317  O 09012026 1900 03
12742  O 09012026 1900 03
12816  O 09012026 1900 03
10678  O 09012026 1900 04
10232  O 09012026 1900 04
10576  O 09012026 1900 04
12234  O 09012026 1900 04
11519  O 09012026 1900 07
12568  O 09012026 1900 12
12208  O 09012026 1900 12
12350  O 09012026 1901 03
12085  O 09012026 1901 03
10605  O 09012026 1901 07
12717  O 09012026 1901 07
11286  O 09012026 1901 07
11784  O 09012026 1901 08
10588  O 09012026 1901 12
12623  O 09012026 1902 03
12066  O 09012026 1902 08
11690  O 09012026 1902 08
12307  O 09012026 1902 11
10785  O 09012026 1902 12
03141  O 09012026 1902 12
12084  O 09012026 1903 03
12804  O 09012026 1903 04
12630  O 09012026 1903 12
12595  O 09012026 1903 12
10604  O 09012026 1904 03
12545  O 09012026 1904 03
10169  O 09012026 1904 11
10407  O 09012026 1904 12
12376  O 09012026 1904 12
12374  O 09012026 1905 04
03061  O 09012026 1906 12
11863  O 09012026 1909 12
03088  I 09012026 1911 01
12059  O 09012026 1912 04
12291  O 09012026 1917 03
12244  O 09012026 1917 07
10817  O 09012026 1936 07
10425  I 09012026 1940 01
10199  O 09012026 2000 07
12737  O 09012026 2000 07
12341  O 09012026 2000 08
12187  O 09012026 2000 08
12632  O 09012026 2001 08
12141  O 09012026 2006 12
12639  O 09012026 2009 12
10047  I 09012026 2049 06
10357  O 09012026 2100 07
12497  I 09012026 2108 01
11646  I 09012026 2113 06
12089  I 09012026 2127 05
12392  I 09012026 2130 05
10369  I 09012026 2131 06
10807  I 09012026 2133 01
01425  I 09012026 2139 06
12081  I 09012026 2142 05
12679  I 09012026 2152 05
12192  I 09012026 2152 05
10184  I 09012026 2153 06
10287  I 09012026 2154 06
12136  I 09012026 2158 01
12458  I 09012026 2159 01
12148  I 09012026 2159 02
01320  I 09012026 2159 06
12247  I 09012026 2201 01
10456  I 09012026 2201 05
12791  I 09012026 2202 02
12561  I 09012026 2203 02
12254  I 09012026 2204 05
01475  I 09012026 2205 01
03029  I 09012026 2205 06
10310  I 09012026 2205 06
03123  I 09012026 2205 06
12723  I 09012026 2206 01
12757  I 09012026 2206 06
12761  I 09012026 2207 02
11647  I 09012026 2207 05
10787  I 09012026 2207 06
10083  I 09012026 2207 06
01459  I 09012026 2209 05
12140  I 09012026 2209 06
11168  I 09012026 2209 06
12760  I 09012026 2210 01
12241  I 09012026 2210 02
12856  I 09012026 2211 01
10720  I 09012026 2211 06
03170  I 09012026 2212 01
12625  I 09012026 2213 05
12664  I 09012026 2213 06
10177  I 09012026 2214 05
12948  I 09012026 2215 01
12135  I 09012026 2215 01
11169  I 09012026 2215 05
10100  I 09012026 2215 05
12887  I 09012026 2216 05
12299  I 09012026 2216 05
12072  I 09012026 2217 01
12584  I 09012026 2217 05
01295  I 09012026 2220 01
12831  I 09012026 2220 02
12957  I 09012026 2221 01
01353  I 09012026 2221 06
01330  I 09012026 2221 06
01487  I 09012026 2222 02
01432  I 09012026 2222 05
03047  I 09012026 2222 05
12502  I 09012026 2223 06
10117  I 09012026 2224 05
12462  I 09012026 2225 05
10116  I 09012026 2225 05
12712  I 09012026 2225 05
12700  I 09012026 2226 01
12499  I 09012026 2226 02
12298  I 09012026 2226 06
03119  I 09012026 2227 06
12951  I 09012026 2228 01
12762  I 09012026 2229 01
12467  I 09012026 2229 02
12224  I 09012026 2229 05
12947  I 09012026 2230 01
10706  I 09012026 2230 05
11266  I 09012026 2230 05
10830  I 09012026 2231 01
12397  I 09012026 2231 02
12813  I 09012026 2231 06
03001  I 09012026 2231 09
10825  I 09012026 2232 06
12727  I 09012026 2232 06
12116  I 09012026 2232 06
12662  I 09012026 2233 02
01249  I 09012026 2233 05
12644  I 09012026 2233 06
12539  I 09012026 2233 06
12698  I 09012026 2234 01
12665  I 09012026 2234 02
12729  I 09012026 2234 05
12743  I 09012026 2235 05
10285  I 09012026 2235 06
12930  I 09012026 2236 01
12763  I 09012026 2236 02
12783  I 09012026 2236 05
10469  I 09012026 2237 02
03112  I 09012026 2237 06
03159  I 09012026 2237 09
12944  I 09012026 2238 01
12354  I 09012026 2238 05
10356  I 09012026 2238 05
12555  I 09012026 2238 05
11945  I 09012026 2238 06
12503  I 09012026 2239 01
12383  I 09012026 2239 02
12020  I 09012026 2239 06
12721  I 09012026 2240 02
10617  I 09012026 2240 05
10581  I 09012026 2240 05
10017  I 09012026 2240 06
10384  I 09012026 2241 05
10490  I 09012026 2241 06
10794  I 09012026 2241 06
12819  I 09012026 2241 06
11411  I 09012026 2242 02
12184  I 09012026 2242 06
12373  I 09012026 2243 01
12067  I 09012026 2243 05
03173  I 09012026 2243 06
12123  I 09012026 2243 10
12164  I 09012026 2244 02
01499  I 09012026 2244 06
12146  I 09012026 2245 01
12753  I 09012026 2246 05
12238  I 09012026 2246 05
03012  I 09012026 2246 06
12821  I 09012026 2246 06
12843  I 09012026 2247 01
12098  I 09012026 2247 02
03102  I 09012026 2248 01
10658  I 09012026 2248 05
11694  I 09012026 2248 05
12076  I 09012026 2249 01
03136  I 09012026 2249 01
12666  I 09012026 2249 02
12543  I 09012026 2249 05
12609  I 09012026 2249 06
12901  I 09012026 2249 06
01365  I 09012026 2250 06
12546  I 09012026 2251 05
12275  I 09012026 2251 06
01456  I 09012026 2251 06
12339  I 09012026 2252 05
01492  I 09012026 2252 06
12832  I 09012026 2253 01
12569  I 09012026 2254 01
03124  I 09012026 2254 02
12557  I 09012026 2255 01
11652  I 09012026 2255 01
12189  I 09012026 2255 05
12756  I 09012026 2255 06
11537  I 09012026 2255 06
10383  I 09012026 2255 06
12738  I 09012026 2256 01
10245  I 09012026 2256 01
11495  I 09012026 2256 02
12371  I 09012026 2256 05
10148  I 09012026 2256 05
12471  I 09012026 2256 06
12614  I 09012026 2257 01
03030  I 09012026 2257 02
03136  O 09012026 2257 03
01405  I 09012026 2257 06
12582  I 09012026 2257 06
11725  I 09012026 2258 01
03080  I 09012026 2258 05
12417  I 09012026 2258 06
10598  I 09012026 2258 06
03085  I 09012026 2258 06
01512  I 09012026 2259 01
12153  I 09012026 2259 01
10696  I 09012026 2259 01
03161  I 09012026 2259 01
12654  I 09012026 2259 06
10133  I 09012026 2259 09
10640  I 09012026 2300 01
12357  O 09012026 2300 03
12531  O 09012026 2300 03
12692  O 09012026 2300 03
12460  O 09012026 2300 03
12456  O 09012026 2300 03
12058  O 09012026 2300 03
12847  O 09012026 2300 03
12601  O 09012026 2300 03
12576  O 09012026 2300 03
12594  O 09012026 2300 04
12672  O 09012026 2300 04
12622  O 09012026 2300 04
12558  O 09012026 2300 04
12540  O 09012026 2300 04
10386  O 09012026 2300 04
11774  O 09012026 2300 04
12854  O 09012026 2300 04
10839  O 09012026 2300 07
10333  O 09012026 2300 07
12946  O 09012026 2300 07
01335  O 09012026 2300 07
01367  O 09012026 2300 07
03059  O 09012026 2300 07
10223  O 09012026 2300 07
12888  O 09012026 2300 07
11777  O 09012026 2300 07
01402  O 09012026 2300 07
12149  O 09012026 2300 08
12710  O 09012026 2300 08
10291  O 09012026 2300 08
01481  O 09012026 2300 08
01357  O 09012026 2300 08
12735  O 09012026 2300 08
12615  O 09012026 2300 08
12861  O 09012026 2300 11
11496  O 09012026 2300 11
12069  O 09012026 2300 11
11936  O 09012026 2300 11
12260  O 09012026 2300 12
12112  O 09012026 2300 12
12628  O 09012026 2300 12
12305  O 09012026 2300 12
10609  O 09012026 2300 12
12638  O 09012026 2300 12
10612  O 09012026 2300 14
01296  O 09012026 2300 14
12473  O 09012026 2300 14
03167  O 09012026 2300 14
12396  O 09012026 2301 03
03148  O 09012026 2301 03
12823  O 09012026 2301 03
12903  O 09012026 2301 03
12824  O 09012026 2301 03
12852  O 09012026 2301 03
12217  O 09012026 2301 03
12825  O 09012026 2301 03
12786  O 09012026 2301 04
10780  O 09012026 2301 04
12652  O 09012026 2301 04
12724  O 09012026 2301 04
12055  O 09012026 2301 04
12259  O 09012026 2301 04
12133  O 09012026 2301 04
12074  O 09012026 2301 04
12131  O 09012026 2301 04
11538  O 09012026 2301 07
10222  O 09012026 2301 07
10086  O 09012026 2301 07
12289  O 09012026 2301 07
12097  O 09012026 2301 07
12353  O 09012026 2301 07
12711  O 09012026 2301 07
11392  O 09012026 2301 07
12815  O 09012026 2301 08
03010  O 09012026 2301 08
10847  O 09012026 2301 08
10091  O 09012026 2301 08
12501  O 09012026 2301 08
12677  O 09012026 2301 08
10788  O 09012026 2301 08
10522  O 09012026 2301 08
12651  O 09012026 2301 11
12113  O 09012026 2301 11
03035  O 09012026 2301 11
12845  O 09012026 2301 11
12342  O 09012026 2301 11
01317  O 09012026 2301 12
01333  O 09012026 2301 12
01327  O 09012026 2301 12
01312  O 09012026 2301 12
12256  O 09012026 2301 12
09833  O 09012026 2301 12
12611  I 09012026 2302 01
10234  O 09012026 2302 03
09704  O 09012026 2302 03
12949  O 09012026 2302 03
12266  O 09012026 2302 03
12741  O 09012026 2302 03
01510  O 09012026 2302 03
12433  O 09012026 2302 03
12695  O 09012026 2302 03
12904  O 09012026 2302 04
10724  O 09012026 2302 04
12814  O 09012026 2302 04
12230  O 09012026 2302 04
12556  O 09012026 2302 04
01479  O 09012026 2302 04
12799  O 09012026 2302 04
11688  O 09012026 2302 07
12661  O 09012026 2302 07
10795  O 09012026 2302 07
10202  O 09012026 2302 08
01422  O 09012026 2302 08
10505  O 09012026 2302 08
01396  O 09012026 2302 08
12890  O 09012026 2302 08
01433  O 09012026 2302 08
12851  O 09012026 2302 11
10831  O 09012026 2302 12
03172  O 09012026 2302 12
01341  I 09012026 2303 01
03126  O 09012026 2303 03
10046  O 09012026 2303 03
12725  O 09012026 2303 03
12871  O 09012026 2303 03
12841  O 09012026 2303 03
12922  O 09012026 2303 04
12862  O 09012026 2303 04
12627  O 09012026 2303 11
11400  O 09012026 2303 12
12732  O 09012026 2303 12
10306  O 09012026 2304 03
12927  O 09012026 2304 03
12822  O 09012026 2304 03
12802  O 09012026 2304 03
12943  O 09012026 2304 03
12826  O 09012026 2304 03
11928  O 09012026 2304 04
12800  O 09012026 2304 04
12785  O 09012026 2304 04
12792  O 09012026 2304 04
03098  O 09012026 2304 07
11787  O 09012026 2304 08
10373  O 09012026 2304 11
11937  O 09012026 2304 11
12674  O 09012026 2304 12
12306  O 09012026 2305 03
10585  O 09012026 2305 04
10378  O 09012026 2305 04
12962  O 09012026 2305 04
11768  O 09012026 2305 08
01477  O 09012026 2305 11
03108  O 09012026 2305 11
03179  O 09012026 2305 12
12489  O 09012026 2305 12
11946  O 09012026 2305 12
03077  I 09012026 2306 02
12162  O 09012026 2306 03
11933  O 09012026 2306 04
10726  O 09012026 2306 04
12688  O 09012026 2306 07
03118  O 09012026 2306 07
12689  O 09012026 2306 08
12343  O 09012026 2306 08
01325  O 09012026 2306 08
12186  O 09012026 2306 08
11223  O 09012026 2306 08
11494  O 09012026 2306 11
12544  O 09012026 2306 11
11789  O 09012026 2307 07
11398  O 09012026 2308 08
12115  O 09012026 2308 11
03120  O 09012026 2308 11
12390  O 09012026 2309 03
11926  O 09012026 2309 11
12088  O 09012026 2309 12
12246  O 09012026 2310 04
01379  O 09012026 2310 07
10765  O 09012026 2310 08
12325  O 09012026 2311 11
12754  O 09012026 2311 12
12873  O 09012026 2312 03
11726  O 09012026 2312 03
12463  O 09012026 2312 12
03026  O 09012026 2313 11
03039  O 09012026 2314 08
11935  O 09012026 2314 14
12457  I 09012026 2315 05
12457  O 09012026 2315 07
12183  O 09012026 2316 14
11719  O 09012026 2318 04
01417  O 09012026 2318 12
10094  O 09012026 2321 03
01382  O 09012026 2321 08
10073  O 09012026 2325 12
03135  O 09012026 2331 03
10712  O 09012026 2332 11
12894  I 09012026 2340 06
12488  O 09012026 2346 14
12020  O 09022026 0500 08
12700  O 09022026 0700 03
10807  O 09022026 0700 03
12723  O 09022026 0700 03
11687  O 09022026 0700 03
12130  O 09022026 0700 03
10221  O 09022026 0700 03
10201  O 09022026 0700 03
01448  O 09022026 0700 03
01405  O 09022026 0700 04
10469  O 09022026 0700 04
12146  O 09022026 0700 04
12832  O 09022026 0700 04
01487  O 09022026 0700 04
12698  O 09022026 0700 04
12611  O 09022026 0700 04
01330  O 09022026 0700 04
10825  O 09022026 0700 07
12502  O 09022026 0700 07
12555  O 09022026 0700 07
12664  O 09022026 0700 07
10285  O 09022026 0700 07
10787  O 09022026 0700 07
12098  O 09022026 0700 07
12275  O 09022026 0700 07
11693  O 09022026 0700 07
11694  O 09022026 0700 08
12089  O 09022026 0700 08
12729  O 09022026 0700 08
12757  O 09022026 0700 08
01492  O 09022026 0700 08
10083  O 09022026 0700 08
10100  O 09022026 0700 08
12539  O 09022026 0700 11
10310  O 09022026 0700 11
03029  O 09022026 0700 11
12299  O 09022026 0700 11
12125  O 09022026 0700 11
12894  O 09022026 0700 11
12821  O 09022026 0700 11
12339  O 09022026 0700 11
10720  O 09022026 0700 11
12475  O 09022026 0700 11
10369  O 09022026 0700 12
12783  O 09022026 0700 12
12644  O 09022026 0700 12
01353  O 09022026 0700 12
12637  O 09022026 0700 12
12609  O 09022026 0700 12
12813  O 09022026 0700 12
12557  O 09022026 0700 12
12901  O 09022026 0700 12
12254  O 09022026 0700 12
12184  O 09022026 0700 14
12067  O 09022026 0700 14
12021  O 09022026 0700 14
12496  O 09022026 0700 14
10047  O 09022026 0701 03
01475  O 09022026 0701 03
03173  O 09022026 0701 03
12356  O 09022026 0701 03
12392  O 09022026 0701 03
12072  O 09022026 0701 03
12957  O 09022026 0701 03
11652  O 09022026 0701 04
10640  O 09022026 0701 04
10696  O 09022026 0701 04
10184  O 09022026 0701 04
12135  O 09022026 0701 04
12662  O 09022026 0701 04
01341  O 09022026 0701 04
10490  O 09022026 0701 07
11537  O 09022026 0701 07
10384  O 09022026 0701 07
10598  O 09022026 0701 07
12712  O 09022026 0701 07
10177  O 09022026 0701 07
12503  O 09022026 0701 07
12743  O 09022026 0701 07
10456  O 09022026 0701 08
10794  O 09022026 0701 08
03085  O 09022026 0701 08
10581  O 09022026 0701 08
10617  O 09022026 0701 08
10017  O 09022026 0701 08
03080  O 09022026 0701 08
10148  O 09022026 0701 08
12471  O 09022026 0701 11
12780  O 09022026 0701 11
12192  O 09022026 0701 11
12676  O 09022026 0701 11
12808  O 09022026 0701 11
10358  O 09022026 0701 11
12185  O 09022026 0701 11
10070  O 09022026 0701 11
03123  O 09022026 0701 12
12753  O 09022026 0701 12
10133  O 09022026 0701 12
10264  O 09022026 0701 12
11646  O 09022026 0701 12
12375  O 09022026 0701 12
12654  O 09022026 0701 12
12679  O 09022026 0701 12
12467  O 09022026 0701 12
01459  O 09022026 0701 12
11169  O 09022026 0701 12
10706  O 09022026 0701 14
12049  O 09022026 0701 14
12614  O 09022026 0702 03
10245  O 09022026 0702 03
12164  O 09022026 0702 03
12887  O 09022026 0702 03
12791  O 09022026 0702 03
12843  O 09022026 0702 03
12944  O 09022026 0702 03
12248  O 09022026 0702 03
12188  O 09022026 0702 03
12383  O 09022026 0702 04
03088  O 09022026 0702 04
11411  O 09022026 0702 04
12930  O 09022026 0702 04
12241  O 09022026 0702 04
10669  O 09022026 0702 04
12499  O 09022026 0702 04
12397  O 09022026 0702 04
12951  O 09022026 0702 07
03112  O 09022026 0702 07
11945  O 09022026 0702 07
12081  O 09022026 0702 08
03012  O 09022026 0702 08
03047  O 09022026 0702 08
10383  O 09022026 0702 11
12298  O 09022026 0702 11
03119  O 09022026 0702 11
12247  O 09022026 0702 11
12761  O 09022026 0702 11
12760  O 09022026 0702 11
12856  O 09022026 0702 11
01320  O 09022026 0702 12
10830  O 09022026 0702 12
12224  O 09022026 0702 12
03030  O 09022026 0702 14
12948  O 09022026 0703 03
12076  O 09022026 0703 03
12762  O 09022026 0703 03
12920  O 09022026 0703 03
12947  O 09022026 0703 04
12372  O 09022026 0703 04
12625  O 09022026 0703 04
12543  O 09022026 0703 04
11495  O 09022026 0703 04
03170  O 09022026 0703 04
12763  O 09022026 0703 04
01295  O 09022026 0703 07
12828  O 09022026 0703 11
12831  O 09022026 0703 11
12727  O 09022026 0703 11
11168  O 09022026 0703 12
12140  O 09022026 0703 12
03001  O 09022026 0703 12
12819  O 09022026 0703 14
12472  O 09022026 0703 14
12701  O 09022026 0704 03
12148  O 09022026 0704 03
12624  O 09022026 0704 03
12878  O 09022026 0704 03
12738  O 09022026 0704 04
01452  O 09022026 0704 04
03077  O 09022026 0704 08
12116  O 09022026 0704 08
10287  O 09022026 0704 11
12462  O 09022026 0704 12
12373  O 09022026 0705 03
03161  O 09022026 0705 03
12497  O 09022026 0705 03
10698  O 09022026 0705 07
12354  O 09022026 0705 07
11647  O 09022026 0705 07
01449  O 09022026 0705 08
10356  O 09022026 0705 08
12582  O 09022026 0705 08
12371  O 09022026 0705 08
01425  O 09022026 0705 11
12415  O 09022026 0705 12
12458  O 09022026 0706 03
01499  O 09022026 0706 07
11266  O 09022026 0707 11
12238  O 09022026 0707 12
12756  O 09022026 0707 12
11725  O 09022026 0708 03
12204  O 09022026 0708 03
12886  O 09022026 0708 03
12665  O 09022026 0708 04
12874  O 09022026 0708 04
12853  O 09022026 0708 04
12690  O 09022026 0708 08
12569  O 09022026 0708 12
10658  O 09022026 0708 14
12583  O 09022026 0709 12
12412  O 09022026 0709 12
10425  O 09022026 0710 03
10117  O 09022026 0710 12
11222  O 09022026 0711 07
03102  O 09022026 0711 08
12584  O 09022026 0711 12
12151  O 09022026 0714 03
03159  O 09022026 0714 11
10116  O 09022026 0714 11
12721  O 09022026 0715 08
12666  O 09022026 0716 04
01249  O 09022026 0718 12
12123  O 09022026 0719 11
12417  O 09022026 0720 08
01365  O 09022026 0721 08
01432  O 09022026 0721 08
12189  O 09022026 0725 08
10663  O 09022026 0725 08
12561  O 09022026 0726 07
12136  O 09022026 0731 03
03124  O 09022026 0734 08
12546  O 09022026 0735 12
01234  O 09022026 0738 04
01456  O 09022026 0743 08
01512  O 09022026 0803 12