   01454  I 09232026 0441 01
   10642  I 09232026 0504 05
   10809  I 09232026 0524 01
   09823  I 09232026 0526 06
   11690  I 09232026 0529 05
   12249  I 09232026 0548 05
   03007  I 09232026 0554 06
   01231  I 09232026 0600 05
   12532  I 09232026 0600 05
   01339  I 09232026 0601 06
   03148  I 09232026 0602 02
   01413  I 09232026 0605 06
   11848  I 09232026 0605 06
   03141  I 09232026 0607 05
   01423  I 09232026 0608 06
   12632  I 09232026 0609 05
   12759  I 09232026 0609 01
   01481  I 09232026 0609 05
   12824  I 09232026 0609 02
   12903  I 09232026 0610 01
   12673  I 09232026 0610 05
   12823  I 09232026 0612 01
   12919  I 09232026 0613 01
   01483  I 09232026 0613 06
   11250  I 09232026 0614 06
   11267  I 09232026 0615 01
   12810  I 09232026 0615 06
   10306  I 09232026 0615 02
   10073  I 09232026 0616 05
   12962  I 09232026 0617 01
   10224  I 09232026 0617 05
   12595  I 09232026 0617 06
   12950  I 09232026 0617 02
   03053  I 09232026 0618 05
   12898  I 09232026 0618 02
   12963  I 09232026 0618 01
   10736  O 09232026 0619 03
   10736  I 09232026 0619 02
   03122  I 09232026 0619 05
   01428  I 09232026 0621 05
   01355  I 09232026 0621 05
   11538  I 09232026 0621 06
   12222  I 09232026 0621 05
   12700  I 09232026 0621 02
   12812  I 09232026 0621 06
   12612  I 09232026 0622 02
   12809  I 09232026 0622 05
   12928  I 09232026 0622 01
   01495  I 09232026 0623 02
   12461  I 09232026 0623 05
   12668  I 09232026 0623 01
   12957  I 09232026 0623 01
   12291  I 09232026 0623 02
   03153  I 09232026 0623 06
   10140  I 09232026 0623 05
   03152  I 09232026 0623 06
   10240  I 09232026 0624 06
   12205  I 09232026 0625 02
   12341  I 09232026 0625 05
   12821  I 09232026 0626 06
   12889  I 09232026 0627 05
   12840  I 09232026 0627 06
   12872  I 09232026 0628 01
   11498  I 09232026 0628 05
   11493  I 09232026 0628 05
   10766  I 09232026 0628 06
   12718  I 09232026 0629 01
   12397  I 09232026 0629 02
   10847  I 09232026 0629 05
   11390  I 09232026 0629 06
   10309  I 09232026 0629 06
   01266  I 09232026 0629 05
   12924  I 09232026 0630 01
   12066  I 09232026 0630 06
   11605  I 09232026 0630 05
   10199  I 09232026 0630 05
   12650  I 09232026 0630 05
   12938  I 09232026 0630 06
   12849  I 09232026 0631 05
   12863  I 09232026 0631 01
   12693  I 09232026 0631 06
   12731  I 09232026 0632 05
   12692  I 09232026 0632 01
   10425  I 09232026 0633 02
   12871  I 09232026 0633 06
   12128  I 09232026 0633 06
   12255  I 09232026 0633 05
   01504  I 09232026 0634 02
   03037  I 09232026 0634 05
   11942  I 09232026 0634 06
   10357  I 09232026 0634 06
   10641  I 09232026 0635 05
   11940  I 09232026 0635 06
   01302  I 09232026 0635 06
   03061  I 09232026 0635 05
   10383  I 09232026 0635 06
   12156  O 09232026 0635 07
   03126  I 09232026 0635 06
   03168  I 09232026 0635 05
   12156  I 09232026 0635 06
   11607  I 09232026 0635 06
   10775  I 09232026 0635 06
   12317  I 09232026 0636 01
   10607  I 09232026 0636 01
   03103  I 09232026 0636 02
   01232  I 09232026 0636 01
   10726  I 09232026 0637 01
   10234  I 09232026 0637 02
   12236  I 09232026 0637 05
   01345  I 09232026 0637 06
   10405  I 09232026 0637 05
   12355  I 09232026 0637 02
   03151  I 09232026 0638 01
   01356  I 09232026 0638 01
   10754  I 09232026 0638 06
   10675  I 09232026 0638 01
   12081  I 09232026 0638 05
   10449  I 09232026 0639 05
   10054  I 09232026 0639 01
   01317  I 09232026 0639 02
   12926  I 09232026 0639 01
   12682  I 09232026 0639 05
   11724  I 09232026 0640 01
   11402  I 09232026 0640 05
   01446  I 09232026 0640 06
   10827  I 09232026 0640 01
   12485  I 09232026 0640 05
   10791  I 09232026 0640 02
   11863  I 09232026 0640 06
   12663  I 09232026 0640 06
   12350  I 09232026 0640 02
   11879  I 09232026 0641 06
   01470  I 09232026 0641 05
   12234  I 09232026 0641 06
   10219  I 09232026 0641 05
   10576  I 09232026 0641 02
   10759  I 09232026 0641 06
   12724  I 09232026 0641 05
   10673  I 09232026 0641 06
   12807  I 09232026 0641 05
   03078  I 09232026 0641 06
   12653  I 09232026 0641 05
   11765  I 09232026 0641 01
   10318  I 09232026 0641 02
   12894  I 09232026 0641 06
   10786  I 09232026 0641 05
   12217  I 09232026 0642 01
   12208  I 09232026 0642 05
   11726  I 09232026 0642 01
   10604  I 09232026 0642 01
   12869  I 09232026 0642 05
   12804  I 09232026 0642 01
   12855  I 09232026 0642 02
   11387  I 09232026 0642 05
   12758  I 09232026 0642 01
   10841  I 09232026 0642 05
   10243  I 09232026 0642 02
   12142  I 09232026 0643 06
   11937  I 09232026 0643 05
   12191  I 09232026 0643 01
   12084  I 09232026 0643 02
   10223  I 09232026 0643 05
   12530  I 09232026 0643 02
   10050  I 09232026 0643 02
   11166  I 09232026 0643 01
   12451  I 09232026 0643 02
   12642  I 09232026 0644 05
   12476  I 09232026 0644 02
   11534  I 09232026 0644 06
   10522  I 09232026 0644 06
   10700  I 09232026 0645 06
   10232  I 09232026 0645 02
   10523  I 09232026 0645 01
   03058  I 09232026 0645 06
   12699  I 09232026 0645 01
   12439  I 09232026 0645 02
   03027  I 09232026 0646 05
   12755  I 09232026 0646 02
   12244  I 09232026 0646 01
   12221  I 09232026 0646 05
   12503  I 09232026 0646 06
   10026  I 09232026 0646 05
   11772  I 09232026 0646 06
   12097  I 09232026 0646 05
   10135  I 09232026 0646 06
   03120  I 09232026 0646 05
   12961  I 09232026 0646 02
   12138  I 09232026 0647 02
   01373  I 09232026 0647 05
   12433  I 09232026 0647 01
   12049  I 09232026 0647 05
   12082  I 09232026 0648 06
   10808  I 09232026 0648 06
   01415  I 09232026 0648 05
   03104  I 09232026 0648 06
   12206  I 09232026 0648 02
   12858  I 09232026 0648 05
   12764  I 09232026 0648 06
   12720  I 09232026 0648 05
   12090  I 09232026 0648 06
   12598  I 09232026 0649 06
   10609  I 09232026 0649 05
   12538  I 09232026 0649 02
   12553  I 09232026 0649 05
   12716  I 09232026 0649 06
   11784  I 09232026 0649 02
   12359  I 09232026 0650 06
   12374  I 09232026 0650 01
   12376  I 09232026 0650 02
   12610  I 09232026 0650 06
   12639  O 09232026 0650 07
   12639  I 09232026 0650 05
   10588  I 09232026 0651 06
   01374  I 09232026 0651 02
   10146  I 09232026 0651 01
   12667  I 09232026 0651 02
   12575  I 09232026 0651 06
   11286  I 09232026 0652 02
   12846  I 09232026 0652 01
   12738  I 09232026 0652 02
   11496  I 09232026 0652 05
   12474  I 09232026 0652 06
   10261  I 09232026 0652 05
   12726  I 09232026 0652 06
   12349  I 09232026 0653 01
   01436  I 09232026 0653 05
   12413  I 09232026 0653 06
   12305  I 09232026 0653 06
   12351  I 09232026 0653 02
   12122  I 09232026 0653 06
   12237  I 09232026 0653 05
   12545  I 09232026 0653 01
   12298  I 09232026 0653 02
   12798  I 09232026 0653 02
   12187  I 09232026 0654 02
   12293  I 09232026 0654 05
   12852  I 09232026 0654 06
   12805  I 09232026 0654 05
   10611  I 09232026 0654 09
   12614  I 09232026 0654 01
   03032  I 09232026 0654 02
   12085  I 09232026 0655 02
   12735  I 09232026 0655 05
   12416  I 09232026 0655 05
   12486  I 09232026 0655 06
   12339  I 09232026 0655 05
   12184  I 09232026 0655 06
   10573  I 09232026 0656 01
   11408  I 09232026 0656 02
   11522  I 09232026 0656 02
   12827  I 09232026 0656 01
   10407  I 09232026 0656 09
   10728  I 09232026 0656 06
   03017  I 09232026 0656 01
   12737  I 09232026 0657 01
   11780  I 09232026 0657 02
   10574  I 09232026 0657 05
   11494  I 09232026 0657 06
   11943  I 09232026 0657 05
   10796  I 09232026 0657 02
   12353  I 09232026 0657 01
   12816  I 09232026 0658 01
   10350  I 09232026 0658 02
   10500  I 09232026 0658 05
   10334  I 09232026 0658 01
   03101  I 09232026 0658 02
   12790  I 09232026 0658 02
   11355  I 09232026 0658 01
   12877  I 09232026 0659 02
   12629  I 09232026 0659 01
   01367  I 09232026 0659 05
   12819  I 09232026 0659 01
   10127  O 09232026 0700 12
   10825  O 09232026 0700 07
   12080  O 09232026 0700 08
   10720  O 09232026 0700 11
   12647  O 09232026 0700 03
   12672  O 09232026 0700 04
   10116  O 09232026 0700 12
   12539  O 09232026 0700 11
   12501  O 09232026 0700 08
   11694  O 09232026 0700 07
   12631  O 09232026 0700 12
   10469  O 09232026 0700 03
   12471  O 09232026 0700 08
   10807  O 09232026 0700 04
   10384  O 09232026 0700 07
   11774  O 09232026 0700 04
   12845  O 09232026 0700 11
   12783  O 09232026 0700 12
   12625  O 09232026 0700 08
   12820  O 09232026 0700 14
   12275  O 09232026 0700 07
   12556  O 09232026 0700 04
   11693  O 09232026 0700 11
   12854  O 09232026 0700 12
   10706  O 09232026 0700 14
   10083  O 09232026 0700 07
   12299  I 09232026 0700 06
   12576  O 09232026 0700 04
   12901  O 09232026 0700 11
   03170  O 09232026 0700 03
   12742  I 09232026 0700 01
   12780  O 09232026 0700 12
   12475  O 09232026 0700 07
   12098  O 09232026 0700 08
   12623  I 09232026 0700 02
   12247  O 09232026 0700 11
   12146  O 09232026 0700 03
   10669  O 09232026 0700 04
   11248  O 09232026 0700 11
   12020  O 09232026 0700 08
   12828  I 09232026 0700 01
   12496  O 09232026 0700 14
   10640  O 09232026 0700 04
   12502  O 09232026 0700 03
   03119  O 09232026 0700 11
   10617  O 09232026 0700 08
   12701  O 09232026 0700 04
   10697  O 09232026 0700 11
   10581  O 09232026 0701 08
   12844  O 09232026 0701 03
   10589  O 09232026 0701 07
   12096  I 09232026 0701 02
   12067  O 09232026 0701 14
   10221  O 09232026 0701 04
   11519  I 09232026 0701 01
   01499  O 09232026 0701 08
   12555  O 09232026 0701 04
   10285  O 09232026 0701 07
   12791  O 09232026 0701 11
   01351  I 09232026 0701 05
   12829  O 09232026 0701 03
   12125  I 09232026 0701 02
   12761  O 09232026 0701 11
   12712  O 09232026 0701 08
   12064  O 09232026 0701 03
   01296  O 09232026 0701 14
   12325  O 09232026 0701 12
   10201  O 09232026 0701 04
   12856  O 09232026 0701 11
   03012  O 09232026 0701 07
   10202  O 09232026 0701 08
   12698  O 09232026 0701 03
   12627  O 09232026 0701 12
   12760  O 09232026 0701 11
   12266  O 09232026 0701 03
   03102  O 09232026 0701 08
   10184  O 09232026 0701 04
   10070  O 09232026 0701 12
   12762  O 09232026 0701 11
   10385  O 09232026 0701 07
   12135  O 09232026 0701 04
   10133  O 09232026 0701 12
   12948  O 09232026 0701 03
   03035  O 09232026 0701 11
   01320  O 09232026 0701 12
   11169  O 09232026 0701 08
   12662  O 09232026 0701 04
   12094  O 09232026 0701 11
   12670  I 09232026 0701 01
   10071  O 09232026 0701 12
   12825  O 09232026 0701 03
   10605  O 09232026 0701 07
   11936  O 09232026 0701 08
   12057  O 09232026 0701 04
   12897  O 09232026 0701 03
   12679  O 09232026 0701 12
   03123  O 09232026 0701 11
   10148  O 09232026 0701 07
   01487  O 09232026 0701 03
   03176  O 09232026 0701 04
   12487  O 09232026 0701 12
   03047  O 09232026 0701 08
   12185  O 09232026 0701 11
   12730  O 09232026 0701 12
   01330  O 09232026 0701 04
   12740  O 09232026 0702 03
   12620  O 09232026 0702 11
   12732  O 09232026 0702 12
   10055  I 09232026 0702 01
   12302  I 09232026 0702 02
   12462  O 09232026 0702 12
   01448  O 09232026 0702 03
   11266  O 09232026 0702 11
   03068  O 09232026 0702 04
   12727  O 09232026 0702 11
   12967  O 09232026 0702 12
   12337  I 09232026 0702 01
   11650  O 09232026 0702 04
   12230  I 09232026 0702 02
   12267  O 09232026 0702 12
   10264  O 09232026 0702 11
   12383  O 09232026 0702 04
   12392  O 09232026 0702 03
   01306  O 09232026 0702 12
   12370  O 09232026 0702 11
   12373  O 09232026 0702 04
   01327  O 09232026 0702 12
   12356  O 09232026 0702 03
   12652  O 09232026 0702 11
   11221  I 09232026 0702 02
   10145  I 09232026 0702 01
   12853  O 09232026 0702 12
   11167  O 09232026 0702 03
   10456  O 09232026 0702 07
   12843  O 09232026 0702 04
   10100  O 09232026 0702 08
   12189  O 09232026 0702 12
   10231  O 09232026 0702 03
   10608  I 09232026 0702 01
   12944  O 09232026 0702 04
   10200  O 09232026 0702 11
   12248  O 09232026 0702 03
   12664  O 09232026 0702 08
   12930  O 09232026 0702 04
   11646  O 09232026 0702 12
   12557  O 09232026 0702 07
   12609  O 09232026 0702 08
   10245  O 09232026 0702 03
   11495  O 09232026 0702 04
   12888  O 09232026 0702 07
   12676  O 09232026 0703 11
   12813  O 09232026 0703 08
   12372  O 09232026 0703 04
   10705  I 09232026 0703 06
   12887  O 09232026 0703 03
   09833  O 09232026 0703 11
   01369  I 09232026 0703 01
   12611  O 09232026 0703 08
   10466  I 09232026 0703 02
   11687  O 09232026 0703 03
   11652  O 09232026 0703 04
   03161  O 09232026 0703 03
   12188  O 09232026 0703 03
   12832  O 09232026 0703 04
   12951  O 09232026 0703 04
   12409  O 09232026 0703 11
   01475  O 09232026 0703 03
   01341  O 09232026 0703 04
   10017  O 09232026 0703 08
   03088  O 09232026 0703 04
   01471  O 09232026 0703 07
   10378  O 09232026 0703 03
   11388  O 09232026 0703 08
   12711  O 09232026 0703 07
   12763  O 09232026 0703 04
   12415  O 09232026 0704 12
   10794  O 09232026 0704 08
   12793  O 09232026 0704 07
   11537  O 09232026 0704 07
   10490  O 09232026 0704 07
   03062  O 09232026 0704 12
   12141  I 09232026 0704 02
   12640  I 09232026 0705 02
   12497  O 09232026 0705 04
   12371  O 09232026 0705 08
   12949  O 09232026 0705 03
   12624  O 09232026 0705 04
   01295  O 09232026 0705 07
   12721  O 09232026 0705 08
   12757  O 09232026 0705 11
   11779  O 09232026 0705 04
   11725  O 09232026 0705 03
   12472  O 09232026 0705 14
   03124  O 09232026 0705 04
   10817  I 09232026 0706 01
   12546  O 09232026 0706 12
   12354  O 09232026 0706 07
   10356  O 09232026 0706 08
   10369  O 09232026 0706 12
   11647  O 09232026 0706 07
   12687  O 09232026 0706 08
   12582  O 09232026 0706 07
   01452  O 09232026 0706 04
   12717  I 09232026 0706 05
   10658  O 09232026 0707 07
   12722  I 09232026 0707 02
   12199  I 09232026 0707 02
   12666  O 09232026 0707 04
   12584  O 09232026 0707 12
   12458  O 09232026 0707 03
   03136  O 09232026 0707 03
   10606  O 09232026 0708 04
   03085  O 09232026 0708 08
   12131  O 09232026 0708 04
   12463  O 09232026 0708 12
   12706  O 09232026 0708 11
   12499  O 09232026 0709 04
   12329  O 09232026 0709 04
   10849  O 09232026 0709 03
   10144  O 09232026 0711 07
   10696  O 09232026 0711 08
   11222  O 09232026 0712 04
   12183  O 09232026 0713 14
   11935  O 09232026 0713 14
   12412  O 09232026 0713 12
   01459  O 09232026 0715 12
   12110  O 09232026 0717 11
   01276  O 09232026 0718 03
   01365  O 09232026 0719 08
   12947  O 09232026 0719 04
   12569  O 09232026 0721 11
   12417  O 09232026 0722 12
   01449  O 09232026 0723 08
   12072  O 09232026 0723 07
   01249  O 09232026 0724 12
   12136  O 09232026 0730 03
   12488  O 09232026 0730 14
   01456  O 09232026 0730 08
   01432  O 09232026 0733 08
   01468  O 09232026 0748 12
