01312  O 09062026 0102 07
01382  O 09062026 0102 08
01454  I 09062026 0244 06
03098  I 09062026 0454 05
09823  I 09062026 0524 06
12457  I 09062026 0532 05
11690  I 09062026 0541 05
12628  I 09062026 0542 05
12890  I 09062026 0547 05
12307  I 09062026 0548 06
03039  I 09062026 0555 05
12725  I 09062026 0557 01
03179  I 09062026 0600 05
10809  I 09062026 0602 01
03141  I 09062026 0602 05
01339  I 09062026 0602 06
10202  I 09062026 0602 06
10795  I 09062026 0604 06
12627  I 09062026 0606 05
12677  I 09062026 0608 05
10127  I 09062026 0608 06
12632  I 09062026 0609 05
12808  I 09062026 0609 05
12612  I 09062026 0610 05
03122  I 09062026 0612 06
11493  I 09062026 0613 05
10070  I 09062026 0616 05
03035  I 09062026 0616 05
10700  I 09062026 0616 06
10224  I 09062026 0617 05
12812  I 09062026 0618 06
10140  I 09062026 0620 05
12249  I 09062026 0620 05
01487  I 09062026 0621 02
01428  I 09062026 0622 01
12334  I 09062026 0622 02
01423  I 09062026 0622 05
12185  I 09062026 0622 05
11767  I 09062026 0622 06
12256  I 09062026 0623 05
03018  I 09062026 0623 05
12688  I 09062026 0623 05
10663  I 09062026 0623 05
11936  I 09062026 0623 06
11538  I 09062026 0624 05
12711  I 09062026 0626 06
10849  I 09062026 0627 01
12267  I 09062026 0627 05
12094  I 09062026 0627 05
10199  I 09062026 0627 05
12845  I 09062026 0627 06
10467  I 09062026 0628 01
03112  I 09062026 0628 06
03037  I 09062026 0628 06
12289  I 09062026 0629 06
10356  I 09062026 0630 05
12222  I 09062026 0630 05
11928  I 09062026 0630 05
12575  I 09062026 0630 06
10264  I 09062026 0630 06
10754  I 09062026 0630 06
12544  I 09062026 0631 06
12350  I 09062026 0632 01
10606  I 09062026 0632 01
12355  I 09062026 0632 02
03061  I 09062026 0632 06
10675  I 09062026 0633 01
11167  I 09062026 0633 01
10386  I 09062026 0633 02
12809  I 09062026 0633 05
12650  I 09062026 0633 05
11784  I 09062026 0633 06
11935  I 09062026 0633 06
12647  I 09062026 0633 06
12833  I 09062026 0633 06
12698  I 09062026 0634 01
10576  I 09062026 0634 02
11400  I 09062026 0634 05
12945  I 09062026 0634 06
03118  I 09062026 0634 06
11933  I 09062026 0635 01
12058  I 09062026 0635 01
12872  I 09062026 0635 02
12440  I 09062026 0635 05
11787  I 09062026 0635 06
10144  I 09062026 0635 06
01325  I 09062026 0636 01
03026  I 09062026 0636 01
12889  I 09062026 0636 05
10054  I 09062026 0637 02
12390  I 09062026 0637 02
10358  I 09062026 0637 05
10309  I 09062026 0637 06
12084  I 09062026 0638 01
12191  I 09062026 0638 02
12653  I 09062026 0638 05
12269  I 09062026 0638 05
12726  I 09062026 0638 05
11937  I 09062026 0638 06
12651  I 09062026 0638 06
12260  I 09062026 0638 06
10373  I 09062026 0639 02
10222  I 09062026 0639 05
11404  I 09062026 0639 05
10589  I 09062026 0639 06
12342  I 09062026 0639 06
11780  I 09062026 0639 06
10673  I 09062026 0640 05
12416  I 09062026 0640 06
12183  I 09062026 0640 06
10318  I 09062026 0641 01
12825  I 09062026 0641 01
12236  I 09062026 0641 05
12375  I 09062026 0642 01
12115  I 09062026 0642 01
12439  I 09062026 0642 02
10073  I 09062026 0642 05
11863  I 09062026 0642 06
09704  I 09062026 0642 06
11942  I 09062026 0642 06
12056  I 09062026 0643 01
03104  I 09062026 0643 02
12066  I 09062026 0643 02
12306  I 09062026 0643 05
11387  I 09062026 0643 05
01477  I 09062026 0643 05
12840  I 09062026 0643 06
10791  I 09062026 0644 02
10780  I 09062026 0644 05
12858  I 09062026 0644 05
12720  I 09062026 0644 05
12639  I 09062026 0644 05
10261  I 09062026 0644 05
03059  I 09062026 0644 05
12852  I 09062026 0644 06
11390  I 09062026 0644 06
12854  I 09062026 0644 06
10808  I 09062026 0644 06
10231  I 09062026 0645 01
11725  I 09062026 0645 01
10086  I 09062026 0645 05
09833  I 09062026 0645 05
12682  I 09062026 0645 06
03151  I 09062026 0646 01
01422  I 09062026 0646 05
10841  I 09062026 0646 05
12568  I 09062026 0646 06
12485  I 09062026 0646 06
11879  I 09062026 0646 06
01276  I 09062026 0647 01
11688  I 09062026 0647 05
12829  I 09062026 0648 02
12689  I 09062026 0648 05
12851  I 09062026 0648 05
01415  I 09062026 0648 05
12368  I 09062026 0648 06
12082  I 09062026 0648 06
12670  I 09062026 0649 01
12741  I 09062026 0649 02
01373  I 09062026 0649 05
10831  I 09062026 0649 05
12186  I 09062026 0649 06
01351  I 09062026 0649 06
10585  I 09062026 0650 02
10091  I 09062026 0650 05
12710  I 09062026 0650 05
10728  I 09062026 0650 06
11398  I 09062026 0650 06
12131  I 09062026 0651 01
12816  I 09062026 0651 01
12538  I 09062026 0651 02
12460  I 09062026 0651 02
12237  I 09062026 0651 05
01417  I 09062026 0651 06
11286  I 09062026 0652 01
12841  I 09062026 0652 01
12451  I 09062026 0652 02
10500  I 09062026 0652 05
12687  I 09062026 0652 06
12135  I 09062026 0653 01
12846  I 09062026 0653 01
12695  I 09062026 0653 01
12057  I 09062026 0653 02
12156  O 09062026 0653 03
12293  I 09062026 0653 05
12156  I 09062026 0654 01
03010  I 09062026 0654 01
12638  I 09062026 0654 02
10094  I 09062026 0654 02
12059  I 09062026 0654 02
12474  I 09062026 0654 05
12088  I 09062026 0654 05
12610  I 09062026 0654 06
12456  I 09062026 0655 01
12732  I 09062026 0655 06
12877  I 09062026 0656 01
12742  I 09062026 0656 01
10055  I 09062026 0656 01
12085  I 09062026 0656 02
11388  I 09062026 0656 02
01367  I 09062026 0656 05
11494  I 09062026 0656 06
12463  I 09062026 0656 06
12341  I 09062026 0656 06
12710  O 09062026 0656 07
11496  I 09062026 0657 05
12886  I 09062026 0658 01
10334  I 09062026 0658 01
03058  I 09062026 0658 06
11650  I 09062026 0659 01
11692  I 09062026 0659 01
12737  I 09062026 0659 02
12488  I 09062026 0701 01
12694  I 09062026 0701 01
12141  I 09062026 0701 02
12861  I 09062026 0701 06
03105  I 09062026 0702 02
12113  I 09062026 0703 01
12133  I 09062026 0703 01
12097  I 09062026 0704 01
12093  I 09062026 0704 01
03032  I 09062026 0704 02
12623  I 09062026 0704 02
12369  I 09062026 0704 02
12151  I 09062026 0705 01
03176  I 09062026 0714 05
11719  I 09062026 0715 01
12874  I 09062026 0757 01
11789  I 09062026 0804 01
12325  I 09062026 1100 01
03068  I 09062026 1251 05
03098  O 09062026 1303 07
11646  I 09062026 1330 06
01468  I 09062026 1333 05
03172  I 09062026 1336 05
11605  I 09062026 1337 05
01312  I 09062026 1341 05
11774  I 09062026 1347 02
12679  I 09062026 1349 05
03167  I 09062026 1353 05
12392  I 09062026 1357 05
10021  I 09062026 1357 05
01319  I 09062026 1358 02
12148  I 09062026 1358 06
03182  I 09062026 1358 06
01335  I 09062026 1400 05
10720  I 09062026 1402 06
01295  I 09062026 1403 01
12458  I 09062026 1405 01
03062  I 09062026 1405 05
01357  I 09062026 1407 05
10116  I 09062026 1407 06
11388  O 09062026 1407 08
10333  I 09062026 1409 05
10176  I 09062026 1409 06
11647  I 09062026 1410 05
03135  I 09062026 1411 01
12266  I 09062026 1411 02
12254  I 09062026 1412 06
01317  I 09062026 1415 02
10071  I 09062026 1416 05
01320  I 09062026 1416 06
12409  I 09062026 1416 06
01249  I 09062026 1417 05
12149  I 09062026 1418 05
10383  I 09062026 1418 06
03047  I 09062026 1420 05
01306  I 09062026 1422 02
01475  I 09062026 1425 01
12668  I 09062026 1425 01
12136  I 09062026 1425 01
10306  I 09062026 1426 02
12755  I 09062026 1427 02
10083  I 09062026 1427 06
10765  I 09062026 1427 06
10221  I 09062026 1428 02
01433  I 09062026 1428 06
12475  I 09062026 1428 06
01479  I 09062026 1429 06
10201  I 09062026 1430 01
10697  I 09062026 1430 05
12727  I 09062026 1430 06
12473  I 09062026 1431 05
11768  I 09062026 1431 06
12074  I 09062026 1432 02
10169  I 09062026 1432 05
11223  I 09062026 1432 06
12110  I 09062026 1433 01
12888  I 09062026 1433 05
12576  I 09062026 1433 05
12783  I 09062026 1435 05
12615  I 09062026 1436 05
01330  I 09062026 1436 06
10698  I 09062026 1437 05
12064  I 09062026 1438 01
10617  I 09062026 1439 05
12354  I 09062026 1439 05
12676  I 09062026 1439 05
12620  I 09062026 1439 05
10598  I 09062026 1439 06
10017  I 09062026 1439 06
12501  I 09062026 1439 06
12609  I 09062026 1439 06
12672  I 09062026 1441 01
11726  I 09062026 1441 01
12055  I 09062026 1441 02
12821  I 09062026 1441 06
12539  I 09062026 1441 06
12462  I 09062026 1442 05
10612  I 09062026 1442 06
11248  I 09062026 1442 06
12531  I 09062026 1442 06
10243  I 09062026 1443 02
12487  I 09062026 1443 05
12275  I 09062026 1443 05
10581  I 09062026 1443 06
12622  I 09062026 1444 01
01499  I 09062026 1444 05
12862  I 09062026 1445 01
10291  I 09062026 1445 05
12299  I 09062026 1446 05
12878  I 09062026 1447 01
12130  I 09062026 1447 02
03159  I 09062026 1447 05
12472  I 09062026 1447 06
12601  I 09062026 1448 02
01511  I 09062026 1448 02
09676  I 09062026 1448 02
10369  I 09062026 1448 05
12894  I 09062026 1448 06
12371  I 09062026 1450 05
12189  I 09062026 1451 01
10385  I 09062026 1451 01
12543  I 09062026 1451 01
12815  I 09062026 1451 05
01471  I 09062026 1451 05
10788  I 09062026 1451 06
10522  I 09062026 1451 06
01510  I 09062026 1452 02
12357  I 09062026 1452 02
10148  I 09062026 1452 05
12577  I 09062026 1452 06
12067  I 09062026 1452 06
10794  I 09062026 1452 06
12184  I 09062026 1452 06
12721  I 09062026 1453 02
12372  I 09062026 1454 01
10678  I 09062026 1454 02
11779  I 09062026 1455 02
12666  I 09062026 1455 02
01345  I 09062026 1456 05
12584  I 09062026 1456 06
03126  I 09062026 1456 06
12582  I 09062026 1456 06
10505  I 09062026 1457 01
12500  I 09062026 1457 02
01296  I 09062026 1457 13
10378  I 09062026 1458 01
12740  I 09062026 1458 02
01379  I 09062026 1458 02
12730  I 09062026 1458 06
11537  I 09062026 1459 06
12819  I 09062026 1459 06
12706  I 09062026 1459 06
12248  I 09062026 1500 01
12647  O 09062026 1500 03
10809  O 09062026 1500 03
03151  O 09062026 1500 03
11650  O 09062026 1500 03
10576  O 09062026 1500 03
10386  O 09062026 1500 03
03105  O 09062026 1500 03
12829  O 09062026 1500 03
12538  O 09062026 1500 03
10318  O 09062026 1500 04
12456  O 09062026 1500 04
12872  O 09062026 1500 04
12460  O 09062026 1500 04
12056  O 09062026 1500 04
12451  O 09062026 1500 04
12439  O 09062026 1500 04
10467  O 09062026 1500 04
12457  O 09062026 1500 07
12720  O 09062026 1500 07
10791  O 09062026 1500 07
03112  O 09062026 1500 07
12191  O 09062026 1500 07
12416  O 09062026 1500 07
12711  O 09062026 1500 07
10086  O 09062026 1500 07
10728  O 09062026 1500 07
12677  O 09062026 1500 07
03122  O 09062026 1500 08
12858  O 09062026 1500 08
10673  O 09062026 1500 08
12808  O 09062026 1500 08
10222  O 09062026 1500 08
10700  O 09062026 1500 08
03037  O 09062026 1500 08
01351  O 09062026 1500 08
11879  O 09062026 1500 11
11936  O 09062026 1500 11
12840  O 09062026 1500 11
12474  O 09062026 1500 11
11937  O 09062026 1500 11
12368  O 09062026 1500 11
12726  O 09062026 1500 11
12260  O 09062026 1500 12
12627  O 09062026 1500 12
12082  O 09062026 1500 12
11404  O 09062026 1500 12
12846  O 09062026 1500 12
12890  O 09062026 1500 12
12485  O 09062026 1500 12
12639  O 09062026 1500 12
12568  O 09062026 1500 12
10309  O 09062026 1500 12
11494  O 09062026 1500 14
10754  O 09062026 1500 14
01415  O 09062026 1500 14
10466  I 09062026 1501 01
12084  O 09062026 1501 03
12085  O 09062026 1501 03
12058  O 09062026 1501 03
12350  O 09062026 1501 03
11780  O 09062026 1501 03
11286  O 09062026 1501 03
12156  O 09062026 1501 03
12825  O 09062026 1501 03
12236  O 09062026 1501 03
03032  O 09062026 1501 04
10500  O 09062026 1501 04
12575  O 09062026 1501 04
12293  O 09062026 1501 04
12222  O 09062026 1501 04
10091  O 09062026 1501 07
12097  O 09062026 1501 07
03018  O 09062026 1501 07
10224  O 09062026 1501 08
12632  O 09062026 1501 08
12289  O 09062026 1501 08
12689  O 09062026 1501 08
12653  O 09062026 1501 11
11496  O 09062026 1501 11
11787  O 09062026 1501 11
11784  O 09062026 1501 11
12852  O 09062026 1501 12
10831  O 09062026 1501 12
12269  O 09062026 1501 12
12812  O 09062026 1501 12
03104  O 09062026 1501 14
11493  O 09062026 1501 14
03102  I 09062026 1502 01
12329  I 09062026 1502 02
12741  O 09062026 1502 03
12133  O 09062026 1502 03
12742  O 09062026 1502 03
12623  O 09062026 1502 03
12816  O 09062026 1502 03
12612  O 09062026 1502 03
12725  O 09062026 1502 03
10202  O 09062026 1502 04
12670  O 09062026 1502 04
11933  O 09062026 1502 04
01367  O 09062026 1502 07
12688  O 09062026 1502 07
11538  O 09062026 1502 07
10841  O 09062026 1502 07
10808  O 09062026 1502 08
11942  O 09062026 1502 08
11688  O 09062026 1502 08
01423  O 09062026 1502 11
10358  O 09062026 1502 11
12854  O 09062026 1502 11
10070  O 09062026 1502 11
01477  O 09062026 1502 12
10373  O 09062026 1502 12
12809  O 09062026 1502 12
11767  O 09062026 1502 12
11400  O 09062026 1502 12
10055  O 09062026 1502 14
10675  O 09062026 1503 03
12695  O 09062026 1503 03
12059  O 09062026 1503 04
12306  O 09062026 1503 07
03059  O 09062026 1503 07
12375  O 09062026 1503 12
12650  O 09062026 1503 12
10640  I 09062026 1504 01
12841  O 09062026 1504 03
12355  O 09062026 1504 03
12628  O 09062026 1504 04
10140  O 09062026 1504 07
10795  O 09062026 1504 07
11692  O 09062026 1504 08
12237  O 09062026 1504 08
12610  O 09062026 1504 11
12682  O 09062026 1504 12
12415  I 09062026 1505 01
10724  I 09062026 1505 02
12877  O 09062026 1505 03
12874  O 09062026 1505 03
12886  O 09062026 1505 04
01422  O 09062026 1505 07
03179  O 09062026 1505 12
12151  O 09062026 1506 03
01428  O 09062026 1506 07
03118  O 09062026 1506 07
09833  O 09062026 1506 11
12861  O 09062026 1506 12
03141  O 09062026 1506 12
01339  O 09062026 1506 12
09823  O 09062026 1506 12
12390  O 09062026 1507 03
11387  O 09062026 1507 07
11390  O 09062026 1507 08
01373  O 09062026 1507 08
10094  O 09062026 1508 03
11398  O 09062026 1508 08
11928  O 09062026 1508 08
10261  O 09062026 1508 11
01454  O 09062026 1509 08
01325  O 09062026 1510 08
03039  O 09062026 1511 08
03026  O 09062026 1511 11
03035  O 09062026 1511 12
11690  O 09062026 1512 08
12066  O 09062026 1513 14
12799  I 09062026 1514 01
12889  O 09062026 1515 03
10585  O 09062026 1515 04
11935  O 09062026 1515 14
10663  O 09062026 1516 08
03058  O 09062026 1516 08
10054  O 09062026 1519 04
12334  O 09062026 1519 11
01417  O 09062026 1519 12
12115  O 09062026 1520 12
03010  O 09062026 1521 08
12183  O 09062026 1521 14
03088  I 09062026 1524 01
11719  O 09062026 1526 04
09704  O 09062026 1534 11
12488  O 09062026 1543 14
12093  O 09062026 1600 12
11789  O 09062026 1603 07
12833  O 09062026 1605 12
10199  O 09062026 1608 12
03061  O 09062026 1608 12
12341  O 09062026 1613 12
12737  O 09062026 1616 12
12141  O 09062026 1622 12
12698  O 09062026 1624 07
11266  I 09062026 1739 05
12644  I 09062026 1751 06
01448  I 09062026 1757 02
12192  I 09062026 1757 05
12128  I 09062026 1758 06
12736  I 09062026 1806 05
12845  O 09062026 1810 11
01234  I 09062026 1814 01
12467  I 09062026 1815 02
11411  I 09062026 1820 02
01333  I 09062026 1827 05
12756  I 09062026 1829 06
12961  I 09062026 1833 06
12224  I 09062026 1841 05
12798  I 09062026 1847 02
12569  I 09062026 1849 02
10830  I 09062026 1851 01
12164  I 09062026 1853 02
10133  I 09062026 1853 06
12370  I 09062026 1900 01
12694  O 09062026 1900 03
12131  O 09062026 1900 04
12307  O 09062026 1900 07
12732  O 09062026 1900 07
12638  O 09062026 1900 08
12230  I 09062026 1901 02
10231  O 09062026 1901 03
12342  O 09062026 1901 11
10264  O 09062026 1901 12
10780  O 09062026 1901 12
11167  O 09062026 1902 03
12369  O 09062026 1902 12
12267  O 09062026 1908 07
01276  O 09062026 1909 03
12851  O 09062026 1909 12
12463  O 09062026 1912 12
12945  O 09062026 1922 12
10334  O 09062026 1923 12
12185  O 09062026 2000 03
10047  I 09062026 2050 06
11693  I 09062026 2058 05
12799  O 09062026 2115 04
12089  I 09062026 2122 05
12678  I 09062026 2124 06
12645  I 09062026 2141 05
12147  I 09062026 2150 02
03148  I 09062026 2150 02
11168  I 09062026 2155 06
12583  I 09062026 2157 06
11863  O 09062026 2200 03
03176  O 09062026 2200 03
12700  I 09062026 2200 05
12461  I 09062026 2206 01
10310  I 09062026 2212 06
12140  I 09062026 2212 06
10604  I 09062026 2214 01
12723  I 09062026 2214 01
10117  I 09062026 2218 05
12502  I 09062026 2219 06
12690  I 09062026 2223 05
12247  I 09062026 2225 01
12291  I 09062026 2225 01
03001  I 09062026 2225 05
03027  I 09062026 2226 05
12807  I 09062026 2226 06
12701  I 09062026 2227 01
01459  I 09062026 2227 05
10847  I 09062026 2229 05
10177  I 09062026 2230 05
10240  I 09062026 2232 05
11940  I 09062026 2232 06
01302  I 09062026 2232 06
12116  I 09062026 2232 06
12763  I 09062026 2233 05
11724  I 09062026 2234 01
12142  I 09062026 2234 06
11169  I 09062026 2235 05
12496  I 09062026 2235 13
12665  I 09062026 2236 01
12729  I 09062026 2236 05
12637  I 09062026 2236 06
12125  I 09062026 2236 06
12663  I 09062026 2236 06
11402  I 09062026 2237 05
11776  I 09062026 2237 05
03078  I 09062026 2237 06
12731  I 09062026 2238 06
12049  I 09062026 2238 06
10775  I 09062026 2239 06
11945  I 09062026 2239 06
11534  I 09062026 2239 06
10705  I 09062026 2241 06
12471  I 09062026 2241 06
01356  I 09062026 2242 01
12356  I 09062026 2242 02
03173  I 09062026 2242 06
12383  I 09062026 2243 02
11495  I 09062026 2243 02
11926  I 09062026 2243 05
12735  I 09062026 2243 05
03168  I 09062026 2243 06
12624  I 09062026 2244 01
11848  I 09062026 2244 06
12123  I 09062026 2245 06
03136  I 09062026 2246 01
12804  I 09062026 2246 01
11687  I 09062026 2247 01
11652  I 09062026 2247 02
10219  I 09062026 2247 05
12138  I 09062026 2248 02
12753  I 09062026 2248 05
12076  I 09062026 2249 01
12803  I 09062026 2250 05
10287  I 09062026 2250 06
01492  I 09062026 2250 06
01512  I 09062026 2251 01
12667  I 09062026 2252 02
12204  I 09062026 2252 02
03030  I 09062026 2253 02
03080  I 09062026 2253 05
12339  I 09062026 2253 05
03077  I 09062026 2253 06
12546  I 09062026 2253 06
12545  I 09062026 2255 01
10026  I 09062026 2255 05
01456  I 09062026 2255 06
12738  I 09062026 2256 01
10658  I 09062026 2300 02
10678  O 09062026 2300 03
12531  O 09062026 2300 03
12576  O 09062026 2300 03
12357  O 09062026 2300 03
12668  O 09062026 2300 03
10589  O 09062026 2300 03
10581  O 09062026 2300 03
12055  O 09062026 2300 03
11646  O 09062026 2300 03
12666  O 09062026 2300 03
12149  O 09062026 2300 04
03182  O 09062026 2300 04
10243  O 09062026 2300 04
12672  O 09062026 2300 04
12601  O 09062026 2300 04
10385  O 09062026 2300 04
01487  O 09062026 2300 04
12057  O 09062026 2300 04
12473  O 09062026 2300 07
10333  O 09062026 2300 07
01335  O 09062026 2300 07
12615  O 09062026 2300 07
10291  O 09062026 2300 07
01357  O 09062026 2300 07
12609  O 09062026 2300 07
12620  O 09062026 2300 07
10522  O 09062026 2300 07
03167  O 09062026 2300 08
01296  O 09062026 2300 08
12888  O 09062026 2300 08
12815  O 09062026 2300 08
01471  O 09062026 2300 08
12501  O 09062026 2300 08
10788  O 09062026 2300 08
12409  O 09062026 2300 08
12299  O 09062026 2300 11
12894  O 09062026 2300 11
12475  O 09062026 2300 11
12821  O 09062026 2300 11
10720  O 09062026 2300 11
12676  O 09062026 2300 11
10383  O 09062026 2300 11
10127  O 09062026 2300 12
10116  O 09062026 2300 12
01510  O 09062026 2300 12
12392  O 09062026 2300 12
12706  O 09062026 2300 14
12096  I 09062026 2301 01
12611  I 09062026 2301 02
12266  O 09062026 2301 03
01511  O 09062026 2301 03
03088  O 09062026 2301 03
10724  O 09062026 2301 03
10640  O 09062026 2301 03
12136  O 09062026 2301 03
12458  O 09062026 2301 03
10201  O 09062026 2301 04
01319  O 09062026 2301 04
01330  O 09062026 2301 04
11774  O 09062026 2301 04
12622  O 09062026 2301 04
01479  O 09062026 2301 04
03047  O 09062026 2301 07
10794  O 09062026 2301 07
12275  O 09062026 2301 07
12783  O 09062026 2301 07
01433  O 09062026 2301 07
01345  O 09062026 2301 08
11537  O 09062026 2301 08
12415  O 09062026 2301 08
10083  O 09062026 2301 08
10073  O 09062026 2301 11
11248  O 09062026 2301 11
12727  O 09062026 2301 11
10466  O 09062026 2301 11
12088  O 09062026 2301 11
01317  O 09062026 2301 12
12679  O 09062026 2301 12
12256  O 09062026 2301 12
12730  O 09062026 2301 12
10612  O 09062026 2301 14
12337  I 09062026 2302 01
10145  I 09062026 2302 02
12094  O 09062026 2302 03
12755  O 09062026 2302 03
11725  O 09062026 2302 03
12740  O 09062026 2302 03
03068  O 09062026 2302 04
12135  O 09062026 2302 04
12074  O 09062026 2302 04
11647  O 09062026 2302 07
12184  O 09062026 2302 07
10144  O 09062026 2302 07
10698  O 09062026 2302 07
12687  O 09062026 2302 08
12440  O 09062026 2302 08
10505  O 09062026 2302 08
10169  O 09062026 2302 11
12819  O 09062026 2302 11
12472  O 09062026 2302 11
10369  O 09062026 2302 12
01306  O 09062026 2302 12
10606  O 09062026 2303 03
12543  O 09062026 2303 03
12189  O 09062026 2303 03
10221  O 09062026 2303 03
10378  O 09062026 2303 04
09676  O 09062026 2303 04
10356  O 09062026 2303 07
03172  O 09062026 2303 08
12544  O 09062026 2303 08
12354  O 09062026 2303 08
12582  O 09062026 2303 08
12651  O 09062026 2303 11
12113  O 09062026 2303 11
10697  O 09062026 2303 11
12325  O 09062026 2303 11
01312  O 09062026 2303 12
12249  O 09062026 2303 12
03062  O 09062026 2303 12
10607  I 09062026 2304 01
12500  O 09062026 2304 03
03126  O 09062026 2304 03
10306  O 09062026 2304 03
12064  O 09062026 2304 04
01295  O 09062026 2304 04
12372  O 09062026 2304 04
10148  O 09062026 2304 07
10176  O 09062026 2304 07
12186  O 09062026 2304 08
12577  O 09062026 2304 12
12254  O 09062026 2304 12
12722  I 09062026 2305 01
12302  I 09062026 2305 02
12021  I 09062026 2305 02
12153  I 09062026 2305 02
01379  O 09062026 2305 07
10765  O 09062026 2305 08
12462  O 09062026 2305 11
10021  O 09062026 2305 12
12584  O 09062026 2305 12
12487  O 09062026 2305 12
01249  O 09062026 2305 12
12130  O 09062026 2306 07
01499  O 09062026 2306 07
03102  O 09062026 2306 08
11768  O 09062026 2306 08
11223  O 09062026 2307 08
12371  O 09062026 2307 08
12110  O 09062026 2308 11
10849  O 09062026 2309 03
11779  O 09062026 2309 07
12862  O 09062026 2310 03
11726  O 09062026 2311 03
12539  O 09062026 2311 12
03135  O 09062026 2320 04
12721  O 09062026 2328 08
12499  I 09062026 2338 01
01468  O 09062026 2340 12
12700  O 09072026 0700 03
10607  O 09072026 0700 03
03077  O 09072026 0700 03
12164  O 09072026 0700 03
10145  O 09072026 0700 03
12337  O 09072026 0700 03
11940  O 09072026 0700 03
10240  O 09072026 0700 03
03080  O 09072026 0700 04
12804  O 09072026 0700 04
12230  O 09072026 0700 04
01302  O 09072026 0700 04
12499  O 09072026 0700 04
11652  O 09072026 0700 04
10598  O 09072026 0700 04
10617  O 09072026 0700 04
12461  O 09072026 0700 07
10177  O 09072026 0700 07
12471  O 09072026 0700 08
10219  O 09072026 0700 08
11693  O 09072026 0700 11
11169  O 09072026 0700 11
12731  O 09072026 0700 11
12729  O 09072026 0700 11
12339  O 09072026 0700 11
12089  O 09072026 0700 11
12678  O 09072026 0700 11
11266  O 09072026 0700 11
12067  O 09072026 0700 11
11605  O 09072026 0700 11
10830  O 09072026 0700 12
12736  O 09072026 0700 12
12961  O 09072026 0700 12
10133  O 09072026 0700 12
12224  O 09072026 0700 12
12370  O 09072026 0700 12
12645  O 09072026 0700 12
12496  O 09072026 0700 14
12049  O 09072026 0700 14
12356  O 09072026 0701 03
03173  O 09072026 0701 03
12076  O 09072026 0701 03
12247  O 09072026 0701 03
01475  O 09072026 0701 03
12383  O 09072026 0701 04
12624  O 09072026 0701 04
12798  O 09072026 0701 04
12723  O 09072026 0701 04
12735  O 09072026 0701 07
12502  O 09072026 0701 07
10017  O 09072026 0701 08
12125  O 09072026 0701 11
10310  O 09072026 0701 11
10071  O 09072026 0701 11
01333  O 09072026 0701 12
12467  O 09072026 0701 12
12637  O 09072026 0701 12
11168  O 09072026 0701 12
12644  O 09072026 0701 12
10047  O 09072026 0702 03
03136  O 09072026 0702 03
12138  O 09072026 0702 03
11724  O 09072026 0702 04
12701  O 09072026 0702 04
12763  O 09072026 0702 04
12148  O 09072026 0702 04
12722  O 09072026 0702 07
12302  O 09072026 0702 07
10775  O 09072026 0702 07
01448  O 09072026 0702 07
01492  O 09072026 0702 08
11534  O 09072026 0702 08
03168  O 09072026 0702 08
11776  O 09072026 0702 08
11848  O 09072026 0702 11
03001  O 09072026 0702 11
12192  O 09072026 0702 11
12140  O 09072026 0702 12
01459  O 09072026 0702 12
12807  O 09072026 0702 12
12753  O 09072026 0702 12
12128  O 09072026 0702 12
03030  O 09072026 0702 14
11687  O 09072026 0703 03
03148  O 09072026 0703 03
12204  O 09072026 0703 03
01356  O 09072026 0703 03
12329  O 09072026 0703 03
12667  O 09072026 0703 04
12096  O 09072026 0703 04
12611  O 09072026 0703 04
11926  O 09072026 0703 11
11402  O 09072026 0703 12
12878  O 09072026 0704 03
12738  O 09072026 0704 04
10026  O 09072026 0704 07
12116  O 09072026 0704 07
12142  O 09072026 0704 08
03078  O 09072026 0704 08
12663  O 09072026 0704 11
12756  O 09072026 0704 12
12665  O 09072026 0705 03
11495  O 09072026 0705 04
12690  O 09072026 0705 08
12569  O 09072026 0706 07
11945  O 09072026 0706 08
10847  O 09072026 0706 08
12583  O 09072026 0706 12
10117  O 09072026 0706 12
03159  O 09072026 0707 11
12546  O 09072026 0707 12
01320  O 09072026 0708 11
03027  O 09072026 0708 12
10658  O 09072026 0709 14
12021  O 09072026 0709 14
12153  O 09072026 0713 03
10604  O 09072026 0713 03
12545  O 09072026 0713 03
10287  O 09072026 0713 11
12123  O 09072026 0715 11
11411  O 09072026 0716 03
12248  O 09072026 0716 03
12803  O 09072026 0717 07
10705  O 09072026 0719 11
12291  O 09072026 0723 03
12147  O 09072026 0725 04
01456  O 09072026 0737 08
01234  O 09072026 0739 07
01512  O 09072026 0804 08