   01454  I 10012026 0301 06
   09823  I 10012026 0524 06
   01468  I 10012026 0531 05
   12965  I 10012026 0532 02
   03182  I 10012026 0539 06
   12267  I 10012026 0548 05
   11690  I 10012026 0548 05
   03068  I 10012026 0550 05
   12890  I 10012026 0554 05
   12080  I 10012026 0555 05
   11935  I 10012026 0555 06
   03007  I 10012026 0556 06
   03039  O 10012026 0556 08
   03039  I 10012026 0556 05
   03062  I 10012026 0556 06
   01402  I 10012026 0558 05
   12457  I 10012026 0558 05
   10333  I 10012026 0558 05
   01335  I 10012026 0600 05
   12822  I 10012026 0602 05
   03135  I 10012026 0604 01
   10849  I 10012026 0605 02
   01249  I 10012026 0606 05
   10127  I 10012026 0607 06
   10071  I 10012026 0607 06
   12130  I 10012026 0608 05
   12664  I 10012026 0608 06
   10083  I 10012026 0608 05
   01319  I 10012026 0609 02
   12847  I 10012026 0609 06
   03026  I 10012026 0609 01
   12651  I 10012026 0610 06
   10021  I 10012026 0610 05
   03172  I 10012026 0610 05
   12922  I 10012026 0610 01
   12920  I 10012026 0610 01
   12785  I 10012026 0610 02
   01231  I 10012026 0611 05
   01306  I 10012026 0612 02
   12854  I 10012026 0612 06
   01339  I 10012026 0612 06
   12615  I 10012026 0613 05
   12808  I 10012026 0613 05
   03179  I 10012026 0613 05
   10306  I 10012026 0614 02
   12700  I 10012026 0614 02
   11167  I 10012026 0614 01
   12692  I 10012026 0614 02
   09704  I 10012026 0614 06
   12967  I 10012026 0615 06
   12927  I 10012026 0615 02
   11400  I 10012026 0615 05
   12241  I 10012026 0615 02
   12889  I 10012026 0616 05
   11768  I 10012026 0616 06
   01423  I 10012026 0617 05
   03058  I 10012026 0618 02
   12802  I 10012026 0618 01
   12800  I 10012026 0618 02
   12761  I 10012026 0618 02
   12845  I 10012026 0618 06
   12823  I 10012026 0619 01
   11267  I 10012026 0619 02
   03120  I 10012026 0619 05
   12812  I 10012026 0619 06
   12149  I 10012026 0620 05
   12531  I 10012026 0620 06
   11223  I 10012026 0620 06
   11933  I 10012026 0621 01
   11493  I 10012026 0621 05
   10720  I 10012026 0621 06
   01479  I 10012026 0622 06
   01345  I 10012026 0622 05
   12632  I 10012026 0622 05
   12576  I 10012026 0622 05
   12140  I 10012026 0622 06
   12409  I 10012026 0622 06
   10169  I 10012026 0623 02
   11936  I 10012026 0623 06
   10736  I 10012026 0624 01
   10086  I 10012026 0624 05
   11774  I 10012026 0625 02
   01495  I 10012026 0625 05
   12246  I 10012026 0626 02
   12819  I 10012026 0626 06
   12814  I 10012026 0626 02
   12637  I 10012026 0627 06
   10176  I 10012026 0627 05
   10054  I 10012026 0627 02
   12058  I 10012026 0628 01
   12693  I 10012026 0628 06
   10199  I 10012026 0628 05
   12676  I 10012026 0628 06
   12833  I 10012026 0628 05
   12674  I 10012026 0628 06
   12110  I 10012026 0628 01
   01357  I 10012026 0629 06
   03018  I 10012026 0629 05
   12945  I 10012026 0630 06
   10795  I 10012026 0630 06
   10612  I 10012026 0630 13
   10425  I 10012026 0630 02
   12343  I 10012026 0631 06
   10843  I 10012026 0631 05
   12256  I 10012026 0631 05
   10787  I 10012026 0631 06
   03167  I 10012026 0632 05
   12873  I 10012026 0632 01
   10839  I 10012026 0632 06
   12081  I 10012026 0632 05
   10357  I 10012026 0633 06
   12396  I 10012026 0633 02
   12440  I 10012026 0633 05
   12826  I 10012026 0633 01
   01504  I 10012026 0633 02
   10605  I 10012026 0633 05
   12066  I 10012026 0634 05
   10766  I 10012026 0634 06
   01266  I 10012026 0634 05
   12711  I 10012026 0634 06
   12558  I 10012026 0634 06
   01379  I 10012026 0634 02
   12824  I 10012026 0634 01
   12390  I 10012026 0634 02
   12156  I 10012026 0635 06
   12594  I 10012026 0635 06
   12754  I 10012026 0635 05
   12317  I 10012026 0635 01
   10386  I 10012026 0635 02
   10606  I 10012026 0636 01
   10383  I 10012026 0636 05
   03176  I 10012026 0636 05
   03177  I 10012026 0636 01
   12687  I 10012026 0636 06
   12500  I 10012026 0636 06
   03059  I 10012026 0636 05
   12069  I 10012026 0637 06
   10449  I 10012026 0637 05
   12222  I 10012026 0637 05
   12064  I 10012026 0637 01
   12732  I 10012026 0637 06
   12871  I 10012026 0637 02
   12185  I 10012026 0637 01
   12084  I 10012026 0638 02
   12191  I 10012026 0638 01
   10698  I 10012026 0638 05
   10234  I 10012026 0638 02
   12234  I 10012026 0638 01
   10786  I 10012026 0638 06
   12162  I 10012026 0638 02
   11863  I 10012026 0638 06
   11222  I 10012026 0640 02
   12672  I 10012026 0641 01
   10291  I 10012026 0641 05
   12729  I 10012026 0641 05
   11726  I 10012026 0641 01
   10609  I 10012026 0641 05
   12804  I 10012026 0642 01
   10200  I 10012026 0642 05
   01433  I 10012026 0642 06
   11928  I 10012026 0642 05
   10135  I 10012026 0642 06
   12783  I 10012026 0642 05
   12943  I 10012026 0642 01
   12184  I 10012026 0643 06
   01422  I 10012026 0643 01
   12792  I 10012026 0643 01
   09833  I 10012026 0643 06
   11777  I 10012026 0643 05
   12815  I 10012026 0643 05
   12888  I 10012026 0643 06
   10144  I 10012026 0643 05
   03108  I 10012026 0644 09
   10841  I 10012026 0644 05
   12020  I 10012026 0644 05
   12269  I 10012026 0644 05
   12057  I 10012026 0644 02
   11522  I 10012026 0645 02
   12088  I 10012026 0645 06
   12825  I 10012026 0645 01
   10050  I 10012026 0645 02
   11166  I 10012026 0645 01
   10759  I 10012026 0645 01
   11404  I 10012026 0645 06
   12862  I 10012026 0645 01
   10811  I 10012026 0645 05
   10796  I 10012026 0645 02
   12568  I 10012026 0645 06
   12473  I 10012026 0646 05
   12578  I 10012026 0646 02
   11767  I 10012026 0646 05
   12638  I 10012026 0646 02
   01452  I 10012026 0647 02
   12688  I 10012026 0647 06
   11784  I 10012026 0647 02
   01511  I 10012026 0647 02
   12293  I 10012026 0647 05
   12803  I 10012026 0648 05
   12439  I 10012026 0648 02
   01471  I 10012026 0648 05
   10091  I 10012026 0648 05
   12451  I 10012026 0648 02
   12829  I 10012026 0649 02
   10754  I 10012026 0649 06
   10046  I 10012026 0649 01
   01477  I 10012026 0649 05
   10094  I 10012026 0649 02
   12540  I 10012026 0649 05
   10588  I 10012026 0649 05
   11248  I 10012026 0649 06
   10407  I 10012026 0649 10
   12221  I 10012026 0649 09
   12462  I 10012026 0649 05
   12305  I 10012026 0649 06
   09676  I 10012026 0650 02
   01415  I 10012026 0650 05
   10385  I 10012026 0650 05
   10222  I 10012026 0650 06
   12601  I 10012026 0650 02
   12946  I 10012026 0650 06
   01417  I 10012026 0650 06
   01374  I 10012026 0651 02
   12716  I 10012026 0651 06
   12710  I 10012026 0651 05
   12699  I 10012026 0652 01
   12456  I 10012026 0652 01
   12074  I 10012026 0652 02
   10765  I 10012026 0652 06
   10231  I 10012026 0652 01
   12799  I 10012026 0653 05
   11779  I 10012026 0653 02
   12187  I 10012026 0653 02
   12587  I 10012026 0653 02
   12805  I 10012026 0653 05
   11496  I 10012026 0653 06
   12852  I 10012026 0653 06
   03010  I 10012026 0653 05
   10505  I 10012026 0653 06
   12652  I 10012026 0653 02
   10589  I 10012026 0654 05
   12689  I 10012026 0654 05
   12730  I 10012026 0654 05
   12164  I 10012026 0654 02
   10334  I 10012026 0654 01
   12289  I 10012026 0655 06
   11688  I 10012026 0655 06
   12488  I 10012026 0656 06
   12878  I 10012026 0656 01
   11519  I 10012026 0656 05
   12357  I 10012026 0656 05
   12620  I 10012026 0656 06
   12614  I 10012026 0656 01
   11355  I 10012026 0657 01
   12059  I 10012026 0657 02
   11408  I 10012026 0657 02
   10046  O 10012026 0657 03
   12735  I 10012026 0657 05
   03101  I 10012026 0657 02
   12259  I 10012026 0657 06
   10046  I 10012026 0657 01
   11946  I 10012026 0657 05
   11692  I 10012026 0657 02
   12740  I 10012026 0658 02
   11943  I 10012026 0658 05
   12694  I 10012026 0658 01
   12325  I 10012026 0658 01
   12374  I 10012026 0659 01
   12657  I 10012026 0659 06
   10788  I 10012026 0659 06
   12737  I 10012026 0659 02
   12370  I 10012026 0659 06
   12877  I 10012026 0659 01
   12461  O 10012026 0700 03
   12502  O 10012026 0700 07
   10847  O 10012026 0700 08
   10243  O 10012026 0700 04
   11879  O 10012026 0700 11
   12961  O 10012026 0700 12
   10809  O 10012026 0700 03
   12501  O 10012026 0700 08
   10825  O 10012026 0700 07
   10318  O 10012026 0700 04
   12668  O 10012026 0700 03
   01470  O 10012026 0700 08
   12840  O 10012026 0700 11
   10700  O 10012026 0700 07
   12082  O 10012026 0700 11
   03080  O 10012026 0700 03
   12901  O 10012026 0700 12
   12230  O 10012026 0700 04
   01344  O 10012026 0700 08
   03053  O 10012026 0700 07
   11650  O 10012026 0700 03
   11937  O 10012026 0700 11
   10309  O 10012026 0700 12
   03104  O 10012026 0700 14
   12496  O 10012026 0700 11
   11765  O 10012026 0700 04
   12236  O 10012026 0700 08
   11646  O 10012026 0700 12
   12858  O 10012026 0700 07
   10607  O 10012026 0700 03
   01487  O 10012026 0700 04
   12049  O 10012026 0700 14
   03037  O 10012026 0700 08
   12821  O 10012026 0700 11
   12299  O 10012026 0700 12
   12624  I 10012026 0700 01
   10675  O 10012026 0700 03
   12720  O 10012026 0700 07
   12475  O 10012026 0700 11
   12417  O 10012026 0700 08
   03030  O 10012026 0700 14
   12598  O 10012026 0700 12
   12828  O 10012026 0700 04
   03126  I 10012026 0700 06
   12503  O 10012026 0700 07
   12894  O 10012026 0700 11
   12433  O 10012026 0700 03
   10724  I 10012026 0700 01
   12798  O 10012026 0700 04
   12610  O 10012026 0700 12
   10500  O 10012026 0700 07
   12339  O 10012026 0700 11
   01492  O 10012026 0700 08
   12472  O 10012026 0700 14
   12724  O 10012026 0700 04
   12244  O 10012026 0700 03
   12122  O 10012026 0700 07
   12298  O 10012026 0700 11
   11534  O 10012026 0700 08
   10712  I 10012026 0700 01
   12413  O 10012026 0700 04
   11169  O 10012026 0701 12
   11780  O 10012026 0701 03
   11607  O 10012026 0701 11
   03112  O 10012026 0701 07
   12125  I 10012026 0701 02
   12820  O 10012026 0701 14
   12485  O 10012026 0701 12
   10641  O 10012026 0701 08
   12553  O 10012026 0701 11
   10047  O 10012026 0701 04
   10224  O 10012026 0701 07
   12650  O 10012026 0701 12
   01341  O 10012026 0701 03
   10466  I 10012026 0701 01
   12642  O 10012026 0701 12
   10791  O 10012026 0701 07
   11724  O 10012026 0701 03
   12217  O 10012026 0701 04
   01320  O 10012026 0701 12
   12329  I 10012026 0701 02
   12471  O 10012026 0701 11
   11776  O 10012026 0701 08
   10573  O 10012026 0701 07
   11221  O 10012026 0701 03
   03027  O 10012026 0701 12
   12807  O 10012026 0701 11
   03078  O 10012026 0701 07
   12180  O 10012026 0701 08
   12189  O 10012026 0701 03
   12266  O 10012026 0701 04
   12678  O 10012026 0701 11
   11388  I 10012026 0701 06
   12359  O 10012026 0701 12
   10574  O 10012026 0701 11
   10223  O 10012026 0701 07
   11940  O 10012026 0701 03
   12938  O 10012026 0701 11
   03122  O 10012026 0701 08
   10232  O 10012026 0701 04
   10604  O 10012026 0701 03
   12846  O 10012026 0701 12
   03168  O 10012026 0701 07
   12097  I 10012026 0701 02
   12368  I 10012026 0701 01
   12530  O 10012026 0701 04
   10775  O 10012026 0701 08
   12849  O 10012026 0701 07
   12206  O 10012026 0701 04
   10817  O 10012026 0701 03
   12545  O 10012026 0702 03
   11942  O 10012026 0702 08
   03148  O 10012026 0702 03
   11538  O 10012026 0702 07
   12743  O 10012026 0702 08
   12949  O 10012026 0702 04
   12096  O 10012026 0702 03
   12731  O 10012026 0702 11
   01302  O 10012026 0702 08
   12736  O 10012026 0702 12
   10145  O 10012026 0702 04
   12138  O 10012026 0702 03
   12133  I 10012026 0702 02
   03032  O 10012026 0702 07
   10264  O 10012026 0702 11
   12670  O 10012026 0702 04
   10642  O 10012026 0702 08
   12372  O 10012026 0702 03
   12609  O 10012026 0702 07
   12224  O 10012026 0702 12
   12350  O 10012026 0702 04
   10673  O 10012026 0702 07
   11605  O 10012026 0702 11
   01448  O 10012026 0702 03
   12375  O 10012026 0702 12
   12722  O 10012026 0702 07
   01327  O 10012026 0702 12
   01276  I 10012026 0702 01
   12595  O 10012026 0702 12
   12142  O 10012026 0702 08
   12237  O 10012026 0702 07
   12726  O 10012026 0702 11
   12416  I 10012026 0703 06
   12611  I 10012026 0703 01
   12255  O 10012026 0703 08
   12639  O 10012026 0703 11
   12629  O 10012026 0703 07
   12337  O 10012026 0703 03
   12742  O 10012026 0703 04
   11772  O 10012026 0703 07
   10146  O 10012026 0703 08
   12612  O 10012026 0703 03
   12623  O 10012026 0703 03
   11719  I 10012026 0703 01
   12093  I 10012026 0703 02
   12816  O 10012026 0703 04
   12123  O 10012026 0703 11
   10350  I 10012026 0703 09
   12755  O 10012026 0703 03
   12701  O 10012026 0703 04
   12647  O 10012026 0703 04
   12355  O 10012026 0703 03
   11848  O 10012026 0704 11
   01369  I 10012026 0704 01
   12148  O 10012026 0704 04
   12809  O 10012026 0704 11
   12302  O 10012026 0704 07
   12818  O 10012026 0704 03
   12353  O 10012026 0704 08
   12673  O 10012026 0704 04
   10055  I 10012026 0704 01
   10808  O 10012026 0704 07
   12764  I 10012026 0704 06
   11494  O 10012026 0704 11
   12486  O 10012026 0705 11
   12532  O 10012026 0705 12
   12090  O 10012026 0705 07
   12640  I 10012026 0705 02
   12415  O 10012026 0705 12
   12759  O 10012026 0705 04
   12397  O 10012026 0705 03
   12718  O 10012026 0705 03
   12872  O 10012026 0705 04
   12950  O 10012026 0705 03
   12924  O 10012026 0705 04
   12957  O 10012026 0705 03
   12021  O 10012026 0706 14
   12898  O 10012026 0706 03
   10240  O 10012026 0706 07
   10658  O 10012026 0706 14
   12929  O 10012026 0706 03
   12863  O 10012026 0706 04
   11787  O 10012026 0706 11
   12085  O 10012026 0706 03
   12141  I 10012026 0706 02
   11286  O 10012026 0706 03
   01396  I 10012026 0706 05
   12717  I 10012026 0706 01
   03088  I 10012026 0706 01
   12667  O 10012026 0707 03
   12791  O 10012026 0707 04
   12762  O 10012026 0707 03
   01446  O 10012026 0708 11
   12963  O 10012026 0708 04
   12546  O 10012026 0708 12
   01356  O 10012026 0708 03
   11387  O 10012026 0708 07
   01373  O 10012026 0708 08
   12944  O 10012026 0709 03
   01234  O 10012026 0709 04
   11402  O 10012026 0709 12
   12926  O 10012026 0711 03
   12855  O 10012026 0711 04
   12128  O 10012026 0711 12
   12663  O 10012026 0711 11
   03001  O 10012026 0711 12
   12583  O 10012026 0711 11
   12810  O 10012026 0712 11
   12476  O 10012026 0712 04
   12412  O 10012026 0712 12
   12371  O 10012026 0713 08
   11390  O 10012026 0714 08
   11250  O 10012026 0714 12
   12682  O 10012026 0714 12
   03152  O 10012026 0715 07
   12827  O 10012026 0715 03
   01367  O 10012026 0716 07
   12349  O 10012026 0717 03
   10026  O 10012026 0718 07
   12919  O 10012026 0718 03
   10287  O 10012026 0719 11
   12147  O 10012026 0720 04
   12199  O 10012026 0720 03
   03103  O 10012026 0723 04
   10140  O 10012026 0723 07
   10705  O 10012026 0723 11
   12205  O 10012026 0723 03
   12183  I 10012026 0724 06
   12208  O 10012026 0727 12
   12291  O 10012026 0737 03
   01413  O 10012026 0738 12
   03017  O 10012026 0741 11
   03151  I 10012026 0746 02
