   10201  O 09112026 0300 03
   03068  I 09112026 0443 05
   09823  I 09112026 0525 06
   11690  I 09112026 0530 06
   01468  I 09112026 0530 05
   12249  I 09112026 0539 05
   03026  I 09112026 0539 01
   10333  I 09112026 0540 05
   03182  I 09112026 0545 06
   12457  I 09112026 0545 05
   12540  I 09112026 0547 05
   12558  I 09112026 0547 06
   12692  I 09112026 0550 01
   03179  I 09112026 0550 05
   03007  I 09112026 0551 06
   01335  I 09112026 0553 05
   12756  I 09112026 0554 06
   12890  I 09112026 0555 05
   11848  I 09112026 0555 06
   12725  I 09112026 0558 06
   01402  I 09112026 0558 05
   03062  I 09112026 0559 06
   10202  I 09112026 0602 06
   01231  I 09112026 0603 05
   10127  I 09112026 0603 06
   10765  I 09112026 0603 05
   11935  I 09112026 0603 06
   12185  I 09112026 0605 01
   10849  I 09112026 0605 01
   12844  I 09112026 0606 02
   12651  I 09112026 0606 06
   01319  I 09112026 0606 02
   11928  I 09112026 0608 05
   12785  I 09112026 0608 01
   10083  I 09112026 0609 06
   10736  O 09112026 0609 03
   10736  I 09112026 0609 02
   12897  I 09112026 0609 05
   12632  I 09112026 0611 05
   09704  I 09112026 0611 06
   12922  I 09112026 0612 01
   01306  I 09112026 0613 02
   12967  I 09112026 0613 05
   03120  I 09112026 0613 05
   12821  I 09112026 0613 05
   12965  I 09112026 0614 02
   10021  I 09112026 0614 06
   01481  I 09112026 0614 05
   10071  I 09112026 0614 05
   11267  I 09112026 0614 01
   12637  I 09112026 0616 06
   03172  I 09112026 0617 05
   12812  I 09112026 0617 06
   12847  I 09112026 0618 02
   12644  I 09112026 0618 06
   12531  I 09112026 0618 06
   11767  I 09112026 0618 05
   12920  I 09112026 0619 01
   12808  I 09112026 0620 05
   12888  I 09112026 0620 06
   03135  I 09112026 0620 01
   12792  I 09112026 0621 01
   11933  I 09112026 0621 02
   12256  I 09112026 0621 05
   12802  I 09112026 0621 02
   12845  I 09112026 0621 06
   12927  I 09112026 0622 01
   12396  I 09112026 0623 02
   01495  I 09112026 0623 06
   10612  I 09112026 0623 06
   11768  I 09112026 0623 05
   10795  I 09112026 0625 06
   12110  I 09112026 0625 01
   11223  I 09112026 0625 06
   12822  I 09112026 0625 01
   12786  I 09112026 0626 02
   12390  I 09112026 0626 01
   11400  I 09112026 0626 05
   12267  I 09112026 0626 05
   10831  I 09112026 0626 06
   12080  I 09112026 0627 06
   03018  I 09112026 0627 05
   10231  I 09112026 0627 01
   12814  I 09112026 0627 02
   10221  I 09112026 0627 02
   12674  I 09112026 0629 06
   12594  I 09112026 0629 06
   10766  I 09112026 0629 06
   12615  I 09112026 0629 05
   10843  I 09112026 0629 06
   11167  I 09112026 0629 01
   12140  I 09112026 0630 06
   10425  I 09112026 0630 02
   11498  I 09112026 0631 05
   11493  I 09112026 0631 05
   12833  I 09112026 0632 06
   01266  I 09112026 0632 05
   12343  I 09112026 0632 06
   10386  I 09112026 0632 02
   12647  I 09112026 0633 01
   12115  I 09112026 0634 01
   12056  I 09112026 0634 01
   03061  I 09112026 0634 06
   12826  I 09112026 0634 01
   10759  I 09112026 0635 06
   10050  I 09112026 0635 02
   12440  I 09112026 0635 05
   01317  I 09112026 0635 02
   10576  I 09112026 0636 02
   12057  I 09112026 0636 01
   10054  I 09112026 0637 02
   01232  I 09112026 0637 01
   12234  I 09112026 0637 01
   12162  I 09112026 0637 02
   10841  I 09112026 0638 05
   12800  I 09112026 0638 02
   03167  I 09112026 0638 05
   12058  I 09112026 0638 01
   12246  I 09112026 0638 02
   11863  I 09112026 0638 06
   11688  I 09112026 0638 06
   12376  I 09112026 0638 06
   12081  I 09112026 0638 06
   12853  I 09112026 0639 05
   10291  I 09112026 0639 05
   10827  I 09112026 0639 01
   10357  I 09112026 0639 06
   10176  I 09112026 0639 05
   12625  I 09112026 0639 06
   09833  I 09112026 0639 05
   12066  I 09112026 0640 06
   01479  I 09112026 0640 06
   11222  I 09112026 0640 05
   01356  I 09112026 0640 01
   12020  I 09112026 0641 06
   03176  I 09112026 0641 05
   10606  I 09112026 0641 01
   12183  I 09112026 0641 06
   12701  I 09112026 0641 01
   12693  I 09112026 0642 06
   03010  I 09112026 0642 05
   10094  I 09112026 0642 01
   01504  I 09112026 0642 02
   12661  I 09112026 0642 05
   12472  I 09112026 0642 06
   12688  I 09112026 0642 05
   12191  I 09112026 0642 02
   12894  I 09112026 0642 06
   12094  I 09112026 0642 05
   12825  I 09112026 0642 02
   11784  I 09112026 0643 01
   03027  I 09112026 0643 05
   12055  I 09112026 0643 01
   11787  I 09112026 0643 06
   12754  I 09112026 0643 05
   12084  I 09112026 0643 02
   03108  I 09112026 0643 09
   12873  I 09112026 0643 01
   10811  I 09112026 0643 05
   11726  I 09112026 0643 01
   12473  I 09112026 0643 06
   03059  I 09112026 0643 05
   01345  I 09112026 0644 06
   12350  I 09112026 0644 01
   10222  I 09112026 0644 06
   12289  I 09112026 0644 06
   11166  I 09112026 0645 01
   12383  I 09112026 0645 02
   12763  I 09112026 0645 01
   01452  I 09112026 0645 02
   01477  I 09112026 0645 05
   12439  I 09112026 0645 02
   12669  I 09112026 0645 06
   10385  I 09112026 0645 05
   12601  I 09112026 0646 01
   03151  I 09112026 0646 02
   10522  I 09112026 0646 06
   10589  I 09112026 0647 05
   12130  I 09112026 0647 02
   12620  I 09112026 0647 05
   12064  I 09112026 0647 06
   12716  I 09112026 0647 06
   11248  I 09112026 0647 06
   10786  I 09112026 0647 05
   12878  I 09112026 0647 02
   12622  I 09112026 0647 01
   12456  I 09112026 0647 01
   12156  O 09112026 0647 03
   12156  I 09112026 0648 02
   11404  I 09112026 0648 06
   03058  I 09112026 0648 06
   10609  I 09112026 0648 05
   10234  I 09112026 0648 02
   12373  I 09112026 0648 01
   01511  I 09112026 0648 02
   12357  I 09112026 0648 01
   01357  I 09112026 0648 06
   01433  I 09112026 0649 06
   12339  I 09112026 0649 05
   12871  I 09112026 0649 01
   12578  I 09112026 0649 02
   10144  I 09112026 0649 06
   01374  I 09112026 0650 01
   12699  I 09112026 0650 01
   11398  I 09112026 0650 06
   12221  I 09112026 0650 09
   10407  I 09112026 0650 10
   01379  I 09112026 0650 02
   10796  I 09112026 0650 01
   12791  I 09112026 0651 01
   12805  I 09112026 0651 05
   01499  I 09112026 0651 06
   12222  I 09112026 0651 05
   12732  I 09112026 0651 06
   12672  I 09112026 0651 01
   12568  I 09112026 0651 05
   10588  I 09112026 0651 05
   12901  I 09112026 0651 06
   12500  O 09112026 0652 07
   12451  I 09112026 0652 02
   10086  I 09112026 0652 05
   12538  I 09112026 0652 02
   12368  I 09112026 0652 06
   12500  I 09112026 0652 06
   01415  I 09112026 0652 05
   12074  I 09112026 0652 02
   12299  I 09112026 0652 06
   11774  I 09112026 0652 02
   12904  I 09112026 0652 01
   10785  I 09112026 0652 06
   12638  I 09112026 0652 01
   12259  I 09112026 0652 01
   12854  I 09112026 0652 06
   12372  I 09112026 0652 02
   10830  I 09112026 0652 01
   09676  I 09112026 0653 02
   01471  I 09112026 0653 05
   12852  I 09112026 0653 06
   10091  I 09112026 0653 05
   12187  I 09112026 0653 06
   01510  I 09112026 0653 02
   11779  I 09112026 0654 05
   03126  I 09112026 0654 01
   12943  I 09112026 0654 01
   03088  I 09112026 0654 01
   12815  I 09112026 0654 05
   12093  I 09112026 0654 06
   12846  I 09112026 0654 02
   12730  I 09112026 0654 05
   12341  I 09112026 0654 02
   12305  I 09112026 0655 05
   10505  I 09112026 0655 06
   11408  I 09112026 0656 02
   12689  I 09112026 0656 06
   12687  I 09112026 0656 05
   12652  I 09112026 0656 02
   11496  I 09112026 0656 01
   12946  I 09112026 0656 06
   12164  I 09112026 0657 02
   12088  I 09112026 0657 01
   12657  I 09112026 0657 06
   12862  I 09112026 0658 01
   12325  I 09112026 0658 02
   11777  I 09112026 0659 05
   12125  I 09112026 0659 02
   10334  I 09112026 0659 01
   12828  I 09112026 0659 01
   12819  I 09112026 0659 06
   10466  I 09112026 0659 01
   10574  O 09112026 0700 12
   11355  I 09112026 0700 02
   10243  O 09112026 0700 03
   10318  O 09112026 0700 04
   03053  O 09112026 0700 07
   10788  I 09112026 0700 06
   12858  O 09112026 0700 08
   10809  O 09112026 0700 03
   12415  O 09112026 0700 12
   11693  O 09112026 0700 07
   11789  I 09112026 0700 06
   10070  O 09112026 0700 11
   11879  O 09112026 0700 08
   12293  I 09112026 0700 05
   11286  O 09112026 0700 03
   12720  O 09112026 0700 07
   12184  O 09112026 0700 14
   12957  O 09112026 0700 04
   12682  O 09112026 0700 12
   10449  I 09112026 0700 05
   12627  O 09112026 0700 08
   10700  O 09112026 0700 07
   12460  O 09112026 0700 03
   11650  O 09112026 0700 04
   10658  O 09112026 0700 14
   01487  O 09112026 0700 03
   12809  O 09112026 0700 12
   10350  I 09112026 0700 01
   01470  O 09112026 0700 08
   11692  I 09112026 0700 02
   10728  O 09112026 0700 07
   12217  O 09112026 0700 04
   12532  O 09112026 0700 11
   01296  O 09112026 0700 14
   10309  O 09112026 0700 12
   10611  I 09112026 0700 09
   01344  O 09112026 0700 08
   12097  O 09112026 0700 11
   03037  O 09112026 0700 07
   01355  O 09112026 0700 03
   12049  O 09112026 0700 14
   01351  O 09112026 0700 08
   03032  O 09112026 0700 12
   12307  O 09112026 0700 11
   12355  O 09112026 0700 03
   10673  O 09112026 0700 07
   12938  O 09112026 0700 11
   10581  O 09112026 0700 08
   12575  O 09112026 0700 12
   12244  O 09112026 0700 04
   10791  O 09112026 0700 07
   11221  O 09112026 0700 03
   10617  O 09112026 0700 08
   10177  O 09112026 0700 07
   12082  O 09112026 0700 11
   12869  O 09112026 0700 12
   12021  O 09112026 0700 14
   11780  O 09112026 0701 03
   11772  O 09112026 0701 07
   11937  O 09112026 0701 11
   12148  O 09112026 0701 04
   12237  O 09112026 0701 08
   12208  O 09112026 0701 12
   10500  O 09112026 0701 07
   10373  O 09112026 0701 11
   10726  O 09112026 0701 08
   10641  O 09112026 0701 07
   01396  I 09112026 0701 06
   10264  O 09112026 0701 12
   11388  I 09112026 0701 01
   12298  O 09112026 0701 11
   10712  I 09112026 0701 06
   12726  O 09112026 0701 12
   12804  O 09112026 0701 07
   12610  O 09112026 0701 12
   10358  O 09112026 0701 11
   12236  O 09112026 0701 08
   12598  O 09112026 0701 12
   12370  O 09112026 0701 11
   12735  I 09112026 0701 05
   12743  O 09112026 0701 07
   12740  I 09112026 0701 02
   12841  I 09112026 0701 01
   12851  O 09112026 0701 12
   11494  O 09112026 0701 11
   10780  O 09112026 0701 12
   12131  O 09112026 0701 04
   12502  O 09112026 0701 11
   11942  O 09112026 0701 07
   12737  I 09112026 0701 02
   11538  O 09112026 0701 08
   12474  O 09112026 0701 11
   12673  O 09112026 0701 12
   12653  O 09112026 0701 12
   12530  O 09112026 0701 03
   10825  O 09112026 0701 08
   12501  O 09112026 0701 07
   12810  O 09112026 0701 11
   12241  O 09112026 0701 04
   12260  O 09112026 0701 11
   12799  I 09112026 0701 01
   12823  O 09112026 0701 03
   12413  O 09112026 0701 08
   03122  O 09112026 0701 12
   12759  O 09112026 0702 03
   10146  O 09112026 0702 07
   12397  O 09112026 0702 04
   11522  I 09112026 0702 02
   12929  O 09112026 0702 03
   11765  O 09112026 0702 12
   12718  O 09112026 0702 04
   12353  O 09112026 0702 07
   12485  O 09112026 0702 12
   12085  O 09112026 0702 03
   01446  O 09112026 0702 08
   11390  O 09112026 0702 12
   12863  O 09112026 0702 04
   12630  I 09112026 0702 02
   10523  O 09112026 0702 03
   01483  O 09112026 0702 08
   10223  O 09112026 0702 07
   12553  O 09112026 0702 12
   12205  O 09112026 0702 04
   10232  O 09112026 0702 03
   12342  O 09112026 0702 12
   03104  O 09112026 0702 14
   12790  O 09112026 0702 04
   12206  O 09112026 0702 03
   12433  O 09112026 0702 04
   12069  O 09112026 0702 11
   12695  O 09112026 0702 03
   12471  O 09112026 0702 08
   12090  O 09112026 0702 07
   12755  O 09112026 0702 03
   10808  O 09112026 0702 07
   03153  O 09112026 0702 11
   12840  O 09112026 0703 08
   12742  O 09112026 0703 03
   10605  O 09112026 0703 07
   11936  O 09112026 0703 08
   12623  O 09112026 0703 03
   12872  O 09112026 0703 04
   01436  O 09112026 0703 07
   12463  O 09112026 0703 12
   01369  I 09112026 0703 01
   12898  O 09112026 0703 03
   10642  O 09112026 0703 08
   10383  I 09112026 0703 06
   12475  O 09112026 0703 07
   12762  O 09112026 0703 03
   12764  I 09112026 0703 06
   12963  O 09112026 0703 04
   12612  O 09112026 0703 03
   10378  I 09112026 0703 01
   12676  O 09112026 0703 12
   12816  O 09112026 0703 03
   11652  O 09112026 0703 04
   12374  I 09112026 0703 02
   12877  I 09112026 0703 01
   12849  O 09112026 0703 07
   12650  O 09112026 0703 12
   12666  O 09112026 0703 08
   11719  I 09112026 0703 02
   12642  O 09112026 0703 12
   12694  I 09112026 0703 01
   11647  O 09112026 0703 07
   12112  O 09112026 0703 11
   10356  O 09112026 0703 08
   12629  O 09112026 0703 07
   11392  I 09112026 0703 02
   12123  O 09112026 0704 11
   12950  O 09112026 0704 12
   12677  O 09112026 0704 07
   11943  I 09112026 0704 01
   10724  I 09112026 0704 02
   12670  O 09112026 0704 04
   12741  O 09112026 0704 03
   10754  O 09112026 0704 07
   10675  O 09112026 0704 03
   12818  O 09112026 0704 03
   01276  I 09112026 0704 01
   01448  O 09112026 0704 03
   10017  O 09112026 0704 08
   12486  O 09112026 0704 12
   03118  O 09112026 0704 07
   03101  I 09112026 0705 02
   12861  O 09112026 0705 12
   11607  O 09112026 0705 12
   12141  I 09112026 0705 02
   12595  O 09112026 0705 12
   12306  O 09112026 0705 07
   12711  O 09112026 0705 08
   10224  O 09112026 0705 07
   12133  I 09112026 0705 01
   03112  O 09112026 0705 08
   12666  I 09112026 0705 01
   11250  O 09112026 0705 12
   12666  O 09112026 0705 04
   12721  O 09112026 0705 08
   12738  O 09112026 0705 03
   12889  O 09112026 0706 04
   03105  I 09112026 0706 02
   12827  O 09112026 0706 03
   12248  O 09112026 0706 03
   12640  I 09112026 0706 02
   12874  O 09112026 0706 04
   12639  O 09112026 0706 12
   03141  O 09112026 0706 12
   12886  I 09112026 0706 01
   12717  I 09112026 0706 05
   10055  I 09112026 0706 01
   12151  I 09112026 0706 02
   12829  O 09112026 0707 03
   12337  O 09112026 0707 03
   03035  O 09112026 0707 12
   10046  I 09112026 0707 01
   12544  O 09112026 0707 08
   10140  O 09112026 0707 07
   01325  O 09112026 0707 08
   12255  O 09112026 0708 12
   01367  O 09112026 0708 08
   01459  O 09112026 0709 12
   12926  O 09112026 0709 03
   12855  O 09112026 0709 04
   12349  O 09112026 0709 03
   12919  O 09112026 0710 07
   03001  O 09112026 0710 12
   12476  O 09112026 0710 07
   10585  O 09112026 0711 04
   12706  O 09112026 0711 11
   10573  O 09112026 0711 04
   01425  O 09112026 0711 12
   12199  O 09112026 0712 04
   11387  O 09112026 0712 07
   01373  O 09112026 0712 08
   12412  O 09112026 0712 12
   01428  O 09112026 0712 07
   12489  I 09112026 0713 02
   12135  O 09112026 0713 04
   10287  O 09112026 0714 11
   10697  O 09112026 0714 11
   12351  O 09112026 0714 08
   10073  O 09112026 0714 12
   12369  O 09112026 0715 12
   12122  O 09112026 0718 07
   03017  O 09112026 0718 11
   12359  O 09112026 0718 03
