   09823  I 09182026 0524 06
   12678  I 09182026 0540 06
   12089  I 09182026 0544 05
   11690  I 09182026 0548 05
   03007  I 09182026 0549 06
   12628  I 09182026 0552 05
   03148  I 09182026 0556 02
   10202  I 09182026 0558 06
   12844  I 09182026 0559 02
   12692  I 09182026 0559 05
   12392  I 09182026 0559 05
   10809  I 09182026 0600 01
   11267  I 09182026 0603 01
   01231  I 09182026 0604 05
   11493  I 09182026 0604 05
   11848  I 09182026 0605 05
   12632  I 09182026 0608 05
   12644  I 09182026 0608 06
   12965  I 09182026 0610 02
   03029  I 09182026 0612 06
   10201  O 09182026 0612 03
   10310  I 09182026 0612 06
   10201  I 09182026 0612 02
   12856  I 09182026 0612 01
   12625  I 09182026 0612 05
   12664  I 09182026 0612 06
   12583  I 09182026 0612 06
   12461  I 09182026 0613 01
   10083  I 09182026 0614 06
   12947  I 09182026 0614 02
   03151  I 09182026 0615 01
   10736  O 09182026 0615 03
   12897  I 09182026 0615 01
   10736  I 09182026 0615 02
   10456  I 09182026 0615 05
   12497  I 09182026 0616 01
   12291  I 09182026 0617 01
   10663  I 09182026 0617 05
   12128  I 09182026 0617 06
   12140  I 09182026 0617 06
   10073  I 09182026 0618 05
   03119  I 09182026 0619 06
   12791  I 09182026 0619 01
   12760  I 09182026 0619 02
   12072  I 09182026 0619 02
   12948  I 09182026 0620 01
   03173  I 09182026 0620 06
   12812  I 09182026 0620 06
   10054  I 09182026 0620 02
   10678  I 09182026 0621 02
   10117  I 09182026 0621 05
   12810  I 09182026 0621 06
   12637  I 09182026 0621 06
   12761  I 09182026 0622 02
   10706  I 09182026 0622 05
   12676  I 09182026 0623 05
   12780  I 09182026 0623 06
   10373  I 09182026 0623 02
   12831  I 09182026 0623 01
   12758  I 09182026 0624 01
   01495  I 09182026 0624 05
   12699  I 09182026 0625 01
   01449  I 09182026 0625 05
   12903  I 09182026 0626 01
   11945  I 09182026 0626 05
   10240  I 09182026 0626 06
   12712  I 09182026 0627 05
   12887  I 09182026 0627 01
   10100  I 09182026 0627 06
   12949  I 09182026 0628 01
   12267  I 09182026 0628 05
   01432  I 09182026 0628 05
   11605  I 09182026 0629 05
   01266  I 09182026 0629 05
   11942  I 09182026 0630 06
   12762  O 09182026 0630 03
   12645  I 09182026 0630 05
   12762  I 09182026 0630 02
   12317  I 09182026 0630 01
   12813  I 09182026 0631 06
   12756  I 09182026 0631 06
   12530  I 09182026 0632 02
   12693  I 09182026 0632 06
   12334  I 09182026 0632 02
   10786  I 09182026 0632 05
   10177  I 09182026 0633 05
   10184  I 09182026 0633 06
   10605  I 09182026 0633 06
   12247  I 09182026 0633 01
   03077  I 09182026 0634 06
   10766  I 09182026 0634 05
   12832  I 09182026 0634 06
   12945  I 09182026 0635 06
   12669  I 09182026 0635 05
   03061  I 09182026 0635 06
   11687  I 09182026 0636 01
   12944  I 09182026 0636 01
   10357  I 09182026 0636 06
   12723  I 09182026 0636 02
   12833  I 09182026 0636 06
   12368  I 09182026 0637 06
   10047  I 09182026 0637 02
   12716  I 09182026 0637 06
   11928  O 09182026 0637 08
   03168  I 09182026 0637 06
   11928  I 09182026 0638 05
   10775  I 09182026 0638 06
   12555  I 09182026 0638 01
   10754  I 09182026 0638 02
   10232  I 09182026 0638 02
   03085  I 09182026 0638 06
   10827  I 09182026 0638 01
   12234  I 09182026 0638 02
   11724  I 09182026 0639 01
   12306  I 09182026 0639 05
   12930  I 09182026 0639 02
   12356  I 09182026 0639 02
   12020  I 09182026 0639 06
   12647  I 09182026 0639 01
   12350  I 09182026 0639 01
   12731  I 09182026 0640 05
   12146  I 09182026 0640 01
   12376  I 09182026 0640 06
   12156  O 09182026 0640 07
   12961  I 09182026 0640 06
   12156  I 09182026 0640 06
   12662  I 09182026 0640 02
   12557  I 09182026 0640 01
   12056  I 09182026 0641 01
   12951  I 09182026 0641 02
   10759  I 09182026 0641 06
   12853  I 09182026 0641 05
   10598  I 09182026 0641 06
   01504  I 09182026 0641 02
   12609  I 09182026 0641 05
   10285  I 09182026 0641 06
   10847  I 09182026 0641 05
   01356  I 09182026 0641 01
   12067  I 09182026 0641 05
   12191  I 09182026 0642 02
   12729  I 09182026 0642 05
   12084  I 09182026 0642 01
   11863  I 09182026 0642 06
   12116  I 09182026 0642 05
   12142  I 09182026 0642 06
   12764  I 09182026 0642 06
   12663  I 09182026 0642 06
   11402  I 09182026 0642 05
   10425  I 09182026 0642 02
   01345  I 09182026 0642 06
   12049  I 09182026 0643 05
   12472  I 09182026 0643 06
   03124  I 09182026 0643 01
   11787  I 09182026 0643 06
   01232  I 09182026 0643 06
   11776  I 09182026 0643 05
   03078  I 09182026 0643 06
   12383  I 09182026 0643 02
   12793  I 09182026 0644 01
   11169  I 09182026 0644 05
   12499  I 09182026 0644 06
   03027  I 09182026 0644 05
   03159  I 09182026 0644 09
   01452  I 09182026 0644 02
   03058  I 09182026 0644 06
   03123  I 09182026 0644 06
   12066  I 09182026 0644 06
   11940  I 09182026 0645 06
   01302  I 09182026 0645 06
   12753  I 09182026 0645 05
   12138  I 09182026 0645 02
   10050  I 09182026 0645 02
   12082  I 09182026 0645 06
   11166  I 09182026 0645 01
   11411  I 09182026 0645 01
   03080  I 09182026 0645 02
   11534  I 09182026 0645 06
   12825  I 09182026 0645 01
   11694  I 09182026 0645 05
   10287  I 09182026 0645 06
   12578  I 09182026 0645 02
   10449  I 09182026 0646 05
   12439  I 09182026 0646 02
   10841  I 09182026 0646 05
   10490  I 09182026 0647 06
   12416  I 09182026 0647 05
   10700  I 09182026 0647 06
   10794  I 09182026 0647 06
   03001  I 09182026 0647 05
   11937  I 09182026 0647 06
   12598  I 09182026 0647 06
   12359  I 09182026 0647 06
   12451  I 09182026 0647 02
   12222  I 09182026 0647 05
   10574  I 09182026 0647 05
   11495  I 09182026 0647 02
   12805  I 09182026 0648 05
   10609  I 09182026 0648 06
   03120  I 09182026 0648 05
   12488  I 09182026 0648 06
   12901  I 09182026 0648 06
   10830  I 09182026 0648 01
   11168  I 09182026 0648 06
   12412  I 09182026 0648 05
   12757  I 09182026 0648 06
   12631  I 09182026 0648 06
   12763  I 09182026 0649 06
   10669  I 09182026 0649 02
   12798  I 09182026 0649 02
   10469  I 09182026 0649 02
   10607  I 09182026 0649 01
   12123  I 09182026 0650 06
   12374  I 09182026 0650 01
   12843  I 09182026 0650 01
   12221  I 09182026 0650 09
   10407  I 09182026 0651 10
   12462  I 09182026 0651 05
   12538  I 09182026 0651 02
   01499  I 09182026 0651 06
   12736  I 09182026 0652 02
   01374  I 09182026 0652 01
   01510  I 09182026 0652 02
   12846  I 09182026 0652 05
   12305  I 09182026 0652 06
   12755  I 09182026 0652 02
   12819  I 09182026 0652 06
   10796  I 09182026 0652 02
   01492  I 09182026 0653 06
   12690  I 09182026 0653 06
   12204  I 09182026 0653 01
   12417  I 09182026 0653 06
   10245  I 09182026 0653 01
   12829  I 09182026 0653 01
   12878  I 09182026 0653 01
   12206  I 09182026 0653 02
   10384  I 09182026 0653 05
   11408  I 09182026 0653 02
   01456  I 09182026 0654 06
   11784  I 09182026 0654 05
   12543  I 09182026 0654 01
   12187  I 09182026 0654 06
   10588  I 09182026 0654 05
   12369  I 09182026 0654 06
   01415  I 09182026 0654 05
   12372  I 09182026 0654 02
   12670  I 09182026 0655 01
   10697  I 09182026 0655 05
   12341  I 09182026 0655 02
   12275  I 09182026 0655 06
   10611  I 09182026 0655 09
   11943  I 09182026 0655 05
   12614  I 09182026 0656 01
   11519  I 09182026 0656 01
   12371  I 09182026 0656 05
   12667  I 09182026 0656 02
   12298  I 09182026 0656 02
   12807  I 09182026 0656 06
   11537  I 09182026 0656 06
   12238  I 09182026 0656 01
   10334  I 09182026 0657 02
   11496  I 09182026 0657 01
   11692  I 09182026 0657 01
   12657  I 09182026 0657 02
   01405  I 09182026 0657 06
   12076  I 09182026 0659 01
   11522  I 09182026 0659 02
   11774  O 09182026 0700 04
   12471  O 09182026 0700 07
   12260  O 09182026 0700 11
   12672  O 09182026 0700 03
   10658  O 09182026 0700 14
   12576  O 09182026 0700 04
   10831  O 09182026 0700 12
   12080  O 09182026 0700 07
   03167  O 09182026 0700 08
   10070  O 09182026 0700 11
   12164  I 09182026 0700 02
   11167  O 09182026 0700 03
   10825  O 09182026 0700 08
   12307  O 09182026 0700 11
   12601  O 09182026 0700 04
   03018  O 09182026 0700 07
   12021  O 09182026 0700 14
   10333  O 09182026 0700 03
   12532  O 09182026 0700 11
   10787  O 09182026 0700 07
   12852  O 09182026 0700 12
   12098  O 09182026 0700 08
   03030  O 09182026 0700 14
   12622  O 09182026 0700 04
   12732  O 09182026 0700 11
   12130  O 09182026 0700 03
   12373  I 09182026 0700 02
   12293  I 09182026 0700 05
   10127  O 09182026 0700 08
   11392  O 09182026 0700 07
   12627  O 09182026 0700 11
   10386  O 09182026 0700 04
   11355  I 09182026 0700 01
   12854  O 09182026 0700 12
   12357  O 09182026 0700 03
   10522  O 09182026 0700 07
   12496  O 09182026 0700 14
   01357  O 09182026 0700 08
   12673  O 09182026 0700 12
   12821  O 09182026 0700 11
   12804  O 09182026 0700 04
   03059  O 09182026 0700 07
   12540  O 09182026 0700 03
   12259  O 09182026 0700 08
   12475  O 09182026 0700 11
   12558  O 09182026 0700 04
   12375  O 09182026 0700 12
   12473  O 09182026 0700 14
   12456  O 09182026 0700 03
   12735  O 09182026 0700 08
   12299  O 09182026 0700 11
   01319  O 09182026 0700 04
   12808  O 09182026 0700 07
   12531  O 09182026 0700 03
   10071  O 09182026 0700 12
   10612  O 09182026 0700 14
   12710  O 09182026 0700 11
   12339  O 09182026 0700 11
   12396  O 09182026 0700 03
   12397  O 09182026 0700 04
   01433  O 09182026 0700 07
   12967  O 09182026 0700 12
   12457  O 09182026 0700 08
   12069  O 09182026 0700 11
   01402  O 09182026 0701 07
   12486  O 09182026 0701 12
   12824  O 09182026 0701 03
   12894  O 09182026 0701 11
   01335  O 09182026 0701 07
   12501  O 09182026 0701 03
   11688  O 09182026 0701 08
   12409  O 09182026 0701 11
   12568  O 09182026 0701 12
   12786  O 09182026 0701 04
   12055  O 09182026 0701 03
   11248  O 09182026 0701 11
   12820  O 09182026 0701 14
   10222  O 09182026 0701 08
   12957  O 09182026 0701 07
   12847  O 09182026 0701 04
   10221  O 09182026 0701 03
   12097  O 09182026 0701 11
   12845  O 09182026 0701 12
   03161  I 09182026 0701 01
   10021  O 09182026 0701 11
   11387  O 09182026 0701 07
   12133  O 09182026 0701 03
   12814  O 09182026 0701 04
   10291  O 09182026 0701 08
   12184  I 09182026 0701 01
   12093  I 09182026 0701 06
   12217  O 09182026 0701 04
   12094  O 09182026 0701 11
   10698  O 09182026 0701 07
   10839  O 09182026 0701 12
   12920  O 09182026 0701 03
   12149  O 09182026 0701 12
   12153  I 09182026 0701 01
   10467  O 09182026 0701 04
   11693  O 09182026 0701 08
   10712  I 09182026 0701 06
   03136  I 09182026 0701 01
   03088  O 09182026 0701 04
   12818  O 09182026 0701 03
   12694  I 09182026 0701 02
   12904  O 09182026 0701 04
   12740  O 09182026 0701 03
   10091  O 09182026 0701 08
   10589  O 09182026 0702 07
   12799  O 09182026 0702 04
   12440  O 09182026 0702 08
   10231  O 09182026 0702 03
   10144  O 09182026 0702 07
   03068  O 09182026 0702 04
   10378  I 09182026 0702 01
   03141  O 09182026 0702 12
   10086  O 09182026 0702 07
   11221  O 09182026 0702 04
   12057  O 09182026 0702 04
   10350  I 09182026 0702 02
   12874  I 09182026 0702 01
   10696  I 09182026 0702 02
   12695  O 09182026 0702 03
   12862  O 09182026 0702 04
   10200  O 09182026 0702 11
   10176  O 09182026 0702 07
   12058  O 09182026 0702 03
   11400  O 09182026 0702 12
   10385  O 09182026 0702 08
   12185  O 09182026 0702 11
   12828  O 09182026 0702 04
   10724  O 09182026 0702 03
   01396  O 09182026 0702 07
   03179  O 09182026 0702 12
   12370  I 09182026 0702 01
   01471  O 09182026 0702 08
   12248  O 09182026 0702 03
   12826  O 09182026 0702 04
   10811  O 09182026 0702 07
   12946  O 09182026 0702 08
   10383  O 09182026 0702 11
   12737  I 09182026 0702 01
   12871  O 09182026 0702 04
   03101  I 09182026 0703 02
   10788  O 09182026 0703 07
   10234  O 09182026 0703 03
   01479  O 09182026 0703 04
   12689  O 09182026 0703 08
   11494  O 09182026 0703 11
   12556  O 09182026 0703 04
   09676  O 09182026 0703 04
   03126  O 09182026 0703 03
   12289  O 09182026 0703 07
   03182  O 09182026 0703 08
   01306  O 09182026 0703 12
   12688  O 09182026 0703 07
   12652  O 09182026 0703 12
   12074  O 09182026 0703 04
   11777  O 09182026 0703 08
   12595  O 09182026 0703 11
   12269  O 09182026 0703 12
   12873  O 09182026 0703 07
   10145  I 09182026 0703 01
   12722  I 09182026 0703 02
   12594  O 09182026 0703 12
   10849  O 09182026 0703 03
   03172  O 09182026 0703 11
   12888  O 09182026 0703 07
   12815  O 09182026 0703 08
   11719  O 09182026 0703 03
   12115  O 09182026 0703 12
   12611  I 09182026 0703 01
   12943  O 09182026 0703 03
   12615  O 09182026 0703 08
   12725  O 09182026 0703 04
   01477  O 09182026 0703 12
   12624  I 09182026 0703 01
   12500  O 09182026 0703 03
   12189  O 09182026 0703 11
   12467  O 09182026 0703 12
   12800  O 09182026 0703 04
   12208  O 09182026 0704 11
   12802  O 09182026 0704 03
   12241  O 09182026 0704 04
   12256  O 09182026 0704 12
   01379  O 09182026 0704 07
   12088  O 09182026 0704 11
   10765  O 09182026 0704 08
   12792  O 09182026 0704 03
   12927  O 09182026 0704 04
   12661  O 09182026 0704 08
   10505  O 09182026 0704 07
   12125  I 09182026 0704 02
   03035  O 09182026 0704 11
   03105  I 09182026 0704 02
   10466  I 09182026 0704 01
   12630  O 09182026 0704 07
   11768  O 09182026 0704 08
   01448  O 09182026 0704 03
   01373  I 09182026 0704 01
   12343  O 09182026 0704 07
   11933  O 09182026 0704 04
   12230  I 09182026 0704 02
   01369  I 09182026 0704 06
   12224  O 09182026 0704 11
   12302  I 09182026 0704 01
   10640  I 09182026 0704 02
   10055  I 09182026 0705 01
   12148  O 09182026 0705 04
   01341  I 09182026 0705 02
   10606  O 09182026 0705 03
   10264  O 09182026 0705 11
   12329  O 09182026 0705 04
   12141  I 09182026 0705 02
   12886  O 09182026 0705 03
   12890  O 09182026 0705 12
   10094  O 09182026 0705 03
   12246  O 09182026 0706 08
   12877  I 09182026 0706 01
   12754  O 09182026 0706 07
   11789  O 09182026 0706 07
   12687  O 09182026 0706 08
   03062  O 09182026 0706 07
   01425  O 09182026 0706 12
   10046  O 09182026 0706 03
   12640  I 09182026 0706 02
   12325  O 09182026 0706 11
   12151  I 09182026 0707 01
   12415  O 09182026 0707 12
   11223  O 09182026 0707 08
   12717  I 09182026 0707 05
   12701  O 09182026 0707 03
   11388  O 09182026 0707 07
   11222  O 09182026 0708 04
   11726  O 09182026 0708 03
   03010  O 09182026 0708 04
   12738  O 09182026 0708 03
   03108  O 09182026 0709 11
   12059  O 09182026 0709 04
   09833  O 09182026 0709 11
   12147  I 09182026 0709 02
   11398  O 09182026 0710 12
   03039  O 09182026 0710 08
   12674  O 09182026 0710 12
   03026  O 09182026 0711 11
   12651  O 09182026 0711 11
   12620  O 09182026 0712 11
   09704  O 09182026 0712 11
   10795  O 09182026 0712 07
   12790  O 09182026 0712 03
   12546  O 09182026 0712 12
   10169  O 09182026 0713 11
   01422  O 09182026 0714 12
   12110  O 09182026 0715 07
   11946  O 09182026 0717 12
   03176  O 09182026 0719 08
