   12183  I 09152026 0000 06
   12230  O 09152026 0102 03
   01454  I 09152026 0457 01
   09823  I 09152026 0526 06
   12089  I 09152026 0528 05
   11690  I 09152026 0540 05
   12628  I 09152026 0544 05
   03007  I 09152026 0550 06
   12392  I 09152026 0557 05
   12844  I 09152026 0600 02
   01231  I 09152026 0601 05
   12897  I 09152026 0603 05
   12249  I 09152026 0605 05
   12903  I 09152026 0606 01
   03047  I 09152026 0607 05
   03029  I 09152026 0607 06
   12644  I 09152026 0607 06
   12965  I 09152026 0608 02
   12625  I 09152026 0609 05
   12632  I 09152026 0609 05
   10083  I 09152026 0609 06
   12539  I 09152026 0609 06
   12583  I 09152026 0609 06
   12919  I 09152026 0609 01
   12561  I 09152026 0610 01
   10310  I 09152026 0610 06
   11267  I 09152026 0611 05
   12692  I 09152026 0611 05
   01295  I 09152026 0612 01
   10736  I 09152026 0613 01
   12756  I 09152026 0613 06
   12948  I 09152026 0613 01
   01339  I 09152026 0614 06
   12497  I 09152026 0614 01
   12072  I 09152026 0615 02
   12140  I 09152026 0616 06
   12760  I 09152026 0617 01
   12856  I 09152026 0617 02
   12761  I 09152026 0617 01
   12664  I 09152026 0617 06
   10201  I 09152026 0618 05
   12136  I 09152026 0618 01
   12812  I 09152026 0618 06
   12947  I 09152026 0619 01
   10456  I 09152026 0619 05
   12791  I 09152026 0619 02
   12676  I 09152026 0620 05
   12467  I 09152026 0620 02
   12679  I 09152026 0620 05
   01249  I 09152026 0620 05
   01320  I 09152026 0620 06
   12712  I 09152026 0621 06
   12645  I 09152026 0621 05
   11936  I 09152026 0621 06
   12637  I 09152026 0621 06
   12831  I 09152026 0622 01
   01487  I 09152026 0622 02
   10117  I 09152026 0622 05
   12668  I 09152026 0622 01
   01449  I 09152026 0623 02
   03119  I 09152026 0623 06
   12810  I 09152026 0623 06
   11493  I 09152026 0623 05
   12502  I 09152026 0624 06
   10199  I 09152026 0624 05
   10100  I 09152026 0624 05
   01423  I 09152026 0625 05
   10720  I 09152026 0625 06
   01234  I 09152026 0625 01
   03173  I 09152026 0625 06
   12222  I 09152026 0626 05
   12156  O 09152026 0626 03
   12156  I 09152026 0626 02
   12699  O 09152026 0626 03
   12699  I 09152026 0626 02
   10356  I 09152026 0626 05
   12780  I 09152026 0626 06
   12458  I 09152026 0627 02
   10285  I 09152026 0627 06
   03170  I 09152026 0628 01
   12762  I 09152026 0628 01
   11647  I 09152026 0628 05
   10766  I 09152026 0628 06
   12334  I 09152026 0629 02
   12832  I 09152026 0629 06
   01417  I 09152026 0629 06
   10425  I 09152026 0629 02
   12944  I 09152026 0630 01
   10605  I 09152026 0630 06
   01475  I 09152026 0631 01
   12711  I 09152026 0631 06
   10054  I 09152026 0632 02
   10184  I 09152026 0632 06
   12949  I 09152026 0632 02
   12793  I 09152026 0632 01
   01330  I 09152026 0632 06
   12354  I 09152026 0632 05
   12813  I 09152026 0632 06
   01266  I 09152026 0632 05
   12317  I 09152026 0632 01
   12609  I 09152026 0633 06
   10847  I 09152026 0633 05
   11725  I 09152026 0633 01
   10617  I 09152026 0633 05
   10177  I 09152026 0633 05
   03061  I 09152026 0633 06
   01232  I 09152026 0634 06
   12693  I 09152026 0634 06
   03177  I 09152026 0634 02
   10807  I 09152026 0634 01
   11266  I 09152026 0634 05
   12412  I 09152026 0634 06
   01432  I 09152026 0635 05
   10047  I 09152026 0635 02
   10369  I 09152026 0636 06
   12488  I 09152026 0636 06
   12843  I 09152026 0637 02
   01345  I 09152026 0637 06
   12662  I 09152026 0637 02
   10576  I 09152026 0637 02
   12669  I 09152026 0638 05
   12951  I 09152026 0638 01
   12451  I 09152026 0639 02
   11863  I 09152026 0639 06
   12930  I 09152026 0639 01
   12729  I 09152026 0639 05
   12825  I 09152026 0639 01
   11787  I 09152026 0640 06
   11694  I 09152026 0640 05
   12472  I 09152026 0640 06
   12764  I 09152026 0640 06
   12234  I 09152026 0640 06
   10116  I 09152026 0640 05
   12356  I 09152026 0640 02
   10357  I 09152026 0640 06
   12690  I 09152026 0640 06
   10759  I 09152026 0640 06
   01504  I 09152026 0641 02
   01365  I 09152026 0641 05
   11605  I 09152026 0641 05
   10697  I 09152026 0641 05
   03159  I 09152026 0641 09
   11928  I 09152026 0642 05
   11945  I 09152026 0642 06
   11411  I 09152026 0642 02
   10841  I 09152026 0642 05
   01452  I 09152026 0642 02
   10135  I 09152026 0642 05
   12056  I 09152026 0642 01
   12783  I 09152026 0643 05
   12191  I 09152026 0643 02
   12727  I 09152026 0643 06
   12723  I 09152026 0643 02
   12084  I 09152026 0643 02
   10827  I 09152026 0643 01
   11166  I 09152026 0644 01
   12350  I 09152026 0644 01
   12647  I 09152026 0644 01
   12188  I 09152026 0644 09
   10609  I 09152026 0644 05
   10669  I 09152026 0645 02
   12082  I 09152026 0645 05
   11937  I 09152026 0645 06
   10706  I 09152026 0645 05
   12066  I 09152026 0645 06
   12020  I 09152026 0645 06
   12146  I 09152026 0645 05
   10796  I 09152026 0645 02
   10794  I 09152026 0645 06
   10700  I 09152026 0645 06
   12639  I 09152026 0645 05
   10490  I 09152026 0645 06
   12631  I 09152026 0645 05
   03151  I 09152026 0646 01
   12255  I 09152026 0646 05
   10598  I 09152026 0646 06
   10469  I 09152026 0646 01
   12439  I 09152026 0646 02
   10017  I 09152026 0646 06
   11646  I 09152026 0646 06
   12049  I 09152026 0646 05
   10588  I 09152026 0646 06
   12376  I 09152026 0646 09
   10786  I 09152026 0646 05
   12763  I 09152026 0647 05
   12853  I 09152026 0647 06
   12373  I 09152026 0647 01
   12753  I 09152026 0647 05
   11687  I 09152026 0647 01
   01456  I 09152026 0647 06
   03001  I 09152026 0648 05
   03120  I 09152026 0648 05
   11784  I 09152026 0648 06
   03123  I 09152026 0648 06
   12383  I 09152026 0648 02
   12221  I 09152026 0648 09
   12569  I 09152026 0649 05
   11495  I 09152026 0649 02
   12578  I 09152026 0649 01
   03085  I 09152026 0649 06
   12341  I 09152026 0649 02
   12372  I 09152026 0649 02
   12901  I 09152026 0650 06
   10678  I 09152026 0650 02
   01499  I 09152026 0650 06
   11169  I 09152026 0650 02
   12206  I 09152026 0650 01
   12275  I 09152026 0651 05
   11408  I 09152026 0651 02
   01374  I 09152026 0651 01
   12135  I 09152026 0651 01
   12807  I 09152026 0651 06
   10384  I 09152026 0651 05
   03124  I 09152026 0651 06
   12076  I 09152026 0651 01
   01415  I 09152026 0652 05
   12670  I 09152026 0652 01
   01492  I 09152026 0652 06
   12184  I 09152026 0652 01
   12716  I 09152026 0652 05
   12582  I 09152026 0652 06
   12538  I 09152026 0652 02
   12543  I 09152026 0652 06
   12123  I 09152026 0652 05
   03058  I 09152026 0653 06
   12416  I 09152026 0653 06
   11519  I 09152026 0653 06
   12254  I 09152026 0653 05
   12305  I 09152026 0653 06
   10581  I 09152026 0653 05
   03077  I 09152026 0654 06
   12798  I 09152026 0654 02
   10261  I 09152026 0654 05
   11537  I 09152026 0654 06
   12298  I 09152026 0654 02
   12666  I 09152026 0654 01
   12829  I 09152026 0654 01
   12624  I 09152026 0654 01
   12805  I 09152026 0654 05
   12371  I 09152026 0654 05
   10232  I 09152026 0655 02
   12125  I 09152026 0655 01
   12116  I 09152026 0655 06
   11496  I 09152026 0655 05
   10830  I 09152026 0655 01
   12698  I 09152026 0655 02
   12819  I 09152026 0655 06
   10407  I 09152026 0655 10
   03012  I 09152026 0655 06
   12614  I 09152026 0655 01
   10245  I 09152026 0656 01
   12757  I 09152026 0656 06
   12555  I 09152026 0656 05
   11652  I 09152026 0656 01
   10287  I 09152026 0656 06
   03080  I 09152026 0656 02
   12665  I 09152026 0656 01
   11692  I 09152026 0656 02
   12818  I 09152026 0656 01
   12187  I 09152026 0657 02
   01405  I 09152026 0657 06
   11168  I 09152026 0657 06
   10611  I 09152026 0657 09
   03136  I 09152026 0658 01
   12238  I 09152026 0658 02
   12462  I 09152026 0658 01
   12375  I 09152026 0658 01
   10148  I 09152026 0658 05
   12293  I 09152026 0658 05
   11522  I 09152026 0659 02
   12877  I 09152026 0659 01
   10334  I 09152026 0659 02
   12204  I 09152026 0659 01
   12721  I 09152026 0659 02
   12080  O 09152026 0700 07
   12460  O 09152026 0700 04
   11693  O 09152026 0700 11
   10831  O 09152026 0700 12
   10306  O 09152026 0700 03
   12808  O 09152026 0700 08
   10291  O 09152026 0700 07
   12496  O 09152026 0700 14
   10825  O 09152026 0700 08
   12357  O 09152026 0700 04
   10070  O 09152026 0700 11
   12672  O 09152026 0700 03
   12473  O 09152026 0700 14
   03059  O 09152026 0700 07
   12501  O 09152026 0700 08
   12260  O 09152026 0700 12
   10658  O 09152026 0700 11
   12622  O 09152026 0700 04
   12130  O 09152026 0700 03
   01357  O 09152026 0700 08
   12557  I 09152026 0700 01
   12890  O 09152026 0700 11
   12815  O 09152026 0700 07
   12861  O 09152026 0700 12
   11777  O 09152026 0700 08
   12531  O 09152026 0700 03
   10386  O 09152026 0700 04
   12894  O 09152026 0700 11
   12888  O 09152026 0700 07
   10358  O 09152026 0700 12
   12615  O 09152026 0700 08
   10712  I 09152026 0700 06
   12576  O 09152026 0700 04
   10133  O 09152026 0700 12
   03018  O 09152026 0700 07
   12456  O 09152026 0700 03
   12821  O 09152026 0700 11
   12601  O 09152026 0700 04
   01402  O 09152026 0700 08
   12540  O 09152026 0700 03
   10795  O 09152026 0700 07
   12339  O 09152026 0700 11
   12845  O 09152026 0700 12
   12820  O 09152026 0700 14
   12558  O 09152026 0700 04
   12131  O 09152026 0700 03
   12475  O 09152026 0700 11
   01481  O 09152026 0700 07
   10522  O 09152026 0700 08
   12370  O 09152026 0700 12
   12369  O 09152026 0700 12
   10221  O 09152026 0700 03
   12299  O 09152026 0700 11
   10234  O 09152026 0700 04
   10839  O 09152026 0700 08
   12259  O 09152026 0700 04
   03112  O 09152026 0700 07
   12732  O 09152026 0700 11
   12852  O 09152026 0700 12
   11774  O 09152026 0700 08
   12724  O 09152026 0700 03
   10780  O 09152026 0701 12
   12266  O 09152026 0701 04
   12368  O 09152026 0701 11
   11392  O 09152026 0701 07
   11250  O 09152026 0701 12
   12055  O 09152026 0701 03
   12722  O 09152026 0701 07
   10467  O 09152026 0701 04
   12353  O 09152026 0701 08
   12342  O 09152026 0701 12
   12742  O 09152026 0701 03
   12627  O 09152026 0701 04
   12185  O 09152026 0701 11
   03167  O 09152026 0701 08
   10788  O 09152026 0701 07
   12961  O 09152026 0701 12
   12021  O 09152026 0701 11
   01396  O 09152026 0701 08
   12058  O 09152026 0701 03
   12638  O 09152026 0701 11
   01433  O 09152026 0701 07
   09833  O 09152026 0701 12
   03102  I 09152026 0701 01
   10333  O 09152026 0701 03
   10378  I 09152026 0701 02
   12731  O 09152026 0701 12
   12112  O 09152026 0701 11
   01335  O 09152026 0701 08
   12611  I 09152026 0701 02
   03161  I 09152026 0701 01
   10264  O 09152026 0701 11
   12306  O 09152026 0701 04
   12946  O 09152026 0701 08
   12069  O 09152026 0701 11
   12115  O 09152026 0701 04
   12677  O 09152026 0701 07
   01425  O 09152026 0701 12
   11719  O 09152026 0701 04
   03172  O 09152026 0701 11
   10202  O 09152026 0701 03
   12737  I 09152026 0701 01
   12725  O 09152026 0701 04
   12433  O 09152026 0702 03
   10222  O 09152026 0702 07
   10696  I 09152026 0702 01
   12816  O 09152026 0702 04
   12695  O 09152026 0702 03
   11398  O 09152026 0702 12
   11221  I 09152026 0702 01
   12689  O 09152026 0702 07
   11688  O 09152026 0702 04
   12694  I 09152026 0702 02
   10055  I 09152026 0702 01
   01459  O 09152026 0702 12
   12289  O 09152026 0702 08
   11400  O 09152026 0702 11
   12500  O 09152026 0702 03
   12584  I 09152026 0702 06
   12098  O 09152026 0702 08
   12595  O 09152026 0702 12
   11943  I 09152026 0702 05
   12081  O 09152026 0702 07
   12688  O 09152026 0702 08
   10724  O 09152026 0703 03
   10573  O 09152026 0703 04
   12828  O 09152026 0703 07
   10094  O 09152026 0703 03
   12133  O 09152026 0703 04
   10466  I 09152026 0703 02
   12151  I 09152026 0703 01
   12244  O 09152026 0703 04
   10811  O 09152026 0703 12
   12141  I 09152026 0703 02
   09676  O 09152026 0703 04
   12854  O 09152026 0703 11
   10640  I 09152026 0703 01
   11404  O 09152026 0703 12
   01483  O 09152026 0703 08
   10091  O 09152026 0703 08
   10086  O 09152026 0703 07
   10585  O 09152026 0703 04
   03101  I 09152026 0703 02
   12471  O 09152026 0703 11
   12074  O 09152026 0704 04
   10383  O 09152026 0704 11
   12269  O 09152026 0704 07
   12657  I 09152026 0704 06
   12736  O 09152026 0704 12
   12661  O 09152026 0704 07
   10505  O 09152026 0704 08
   01471  O 09152026 0704 07
   12652  O 09152026 0704 11
   12489  O 09152026 0704 12
   11355  I 09152026 0704 01
   01369  I 09152026 0704 02
   03126  O 09152026 0704 03
   12799  O 09152026 0704 07
   10787  O 09152026 0704 08
   12886  O 09152026 0705 03
   12874  O 09152026 0705 04
   12630  O 09152026 0705 08
   10765  O 09152026 0705 07
   12113  O 09152026 0705 11
   12343  O 09152026 0705 08
   03118  O 09152026 0705 07
   03179  O 09152026 0705 12
   01325  O 09152026 0705 08
   12186  O 09152026 0705 07
   12230  I 09152026 0705 01
   01477  O 09152026 0705 12
   03026  O 09152026 0705 11
   11768  O 09152026 0705 08
   10046  O 09152026 0705 03
   03010  O 09152026 0705 07
   12846  O 09152026 0705 12
   11789  O 09152026 0705 08
   01422  O 09152026 0705 07
   12059  O 09152026 0705 04
   01379  O 09152026 0705 08
   12307  O 09152026 0706 11
   12738  O 09152026 0706 03
   01448  O 09152026 0706 03
   01341  I 09152026 0706 01
   12088  O 09152026 0706 12
   12248  O 09152026 0706 03
   12717  I 09152026 0706 05
   12544  O 09152026 0706 11
   10612  O 09152026 0706 14
   03141  O 09152026 0706 12
   03108  O 09152026 0706 11
   12153  I 09152026 0706 02
   11933  O 09152026 0706 04
   03035  O 09152026 0706 11
   12640  I 09152026 0707 02
   12851  O 09152026 0707 12
   10791  O 09152026 0707 07
   11223  O 09152026 0707 08
   12674  O 09152026 0707 12
   01479  O 09152026 0707 04
   12651  O 09152026 0708 11
   12706  I 09152026 0708 02
   10373  O 09152026 0708 12
   11726  O 09152026 0708 03
   03039  O 09152026 0708 08
   12741  O 09152026 0709 03
   03088  O 09152026 0709 04
   12546  O 09152026 0709 12
   01511  O 09152026 0710 03
   12804  O 09152026 0710 04
   10073  O 09152026 0710 12
   12790  O 09152026 0711 03
   12792  O 09152026 0711 03
   12920  O 09152026 0711 03
   12814  O 09152026 0711 04
   12205  O 09152026 0712 03
   12957  O 09152026 0712 04
   12241  O 09152026 0712 04
   12824  O 09152026 0712 03
   12397  O 09152026 0712 04
   12873  O 09152026 0712 03
   12927  O 09152026 0712 04
   12802  O 09152026 0712 03
   12904  O 09152026 0712 04
   03030  O 09152026 0712 14
   11494  O 09152026 0713 11
   12871  O 09152026 0713 03
   12862  O 09152026 0713 04
   11222  O 09152026 0714 03
   12826  O 09152026 0715 04
   12786  O 09152026 0715 03
   12396  O 09152026 0715 03
   12943  O 09152026 0716 03
   12415  O 09152026 0717 12
   12246  O 09152026 0717 08
   12754  O 09152026 0717 08
   12463  O 09152026 0719 12
   12359  O 09152026 0720 07
   12189  O 09152026 0720 08
   12457  I 09152026 0722 05
   12457  O 09152026 0722 07
   12325  O 09152026 0724 11
   03098  O 09152026 0729 07
   10169  O 09152026 0731 11
   11946  O 09152026 0735 12
   10663  O 09152026 0736 11
   03135  O 09152026 0736 03
   01512  O 09152026 0746 12
   12390  O 09152026 0747 04
   12755  I 09152026 0846 02
   12623  I 09152026 0859 01
   12499  I 09152026 1013 01
   01413  I 09152026 1019 05
   10449  I 09152026 1022 05
   12355  I 09152026 1029 02
   01510  I 09152026 1039 02
   12841  I 09152026 1049 01
   12474  I 09152026 1051 09
   01355  I 09152026 1220 05
   10642  I 09152026 1310 05
   01312  I 09152026 1312 05
   12162  I 09152026 1312 02
   12822  I 09152026 1321 05
   12759  I 09152026 1321 06
   10140  I 09152026 1321 05
   12678  I 09152026 1325 06
   11607  I 09152026 1334 01
   01428  I 09152026 1339 01
   10809  I 09152026 1340 05
   03053  I 09152026 1344 05
   10224  I 09152026 1344 06
   12785  I 09152026 1350 01
   03148  I 09152026 1353 02
   11250  I 09152026 1353 06
   10612  I 09152026 1355 13
   12898  I 09152026 1357 02
   12963  I 09152026 1357 01
   01317  I 09152026 1400 02
   12929  I 09152026 1405 01
   12128  I 09152026 1408 06
   12967  I 09152026 1408 06
   12148  I 09152026 1411 06
   01344  I 09152026 1412 05
   10604  I 09152026 1412 01
   12710  I 09152026 1412 10
   12595  I 09152026 1413 06
   11940  I 09152026 1414 06
   12962  I 09152026 1414 02
   12532  I 09152026 1415 05
   12205  I 09152026 1416 02
   12872  I 09152026 1416 01
   12530  I 09152026 1417 02
   12924  I 09152026 1417 01
   12496  I 09152026 1417 06
   12950  I 09152026 1418 02
   12682  I 09152026 1419 05
   10240  I 09152026 1419 06
   12938  I 09152026 1419 06
   12928  I 09152026 1420 01
   12208  I 09152026 1421 05
   12461  I 09152026 1421 01
   12653  I 09152026 1422 05
   12889  I 09152026 1422 05
   12612  I 09152026 1422 02
   11765  I 09152026 1423 01
   01351  I 09152026 1423 05
   12758  I 09152026 1423 02
   10785  I 09152026 1423 06
   10223  I 09152026 1423 05
   11390  I 09152026 1424 06
   12808  I 09152026 1424 05
   03104  I 09152026 1424 05
   12718  I 09152026 1426 01
   12849  I 09152026 1426 05
   12485  I 09152026 1426 05
   11498  I 09152026 1427 05
   10607  I 09152026 1427 01
   12236  I 09152026 1427 05
   10309  I 09152026 1427 06
   01333  I 09152026 1427 06
   12138  I 09152026 1428 02
   12922  I 09152026 1428 01
   03153  I 09152026 1430 06
   12840  I 09152026 1430 05
   12368  I 09152026 1430 06
   03152  I 09152026 1431 02
   01436  I 09152026 1431 05
   03168  I 09152026 1431 06
   12610  I 09152026 1432 06
   11538  I 09152026 1432 05
   10146  I 09152026 1432 02
   10318  I 09152026 1432 01
   01302  I 09152026 1433 06
   11848  I 09152026 1433 05
   11223  I 09152026 1433 06
   01356  I 09152026 1434 01
   11724  I 09152026 1435 01
   10641  I 09152026 1435 05
   12809  I 09152026 1435 05
   12359  I 09152026 1436 06
   12433  I 09152026 1436 01
   11387  I 09152026 1436 05
   12291  I 09152026 1437 01
   10026  I 09152026 1437 06
   10219  I 09152026 1437 05
   03017  I 09152026 1438 01
   12731  I 09152026 1438 05
   11286  I 09152026 1438 01
   03027  I 09152026 1438 05
   10775  I 09152026 1438 06
   12476  I 09152026 1439 02
   10726  I 09152026 1439 01
   12846  I 09152026 1439 05
   01382  I 09152026 1441 02
   10243  I 09152026 1441 02
   12185  I 09152026 1441 01
   12869  I 09152026 1441 05
   03112  I 09152026 1441 06
   12858  I 09152026 1442 05
   03037  I 09152026 1442 06
   12090  I 09152026 1443 05
   12413  I 09152026 1444 02
   12863  I 09152026 1444 01
   12266  I 09152026 1444 02
   12650  I 09152026 1447 05
   12726  I 09152026 1447 05
   12700  I 09152026 1447 05
   12553  I 09152026 1449 05
   12816  I 09152026 1449 01
   11926  I 09152026 1450 05
   12961  I 09152026 1450 06
   10728  I 09152026 1450 06
   12349  I 09152026 1450 01
   10675  I 09152026 1450 01
   11650  I 09152026 1450 02
   12085  I 09152026 1451 06
   01296  I 09152026 1451 13
   12642  I 09152026 1451 06
   11494  I 09152026 1451 06
   12663  I 09152026 1451 06
   11402  I 09152026 1451 05
   12720  I 09152026 1452 05
   12183  O 09152026 1452 07
   12743  I 09152026 1452 06
   12183  I 09152026 1452 05
   12926  I 09152026 1452 06
   10405  I 09152026 1452 05
   01470  I 09152026 1453 06
   01446  I 09152026 1453 06
   12820  I 09152026 1453 05
   11222  I 09152026 1453 02
   11942  I 09152026 1453 06
   12575  I 09152026 1453 05
   12598  I 09152026 1453 06
   10523  I 09152026 1453 01
   11534  I 09152026 1453 06
   01327  I 09152026 1453 02
   11776  I 09152026 1454 01
   03078  I 09152026 1454 02
   01373  I 09152026 1454 05
   12353  I 09152026 1454 01
   12601  I 09152026 1454 02
   12237  I 09152026 1455 02
   12545  I 09152026 1455 02
   12217  I 09152026 1455 01
   12629  I 09152026 1455 01
   10574  I 09152026 1455 02
   12827  I 09152026 1455 01
   03103  I 09152026 1455 02
   12351  I 09152026 1456 02
   12878  I 09152026 1456 01
   01483  I 09152026 1456 06
   11780  I 09152026 1457 06
   12122  I 09152026 1457 06
   12855  I 09152026 1457 01
   12259  I 09152026 1457 06
   12667  I 09152026 1457 02
   11772  I 09152026 1458 06
   12021  I 09152026 1459 01
   01367  I 09152026 1459 01
   10808  I 09152026 1459 02
   12337  I 09152026 1459 01
   01405  O 09152026 1500 03
   10369  O 09152026 1500 04
   10500  I 09152026 1500 01
   03170  O 09152026 1500 03
   12729  O 09152026 1500 11
   11168  O 09152026 1500 12
   12146  O 09152026 1500 04
   01487  O 09152026 1500 03
   03032  I 09152026 1500 02
   12698  O 09152026 1500 03
   12089  O 09152026 1500 11
   12502  O 09152026 1500 07
   10608  I 09152026 1500 01
   10807  O 09152026 1500 04
   12645  O 09152026 1500 11
   12538  O 09152026 1500 04
   12825  O 09152026 1500 03
   12692  O 09152026 1500 03
   03119  O 09152026 1500 11
   12543  O 09152026 1500 04
   03047  O 09152026 1500 08
   03012  O 09152026 1500 07
   03173  O 09152026 1500 03
   11694  O 09152026 1500 07
   11169  O 09152026 1500 08
   10116  O 09152026 1500 11
   12234  O 09152026 1500 03
   12302  I 09152026 1500 05
   12383  O 09152026 1500 04
   10794  O 09152026 1500 08
   01345  O 09152026 1500 07
   10576  O 09152026 1500 03
   12614  O 09152026 1500 04
   12625  O 09152026 1501 08
   10261  O 09152026 1501 11
   11537  O 09152026 1501 07
   12844  O 09152026 1501 03
   12676  O 09152026 1501 12
   11945  O 09152026 1501 11
   12711  O 09152026 1501 07
   12669  O 09152026 1501 08
   12690  O 09152026 1501 07
   12897  O 09152026 1501 03
   03124  O 09152026 1501 04
   10017  O 09152026 1501 08
   10598  O 09152026 1501 07
   10817  I 09152026 1501 01
   12221  O 09152026 1501 12
   03177  O 09152026 1501 04
   10617  O 09152026 1501 07
   01492  O 09152026 1501 08
   12375  O 09152026 1501 12
   12275  O 09152026 1501 07
   11687  O 09152026 1501 03
   12662  O 09152026 1501 04
   12679  O 09152026 1501 11
   12096  I 09152026 1501 01
   12664  O 09152026 1501 07
   12056  O 09152026 1501 08
   12609  O 09152026 1501 07
   10100  O 09152026 1501 08
   12467  O 09152026 1501 04
   12712  O 09152026 1501 07
   03136  O 09152026 1501 03
   12611  O 09152026 1501 04
   12557  O 09152026 1501 07
   12813  O 09152026 1501 08
   10490  O 09152026 1501 07
   12764  O 09152026 1501 08
   12356  O 09152026 1501 03
   12416  O 09152026 1502 08
   12791  O 09152026 1502 03
   10705  I 09152026 1502 06
   03102  O 09152026 1502 07
   03123  O 09152026 1502 11
   12020  O 09152026 1502 08
   12555  O 09152026 1502 07
   12392  O 09152026 1502 03
   12666  O 09152026 1502 04
   12184  O 09152026 1502 11
   12561  O 09152026 1502 03
   01341  O 09152026 1502 04
   11646  O 09152026 1502 12
   12742  I 09152026 1502 02
   03080  O 09152026 1502 03
   10766  O 09152026 1502 08
   10830  O 09152026 1502 07
   12843  O 09152026 1502 04
   03159  O 09152026 1502 11
   12853  O 09152026 1502 12
   12944  O 09152026 1502 03
   11652  O 09152026 1502 04
   12140  O 09152026 1502 08
   10148  O 09152026 1502 07
   12948  O 09152026 1502 03
   10469  O 09152026 1502 04
   11266  O 09152026 1502 03
   01231  O 09152026 1502 07
   10083  O 09152026 1502 08
   12412  O 09152026 1503 12
   12497  O 09152026 1503 04
   01330  O 09152026 1503 04
   11692  O 09152026 1503 07
   12072  O 09152026 1503 03
   11928  O 09152026 1503 08
   12783  O 09152026 1503 12
   12647  O 09152026 1503 03
   03001  O 09152026 1503 12
   03029  O 09152026 1503 12
   12901  O 09152026 1503 11
   12756  O 09152026 1503 12
   12631  O 09152026 1503 11
   10696  O 09152026 1503 04
   01232  O 09152026 1504 11
   03161  O 09152026 1504 03
   12761  O 09152026 1504 03
   12760  O 09152026 1504 04
   12722  I 09152026 1504 06
   12762  O 09152026 1504 03
   11495  O 09152026 1504 04
   12947  O 09152026 1504 03
   11690  O 09152026 1504 03
   12780  O 09152026 1504 12
   10145  I 09152026 1504 02
   03085  O 09152026 1505 03
   10456  O 09152026 1505 04
   12819  O 09152026 1505 07
   12153  O 09152026 1505 03
   10184  O 09152026 1505 04
   12637  O 09152026 1505 12
   12903  O 09152026 1505 03
   12810  O 09152026 1505 12
   12539  O 09152026 1505 12
   12831  O 09152026 1505 04
   12584  O 09152026 1505 12
   12856  O 09152026 1505 03
   12793  O 09152026 1505 04
   12147  I 09152026 1505 02
   01369  O 09152026 1506 03
   01504  O 09152026 1506 04
   12812  O 09152026 1506 07
   12354  O 09152026 1506 07
   11647  O 09152026 1506 08
   12930  O 09152026 1506 03
   10356  O 09152026 1506 07
   12582  O 09152026 1506 08
   12757  O 09152026 1506 11
   01295  O 09152026 1506 07
   12965  O 09152026 1506 04
   12874  I 09152026 1506 01
   12665  O 09152026 1507 03
   10720  O 09152026 1507 11
   12949  O 09152026 1507 04
   12723  O 09152026 1507 03
   12350  O 09152026 1507 03
   12123  O 09152026 1507 11
   03058  O 09152026 1507 08
   01423  O 09152026 1507 11
   10357  O 09152026 1507 07
   11725  O 09152026 1507 03
   12151  O 09152026 1508 04
   01339  O 09152026 1508 12
   09823  O 09152026 1508 11
   12249  O 09152026 1508 12
   03077  O 09152026 1509 08
   12458  O 09152026 1509 07
   12716  O 09152026 1509 08
   12832  O 09152026 1509 03
   01454  O 09152026 1509 08
   12238  O 09152026 1510 11
   10117  O 09152026 1510 07
   10384  O 09152026 1511 07
   10245  O 09152026 1511 03
   12727  O 09152026 1512 11
   01365  O 09152026 1515 08
   10786  O 09152026 1516 12
   01234  O 09152026 1517 04
   03007  O 09152026 1519 11
   12334  O 09152026 1519 07
   10378  O 09152026 1519 04
   01432  O 09152026 1520 08
   01249  O 09152026 1521 12
   01449  O 09152026 1524 08
   01266  O 09152026 1525 08
   12706  O 09152026 1526 11
   10135  O 09152026 1527 12
   10287  O 09152026 1527 11
   12569  O 09152026 1532 12
   01374  O 09152026 1537 04
   12721  O 09152026 1538 08
   01456  O 09152026 1540 08
   12578  O 09152026 1600 12
   11166  O 09152026 1601 04
   12373  O 09152026 1601 03
   12376  O 09152026 1602 12
   12451  O 09152026 1700 03
   01415  O 09152026 1700 14
   12640  O 09152026 1700 08
   10841  O 09152026 1700 14
   10611  O 09152026 1700 03
   10055  O 09152026 1700 14
   10449  O 09152026 1700 11
   12293  O 09152026 1701 07
   10796  O 09152026 1701 03
   12222  O 09152026 1701 08
   12805  O 09152026 1705 07
   10712  O 09152026 1708 07
   12136  O 09152026 1710 03
   10054  O 09152026 1731 03
   12439  O 09152026 1734 04
   11493  O 09152026 1735 14
   12890  I 09152026 1752 05
   12191  O 09152026 1800 08
   10047  O 09152026 1800 03
   03101  O 09152026 1800 03
   10466  O 09152026 1801 11
   12462  O 09152026 1802 07
   10706  O 09152026 1803 14
   12717  O 09152026 1803 14
   12305  O 09152026 1805 08
   12845  I 09152026 1806 06
   11784  O 09152026 1806 11
   12725  I 09152026 1807 01
   03061  O 09152026 1808 12
   10199  O 09152026 1811 07
   12737  O 09152026 1811 12
   03151  O 09152026 1812 03
   12131  I 09152026 1815 01
   03141  I 09152026 1815 05
   10334  O 09152026 1818 08
   11693  I 09152026 1820 05
   12187  O 09152026 1820 12
   12341  O 09152026 1820 12
   12141  O 09152026 1821 12
   12701  I 09152026 1823 01
   01448  I 09152026 1829 02
   10070  I 09152026 1829 05
   12546  I 09152026 1835 06
   12804  I 09152026 1843 01
   12097  I 09152026 1845 05
   10133  I 09152026 1850 05
   10573  I 09152026 1855 02
   12501  I 09152026 1855 06
   12248  I 09152026 1857 01
   11789  I 09152026 1858 06
   03088  I 09152026 1900 01
   12657  O 09152026 1900 04
   12693  O 09152026 1900 03
   12254  O 09152026 1900 07
   12632  O 09152026 1900 08
   11408  O 09152026 1900 03
   12125  O 09152026 1900 08
   11496  O 09152026 1900 07
   12188  O 09152026 1900 03
   12753  O 09152026 1900 12
   12644  O 09152026 1900 12
   12828  I 09152026 1900 01
   12829  O 09152026 1900 03
   10669  O 09152026 1900 04
   10232  O 09152026 1900 04
   11221  O 09152026 1900 03
   12694  O 09152026 1900 03
   12317  O 09152026 1901 03
   11863  O 09152026 1901 03
   01475  O 09152026 1901 04
   10640  O 09152026 1901 03
   11411  O 09152026 1901 03
   11355  O 09152026 1901 08
   11943  O 09152026 1901 07
   11267  O 09152026 1902 03
   10678  O 09152026 1902 03
   12763  O 09152026 1902 03
   10588  O 09152026 1902 12
   12798  O 09152026 1902 04
   12624  O 09152026 1903 04
   11519  O 09152026 1903 07
   12877  O 09152026 1903 03
   10425  O 09152026 1903 03
   12372  O 09152026 1904 03
   10201  O 09152026 1904 04
   12084  O 09152026 1904 03
   10407  O 09152026 1904 12
   01499  O 09152026 1904 07
   10827  O 09152026 1905 03
   12066  O 09152026 1907 08
   12583  O 09152026 1909 12
   12415  I 09152026 1910 06
   01320  O 09152026 1911 12
   01452  O 09152026 1914 04
   12371  O 09152026 1915 08
   11522  O 09152026 1921 04
   01417  O 09152026 1943 12
   09704  I 09152026 2023 06
   12457  I 09152026 2039 05
   03098  I 09152026 2041 05
   03172  I 09152026 2109 05
   10759  O 09152026 2115 07
   10831  I 09152026 2115 05
   12256  I 09152026 2118 05
   03135  I 09152026 2120 01
   12475  I 09152026 2129 06
   01425  I 09152026 2139 06
   12688  I 09152026 2143 06
   10787  I 09152026 2145 06
   01402  I 09152026 2147 05
   01335  I 09152026 2152 05
   12673  I 09152026 2152 05
   12594  I 09152026 2154 06
   03039  I 09152026 2156 05
   12724  I 09152026 2157 05
   03167  I 09152026 2158 05
   12854  I 09152026 2158 06
   12677  I 09152026 2202 05
   10795  I 09152026 2202 06
   10202  I 09152026 2205 06
   12307  I 09152026 2205 06
   12246  I 09152026 2209 05
   12792  I 09152026 2210 01
   03179  I 09152026 2211 05
   12396  I 09152026 2211 02
   12888  I 09152026 2211 06
   12871  I 09152026 2212 06
   12847  I 09152026 2213 06
   01481  I 09152026 2214 05
   11933  I 09152026 2215 01
   11935  I 09152026 2216 06
   10264  I 09152026 2216 05
   10221  I 09152026 2217 02
   12927  I 09152026 2217 02
   11400  I 09152026 2217 05
   12576  I 09152026 2218 06
   12824  I 09152026 2218 02
   12558  I 09152026 2219 06
   10306  I 09152026 2219 02
   03035  I 09152026 2219 05
   10358  I 09152026 2219 06
   12802  I 09152026 2220 02
   12920  I 09152026 2221 01
   12627  I 09152026 2221 05
   12080  I 09152026 2221 06
   12732  I 09152026 2222 06
   01459  I 09152026 2222 05
   10169  I 09152026 2222 02
   12651  I 09152026 2223 06
   12224  I 09152026 2224 05
   12260  I 09152026 2225 06
   12786  I 09152026 2225 01
   03018  I 09152026 2225 05
   10663  I 09152026 2225 06
   12531  I 09152026 2226 06
   01325  I 09152026 2226 01
   12069  I 09152026 2227 06
   12081  I 09152026 2227 05
   12674  I 09152026 2227 06
   12241  I 09152026 2227 02
   10234  I 09152026 2228 02
   11768  I 09152026 2228 06
   12299  I 09152026 2228 05
   12115  I 09152026 2229 01
   12390  I 09152026 2230 01
   12957  I 09152026 2231 01
   12306  I 09152026 2232 05
   12894  I 09152026 2232 06
   10765  I 09152026 2232 06
   12615  I 09152026 2233 05
   12873  I 09152026 2233 02
   12672  I 09152026 2234 01
   12544  I 09152026 2235 05
   10825  I 09152026 2235 06
   12821  I 09152026 2236 05
   10698  I 09152026 2236 05
   03118  I 09152026 2237 06
   12695  I 09152026 2237 01
   12851  I 09152026 2237 06
   12946  I 09152026 2238 06
   10373  I 09152026 2238 02
   12397  I 09152026 2238 01
   12814  I 09152026 2238 02
   12460  I 09152026 2238 02
   12343  I 09152026 2239 06
   10467  I 09152026 2239 01
   11688  I 09152026 2239 02
   12473  I 09152026 2239 05
   10522  I 09152026 2239 06
   11774  I 09152026 2239 02
   12904  I 09152026 2240 02
   12754  I 09152026 2240 05
   12186  I 09152026 2240 06
   12943  I 09152026 2240 01
   12826  I 09152026 2240 02
   01422  I 09152026 2240 05
   12269  I 09152026 2240 05
   11404  I 09152026 2240 06
   03108  I 09152026 2240 09
   12886  I 09152026 2241 01
   12189  I 09152026 2241 02
   10585  I 09152026 2241 01
   10386  I 09152026 2241 02
   10291  I 09152026 2242 05
   10811  I 09152026 2242 06
   03059  I 09152026 2242 05
   12815  I 09152026 2243 05
   01379  I 09152026 2243 02
   12661  I 09152026 2243 05
   01433  I 09152026 2243 06
   10094  I 09152026 2244 02
   10091  I 09152026 2244 05
   12088  I 09152026 2245 06
   09833  I 09152026 2245 05
   10780  I 09152026 2245 05
   12852  I 09152026 2245 06
   10222  I 09152026 2245 06
   12289  I 09152026 2246 06
   01477  I 09152026 2246 05
   12568  I 09152026 2246 06
   12074  I 09152026 2246 02
   12500  I 09152026 2246 06
   12735  I 09152026 2247 05
   11398  I 09152026 2247 06
   12799  I 09152026 2248 02
   12339  I 09152026 2248 05
   12098  I 09152026 2248 02
   10791  I 09152026 2249 02
   12540  I 09152026 2249 06
   12463  I 09152026 2249 06
   10086  I 09152026 2250 05
   01511  I 09152026 2250 02
   03126  I 09152026 2251 06
   12055  I 09152026 2251 02
   03026  I 09152026 2251 05
   09676  I 09152026 2251 02
   01471  I 09152026 2251 05
   01357  I 09152026 2251 06
   12862  I 09152026 2252 02
   12790  I 09152026 2252 01
   10788  I 09152026 2252 06
   12357  I 09152026 2252 02
   11726  I 09152026 2252 01
   12622  I 09152026 2252 01
   03030  I 09152026 2252 02
   10658  I 09152026 2253 05
   10383  I 09152026 2253 06
   12059  I 09152026 2253 01
   12630  I 09152026 2253 02
   03010  I 09152026 2254 02
   12556  I 09152026 2254 01
   12638  I 09152026 2254 02
   12861  I 09152026 2254 01
   12133  I 09152026 2256 01
   10073  I 09152026 2256 05
   12738  I 09152026 2257 01
   12244  I 09152026 2257 02
   12325  I 09152026 2257 01
   11777  I 09152026 2258 06
   01512  I 09152026 2259 02
   11848  O 09152026 2300 11
   12700  O 09152026 2300 03
   12720  O 09152026 2300 07
   12869  O 09152026 2300 12
   10809  O 09152026 2300 03
   12628  O 09152026 2300 08
   03053  O 09152026 2300 07
   12208  O 09152026 2300 12
   12668  O 09152026 2300 03
   01470  O 09152026 2300 08
   10574  O 09152026 2300 12
   10728  O 09152026 2300 07
   12532  O 09152026 2300 11
   12670  O 09152026 2300 03
   10243  O 09152026 2300 04
   11607  O 09152026 2300 12
   10700  O 09152026 2300 08
   01351  O 09152026 2300 07
   01355  O 09152026 2300 03
   11494  O 09152026 2300 11
   12652  I 09152026 2300 02
   03037  O 09152026 2300 08
   10318  O 09152026 2300 04
   12128  O 09152026 2300 12
   12474  O 09152026 2300 11
   11780  O 09152026 2300 03
   12237  O 09152026 2300 07
   10224  O 09152026 2300 08
   01296  O 09152026 2300 14
   11498  O 09152026 2300 11
   11650  O 09152026 2300 04
   11772  O 09152026 2300 07
   12575  O 09152026 2300 03
   12938  O 09152026 2300 12
   12082  O 09152026 2300 11
   12236  O 09152026 2300 08
   12230  O 09152026 2300 04
   10310  O 09152026 2300 12
   12122  O 09152026 2300 07
   11936  O 09152026 2300 14
   12368  O 09152026 2300 11
   10177  O 09152026 2300 03
   10309  O 09152026 2300 12
   10219  O 09152026 2300 08
   10581  O 09152026 2300 03
   11937  O 09152026 2300 11
   10609  O 09152026 2300 12
   12840  O 09152026 2300 14
   12878  O 09152026 2300 03
   11605  O 09152026 2300 11
   10642  O 09152026 2300 07
   12461  O 09152026 2301 04
   01344  O 09152026 2301 08
   12639  O 09152026 2301 12
   10697  O 09152026 2301 11
   10605  O 09152026 2301 14
   01436  O 09152026 2301 07
   12759  O 09152026 2301 04
   12722  O 09152026 2301 08
   12863  O 09152026 2301 03
   12456  I 09152026 2301 01
   12678  O 09152026 2301 11
   12726  O 09152026 2301 12
   11946  I 09152026 2301 05
   10505  I 09152026 2301 06
   12049  O 09152026 2301 14
   03017  O 09152026 2301 07
   12112  I 09152026 2301 01
   03032  O 09152026 2301 03
   12653  O 09152026 2301 12
   01396  I 09152026 2301 06
   03104  O 09152026 2301 14
   12610  O 09152026 2301 12
   11765  O 09152026 2301 08
   12413  O 09152026 2301 04
   12846  O 09152026 2301 11
   12743  O 09152026 2301 07
   11719  I 09152026 2301 01
   10724  I 09152026 2301 02
   12598  O 09152026 2301 12
   10607  O 09152026 2301 03
   12298  O 09152026 2301 11
   11538  O 09152026 2301 07
   11942  O 09152026 2301 08
   12820  O 09152026 2301 14
   01302  O 09152026 2301 03
   12809  O 09152026 2301 12
   12485  O 09152026 2301 11
   12682  O 09152026 2301 12
   11940  O 09152026 2301 03
   10285  O 09152026 2301 08
   10240  O 09152026 2301 03
   12667  O 09152026 2301 04
   03112  O 09152026 2301 07
   12849  O 09152026 2301 08
   10046  I 09152026 2301 01
   11724  O 09152026 2301 03
   12096  O 09152026 2301 04
   12951  O 09152026 2301 03
   10146  O 09152026 2302 08
   01317  O 09152026 2302 12
   12855  O 09152026 2302 03
   12689  I 09152026 2302 01
   12266  O 09152026 2302 04
   01333  O 09152026 2302 12
   12076  O 09152026 2302 03
   12090  O 09152026 2302 07
   10726  O 09152026 2302 04
   03120  O 09152026 2302 11
   12085  O 09152026 2302 03
   12650  O 09152026 2302 12
   12359  O 09152026 2302 04
   12116  O 09152026 2302 07
   10523  O 09152026 2302 03
   12642  O 09152026 2302 12
   12255  O 09152026 2302 08
   01327  O 09152026 2302 12
   12718  O 09152026 2302 03
   10641  O 09152026 2302 07
   12872  O 09152026 2302 04
   12205  O 09152026 2302 04
   12898  O 09152026 2302 03
   10405  O 09152026 2302 11
   12924  O 09152026 2302 03
   12963  O 09152026 2302 04
   01428  O 09152026 2302 07
   12929  O 09152026 2302 03
   12489  I 09152026 2302 02
   10785  O 09152026 2302 08
   12928  O 09152026 2303 04
   12758  O 09152026 2303 03
   01312  O 09152026 2303 12
   10808  O 09152026 2303 08
   12476  O 09152026 2303 03
   11392  I 09152026 2303 02
   01367  O 09152026 2303 07
   10145  O 09152026 2303 04
   12827  O 09152026 2303 03
   12967  O 09152026 2303 07
   10675  O 09152026 2303 03
   12113  I 09152026 2303 01
   01510  O 09152026 2303 03
   12858  O 09152026 2303 08
   11787  O 09152026 2303 07
   12472  O 09152026 2303 11
   12337  O 09152026 2303 03
   03168  O 09152026 2303 07
   10775  O 09152026 2303 08
   12807  O 09152026 2303 12
   12731  O 09152026 2303 11
   11534  O 09152026 2303 08
   12818  O 09152026 2303 03
   12961  O 09152026 2303 07
   03027  O 09152026 2304 11
   12889  O 09152026 2304 04
   12530  O 09152026 2304 03
   12206  O 09152026 2304 04
   12138  O 09152026 2304 03
   01446  O 09152026 2304 11
   12355  O 09152026 2304 03
   12595  O 09152026 2304 12
   12663  O 09152026 2304 11
   12962  O 09152026 2304 03
   03153  O 09152026 2304 11
   12741  I 09152026 2304 01
   12553  O 09152026 2305 11
   12742  O 09152026 2305 03
   12755  O 09152026 2305 03
   10817  O 09152026 2305 03
   12545  O 09152026 2305 04
   11926  O 09152026 2305 11
   10604  O 09152026 2305 03
   10333  I 09152026 2305 01
   03148  O 09152026 2306 03
   12841  O 09152026 2306 04
   12199  I 09152026 2306 02
   11776  O 09152026 2306 08
   10140  O 09152026 2306 07
   12623  O 09152026 2306 03
   10847  O 09152026 2307 08
   01356  O 09152026 2307 03
   11390  O 09152026 2307 08
   12351  O 09152026 2307 04
   10705  O 09152026 2308 11
   11402  O 09152026 2308 12
   12204  O 09152026 2309 04
   12291  O 09152026 2311 03
   12349  O 09152026 2312 03
   11286  O 09152026 2313 04
   10026  O 09152026 2313 07
   12302  O 09152026 2314 08
   03078  O 09152026 2314 07
   12950  O 09152026 2314 03
   12822  O 09152026 2315 03
   01382  O 09152026 2315 08
   12922  O 09152026 2315 04
   12785  O 09152026 2315 03
   01373  O 09152026 2315 08
   11387  O 09152026 2315 07
   03103  O 09152026 2316 04
   12147  O 09152026 2317 04
   01413  O 09152026 2318 07
   12135  O 09152026 2319 04
   12162  O 09152026 2319 03
   03152  O 09152026 2320 04
   12488  O 09152026 2325 14
