   01454  I 09232026 0441 01
   10642  I 09232026 0504 05
   10809  I 09232026 0524 01
   09823  I 09232026 0526 06
   11690  I 09232026 0529 05
   12249  I 09232026 0548 05
   03007  I 09232026 0554 06
   01231  I 09232026 0600 05
   12532  I 09232026 0600 05
   01339  I 09232026 0601 06
   03148  I 09232026 0602 02
   01413  I 09232026 0605 06
   11848  I 09232026 0605 06
   03141  I 09232026 0607 05
   01423  I 09232026 0608 06
   12632  I 09232026 0609 05
   12759  I 09232026 0609 01
   01481  I 09232026 0609 05
   12824  I 09232026 0609 02
   12903  I 09232026 0610 01
   12673  I 09232026 0610 05
   12823  I 09232026 0612 01
   12919  I 09232026 0613 01
   01483  I 09232026 0613 06
   11250  I 09232026 0614 06
   11267  I 09232026 0615 01
   12810  I 09232026 0615 06
   10306  I 09232026 0615 02
   10073  I 09232026 0616 05
   12962  I 09232026 0617 01
   10224  I 09232026 0617 05
   12595  I 09232026 0617 06
   12950  I 09232026 0617 02
   03053  I 09232026 0618 05
   12898  I 09232026 0618 02
   12963  I 09232026 0618 01
   10736  O 09232026 0619 03
   10736  I 09232026 0619 02
   03122  I 09232026 0619 05
   01428  I 09232026 0621 05
   01355  I 09232026 0621 05
   11538  I 09232026 0621 06
   12222  I 09232026 0621 05
   12700  I 09232026 0621 02
   12812  I 09232026 0621 06
   12612  I 09232026 0622 02
   12809  I 09232026 0622 05
   12928  I 09232026 0622 01
   01495  I 09232026 0623 02
   12461  I 09232026 0623 05
   12668  I 09232026 0623 01
   12957  I 09232026 0623 01
   12291  I 09232026 0623 02
   03153  I 09232026 0623 06
   10140  I 09232026 0623 05
   03152  I 09232026 0623 06
   10240  I 09232026 0624 06
   12205  I 09232026 0625 02
   12341  I 09232026 0625 05
   12821  I 09232026 0626 06
   12889  I 09232026 0627 05
   12840  I 09232026 0627 06
   12872  I 09232026 0628 01
   11498  I 09232026 0628 05
   11493  I 09232026 0628 05
   10766  I 09232026 0628 06
   12718  I 09232026 0629 01
   12397  I 09232026 0629 02
   10847  I 09232026 0629 05
   11390  I 09232026 0629 06
   10309  I 09232026 0629 06
   01266  I 09232026 0629 05
   12924  I 09232026 0630 01
   12066  I 09232026 0630 06
   11605  I 09232026 0630 05
   10199  I 09232026 0630 05
   12650  I 09232026 0630 05
   12938  I 09232026 0630 06
   12849  I 09232026 0631 05
   12863  I 09232026 0631 01
   12693  I 09232026 0631 06
   12731  I 09232026 0632 05
   12692  I 09232026 0632 01
   10425  I 09232026 0633 02
   12871  I 09232026 0633 06
   12128  I 09232026 0633 06
   12255  I 09232026 0633 05
   01504  I 09232026 0634 02
   03037  I 09232026 0634 05
   11942  I 09232026 0634 06
   10357  I 09232026 0634 06
   10641  I 09232026 0635 05
   11940  I 09232026 0635 06
   01302  I 09232026 0635 06
   03061  I 09232026 0635 05
   10383  I 09232026 0635 06
   12156  O 09232026 0635 07
   03126  I 09232026 0635 06
   03168  I 09232026 0635 05
   12156  I 09232026 0635 06
   11607  I 09232026 0635 06
   10775  I 09232026 0635 06
   12317  I 09232026 0636 01
   10607  I 09232026 0636 01
   03103  I 09232026 0636 02
   01232  I 09232026 0636 01
   10726  I 09232026 0637 01
   10234  I 09232026 0637 02
   12236  I 09232026 0637 05
   01345  I 09232026 0637 06
   10405  I 09232026 0637 05
   12355  I 09232026 0637 02
   03151  I 09232026 0638 01
   01356  I 09232026 0638 01
   10754  I 09232026 0638 06
   10675  I 09232026 0638 01
   12081  I 09232026 0638 05
   10449  I 09232026 0639 05
   10054  I 09232026 0639 01
   01317  I 09232026 0639 02
   12926  I 09232026 0639 01
   12682  I 09232026 0639 05
   11724  I 09232026 0640 01
   11402  I 09232026 0640 05
   01446  I 09232026 0640 06
   10827  I 09232026 0640 01
   12485  I 09232026 0640 05
   10791  I 09232026 0640 02
   11863  I 09232026 0640 06
   12663  I 09232026 0640 06
   12350  I 09232026 0640 02
   11879  I 09232026 0641 06
   01470  I 09232026 0641 05
   12234  I 09232026 0641 06
   10219  I 09232026 0641 05
   10576  I 09232026 0641 02
   10759  I 09232026 0641 06
   12724  I 09232026 0641 05
   10673  I 09232026 0641 06
   12807  I 09232026 0641 05
   03078  I 09232026 0641 06
   12653  I 09232026 0641 05
   11765  I 09232026 0641 01
   10318  I 09232026 0641 02
   12894  I 09232026 0641 06
   10786  I 09232026 0641 05
   12217  I 09232026 0642 01
   12208  I 09232026 0642 05
   11726  I 09232026 0642 01
   10604  I 09232026 0642 01
   12869  I 09232026 0642 05
   12804  I 09232026 0642 01
   12855  I 09232026 0642 02
   11387  I 09232026 0642 05
   12758  I 09232026 0642 01
   10841  I 09232026 0642 05
   10243  I 09232026 0642 02
   12142  I 09232026 0643 06
   11937  I 09232026 0643 05
   12191  I 09232026 0643 01
   12084  I 09232026 0643 02
   10223  I 09232026 0643 05
   12530  I 09232026 0643 02
   10050  I 09232026 0643 02
   11166  I 09232026 0643 01
   12451  I 09232026 0643 02
   12642  I 09232026 0644 05
   12476  I 09232026 0644 02
   11534  I 09232026 0644 06
   10522  I 09232026 0644 06
   10700  I 09232026 0645 06
   10232  I 09232026 0645 02
   10523  I 09232026 0645 01
   03058  I 09232026 0645 06
   12699  I 09232026 0645 01
   12439  I 09232026 0645 02
   03027  I 09232026 0646 05
   12755  I 09232026 0646 02
   12244  I 09232026 0646 01
   12221  I 09232026 0646 05
   12503  I 09232026 0646 06
   10026  I 09232026 0646 05
   11772  I 09232026 0646 06
   12097  I 09232026 0646 05
   10135  I 09232026 0646 06
   03120  I 09232026 0646 05
   12961  I 09232026 0646 02
   12138  I 09232026 0647 02
   01373  I 09232026 0647 05
   12433  I 09232026 0647 01
   12049  I 09232026 0647 05
   12082  I 09232026 0648 06
   10808  I 09232026 0648 06
   01415  I 09232026 0648 05
   03104  I 09232026 0648 06
   12206  I 09232026 0648 02
   12858  I 09232026 0648 05
   12764  I 09232026 0648 06
   12720  I 09232026 0648 05
   12090  I 09232026 0648 06
   12598  I 09232026 0649 06
   10609  I 09232026 0649 05
   12538  I 09232026 0649 02
   12553  I 09232026 0649 05
   12716  I 09232026 0649 06
   11784  I 09232026 0649 02
   12359  I 09232026 0650 06
   12374  I 09232026 0650 01
   12376  I 09232026 0650 02
   12610  I 09232026 0650 06
   12639  O 09232026 0650 07
   12639  I 09232026 0650 05
   10588  I 09232026 0651 06
   01374  I 09232026 0651 02
   10146  I 09232026 0651 01
   12667  I 09232026 0651 02
   12575  I 09232026 0651 06
   11286  I 09232026 0652 02
   12846  I 09232026 0652 01
   12738  I 09232026 0652 02
   11496  I 09232026 0652 05
   12474  I 09232026 0652 06
   10261  I 09232026 0652 05
   12726  I 09232026 0652 06
   12349  I 09232026 0653 01
   01436  I 09232026 0653 05
   12413  I 09232026 0653 06
   12305  I 09232026 0653 06
   12351  I 09232026 0653 02
   12122  I 09232026 0653 06
   12237  I 09232026 0653 05
   12545  I 09232026 0653 01
   12298  I 09232026 0653 02
   12798  I 09232026 0653 02
   12187  I 09232026 0654 02
   12293  I 09232026 0654 05
   12852  I 09232026 0654 06
   12805  I 09232026 0654 05
   10611  I 09232026 0654 09
   12614  I 09232026 0654 01
   03032  I 09232026 0654 02
   12085  I 09232026 0655 02
   12735  I 09232026 0655 05
   12416  I 09232026 0655 05
   12486  I 09232026 0655 06
   12339  I 09232026 0655 05
   12184  I 09232026 0655 06
   10573  I 09232026 0656 01
   11408  I 09232026 0656 02
   11522  I 09232026 0656 02
   12827  I 09232026 0656 01
   10407  I 09232026 0656 09
   10728  I 09232026 0656 06
   03017  I 09232026 0656 01
   12737  I 09232026 0657 01
   11780  I 09232026 0657 02
   10574  I 09232026 0657 05
   11494  I 09232026 0657 06
   11943  I 09232026 0657 05
   10796  I 09232026 0657 02
   12353  I 09232026 0657 01
   12816  I 09232026 0658 01
   10350  I 09232026 0658 02
   10500  I 09232026 0658 05
   10334  I 09232026 0658 01
   03101  I 09232026 0658 02
   12790  I 09232026 0658 02
   11355  I 09232026 0658 01
   12877  I 09232026 0659 02
   12629  I 09232026 0659 01
   01367  I 09232026 0659 05
   12819  I 09232026 0659 01
   10127  O 09232026 0700 12
   10825  O 09232026 0700 07
   12080  O 09232026 0700 08
   10720  O 09232026 0700 11
   12647  O 09232026 0700 03
   12672  O 09232026 0700 04
   10116  O 09232026 0700 12
   12539  O 09232026 0700 11
   12501  O 09232026 0700 08
   11694  O 09232026 0700 07
   12631  O 09232026 0700 12
   10469  O 09232026 0700 03
   12471  O 09232026 0700 08
   10807  O 09232026 0700 04
   10384  O 09232026 0700 07
   11774  O 09232026 0700 04
   12845  O 09232026 0700 11
   12783  O 09232026 0700 12
   12625  O 09232026 0700 08
   12820  O 09232026 0700 14
   12275  O 09232026 0700 07
   12556  O 09232026 0700 04
   11693  O 09232026 0700 11
   12854  O 09232026 0700 12
   10706  O 09232026 0700 14
   10083  O 09232026 0700 07
   12299  I 09232026 0700 06
   12576  O 09232026 0700 04
   12901  O 09232026 0700 11
   03170  O 09232026 0700 03
   12742  I 09232026 0700 01
   12780  O 09232026 0700 12
   12475  O 09232026 0700 07
   12098  O 09232026 0700 08
   12623  I 09232026 0700 02
   12247  O 09232026 0700 11
   12146  O 09232026 0700 03
   10669  O 09232026 0700 04
   11248  O 09232026 0700 11
   12020  O 09232026 0700 08
   12828  I 09232026 0700 01
   12496  O 09232026 0700 14
   10640  O 09232026 0700 04
   12502  O 09232026 0700 03
   03119  O 09232026 0700 11
   10617  O 09232026 0700 08
   12701  O 09232026 0700 04
   10697  O 09232026 0700 11
   10581  O 09232026 0701 08
   12844  O 09232026 0701 03
   10589  O 09232026 0701 07
   12096  I 09232026 0701 02
   12067  O 09232026 0701 14
   10221  O 09232026 0701 04
   11519  I 09232026 0701 01
   01499  O 09232026 0701 08
   12555  O 09232026 0701 04
   10285  O 09232026 0701 07
   12791  O 09232026 0701 11
   01351  I 09232026 0701 05
   12829  O 09232026 0701 03
   12125  I 09232026 0701 02
   12761  O 09232026 0701 11
   12712  O 09232026 0701 08
   12064  O 09232026 0701 03
   01296  O 09232026 0701 14
   12325  O 09232026 0701 12
   10201  O 09232026 0701 04
   12856  O 09232026 0701 11
   03012  O 09232026 0701 07
   10202  O 09232026 0701 08
   12698  O 09232026 0701 03
   12627  O 09232026 0701 12
   12760  O 09232026 0701 11
   12266  O 09232026 0701 03
   03102  O 09232026 0701 08
   10184  O 09232026 0701 04
   10070  O 09232026 0701 12
   12762  O 09232026 0701 11
   10385  O 09232026 0701 07
   12135  O 09232026 0701 04
   10133  O 09232026 0701 12
   12948  O 09232026 0701 03
   03035  O 09232026 0701 11
   01320  O 09232026 0701 12
   11169  O 09232026 0701 08
   12662  O 09232026 0701 04
   12094  O 09232026 0701 11
   12670  I 09232026 0701 01
   10071  O 09232026 0701 12
   12825  O 09232026 0701 03
   10605  O 09232026 0701 07
   11936  O 09232026 0701 08
   12057  O 09232026 0701 04
   12897  O 09232026 0701 03
   12679  O 09232026 0701 12
   03123  O 09232026 0701 11
   10148  O 09232026 0701 07
   01487  O 09232026 0701 03
   03176  O 09232026 0701 04
   12487  O 09232026 0701 12
   03047  O 09232026 0701 08
   12185  O 09232026 0701 11
   12730  O 09232026 0701 12
   01330  O 09232026 0701 04
   12740  O 09232026 0702 03
   12620  O 09232026 0702 11
   12732  O 09232026 0702 12
   10055  I 09232026 0702 01
   12302  I 09232026 0702 02
   12462  O 09232026 0702 12
   01448  O 09232026 0702 03
   11266  O 09232026 0702 11
   03068  O 09232026 0702 04
   12727  O 09232026 0702 11
   12967  O 09232026 0702 12
   12337  I 09232026 0702 01
   11650  O 09232026 0702 04
   12230  I 09232026 0702 02
   12267  O 09232026 0702 12
   10264  O 09232026 0702 11
   12383  O 09232026 0702 04
   12392  O 09232026 0702 03
   01306  O 09232026 0702 12
   12370  O 09232026 0702 11
   12373  O 09232026 0702 04
   01327  O 09232026 0702 12
   12356  O 09232026 0702 03
   12652  O 09232026 0702 11
   11221  I 09232026 0702 02
   10145  I 09232026 0702 01
   12853  O 09232026 0702 12
   11167  O 09232026 0702 03
   10456  O 09232026 0702 07
   12843  O 09232026 0702 04
   10100  O 09232026 0702 08
   12189  O 09232026 0702 12
   10231  O 09232026 0702 03
   10608  I 09232026 0702 01
   12944  O 09232026 0702 04
   10200  O 09232026 0702 11
   12248  O 09232026 0702 03
   12664  O 09232026 0702 08
   12930  O 09232026 0702 04
   11646  O 09232026 0702 12
   12557  O 09232026 0702 07
   12609  O 09232026 0702 08
   10245  O 09232026 0702 03
   11495  O 09232026 0702 04
   12888  O 09232026 0702 07
   12676  O 09232026 0703 11
   12813  O 09232026 0703 08
   12372  O 09232026 0703 04
   10705  I 09232026 0703 06
   12887  O 09232026 0703 03
   09833  O 09232026 0703 11
   01369  I 09232026 0703 01
   12611  O 09232026 0703 08
   10466  I 09232026 0703 02
   11687  O 09232026 0703 03
   11652  O 09232026 0703 04
   03161  O 09232026 0703 03
   12188  O 09232026 0703 03
   12832  O 09232026 0703 04
   12951  O 09232026 0703 04
   12409  O 09232026 0703 11
   01475  O 09232026 0703 03
   01341  O 09232026 0703 04
   10017  O 09232026 0703 08
   03088  O 09232026 0703 04
   01471  O 09232026 0703 07
   10378  O 09232026 0703 03
   11388  O 09232026 0703 08
   12711  O 09232026 0703 07
   12763  O 09232026 0703 04
   12415  O 09232026 0704 12
   10794  O 09232026 0704 08
   12793  O 09232026 0704 07
   11537  O 09232026 0704 07
   10490  O 09232026 0704 07
   03062  O 09232026 0704 12
   12141  I 09232026 0704 02
   12640  I 09232026 0705 02
   12497  O 09232026 0705 04
   12371  O 09232026 0705 08
   12949  O 09232026 0705 03
   12624  O 09232026 0705 04
   01295  O 09232026 0705 07
   12721  O 09232026 0705 08
   12757  O 09232026 0705 11
   11779  O 09232026 0705 04
   11725  O 09232026 0705 03
   12472  O 09232026 0705 14
   03124  O 09232026 0705 04
   10817  I 09232026 0706 01
   12546  O 09232026 0706 12
   12354  O 09232026 0706 07
   10356  O 09232026 0706 08
   10369  O 09232026 0706 12
   11647  O 09232026 0706 07
   12687  O 09232026 0706 08
   12582  O 09232026 0706 07
   01452  O 09232026 0706 04
   12717  I 09232026 0706 05
   10658  O 09232026 0707 07
   12722  I 09232026 0707 02
   12199  I 09232026 0707 02
   12666  O 09232026 0707 04
   12584  O 09232026 0707 12
   12458  O 09232026 0707 03
   03136  O 09232026 0707 03
   10606  O 09232026 0708 04
   03085  O 09232026 0708 08
   12131  O 09232026 0708 04
   12463  O 09232026 0708 12
   12706  O 09232026 0708 11
   12499  O 09232026 0709 04
   12329  O 09232026 0709 04
   10849  O 09232026 0709 03
   10144  O 09232026 0711 07
   10696  O 09232026 0711 08
   11222  O 09232026 0712 04
   12183  O 09232026 0713 14
   11935  O 09232026 0713 14
   12412  O 09232026 0713 12
   01459  O 09232026 0715 12
   12110  O 09232026 0717 11
   01276  O 09232026 0718 03
   01365  O 09232026 0719 08
   12947  O 09232026 0719 04
   12569  O 09232026 0721 11
   12417  O 09232026 0722 12
   01449  O 09232026 0723 08
   12072  O 09232026 0723 07
   01249  O 09232026 0724 12
   12136  O 09232026 0730 03
   12488  O 09232026 0730 14
   01456  O 09232026 0730 08
   01432  O 09232026 0733 08
   01468  O 09232026 0748 12
   01512  O 09232026 0815 12
   12725  I 09232026 0950 06
   12841  I 09232026 1052 01
   11926  I 09232026 1244 05
   12457  I 09232026 1251 05
   10047  I 09232026 1252 01
   09704  I 09232026 1311 05
   03039  I 09232026 1313 05
   10070  I 09232026 1315 05
   01402  I 09232026 1319 05
   12688  I 09232026 1320 06
   12260  I 09232026 1321 05
   12289  I 09232026 1328 06
   12256  I 09232026 1331 05
   03172  I 09232026 1337 05
   12628  I 09232026 1338 05
   10712  I 09232026 1341 05
   01333  I 09232026 1341 05
   03179  I 09232026 1345 05
   03135  I 09232026 1347 01
   11933  I 09232026 1351 01
   12785  I 09232026 1352 01
   12162  I 09232026 1354 02
   12396  I 09232026 1355 02
   01357  I 09232026 1356 05
   12148  I 09232026 1356 01
   10787  I 09232026 1358 06
   12711  I 09232026 1358 06
   12890  I 09232026 1400 05
   12544  I 09232026 1400 05
   12677  I 09232026 1401 05
   12822  I 09232026 1402 01
   01335  I 09232026 1402 05
   12965  I 09232026 1402 02
   10795  I 09232026 1403 06
   03018  I 09232026 1405 05
   01417  I 09232026 1406 01
   12927  I 09232026 1406 02
   12583  I 09232026 1406 06
   12307  I 09232026 1406 06
   12808  I 09232026 1407 05
   12845  I 09232026 1407 06
   12847  I 09232026 1407 02
   12800  I 09232026 1409 02
   12627  I 09232026 1410 05
   12922  I 09232026 1410 01
   12802  I 09232026 1411 02
   12246  I 09232026 1412 05
   10831  I 09232026 1414 05
   12531  I 09232026 1414 06
   10358  I 09232026 1414 05
   12241  I 09232026 1414 02
   03026  I 09232026 1415 01
   12826  I 09232026 1415 01
   01511  I 09232026 1415 02
   10839  I 09232026 1416 06
   10169  I 09232026 1416 02
   10333  I 09232026 1416 05
   01320  I 09232026 1417 06
   10605  I 09232026 1417 05
   11936  I 09232026 1417 06
   11223  I 09232026 1417 06
   11400  I 09232026 1418 05
   12342  I 09232026 1419 06
   12149  I 09232026 1419 05
   12615  I 09232026 1419 05
   12786  I 09232026 1419 02
   12080  I 09232026 1419 06
   12069  I 09232026 1419 06
   12488  I 09232026 1420 06
   03035  I 09232026 1421 05
   12920  I 09232026 1421 01
   11777  I 09232026 1421 05
   12473  I 09232026 1422 05
   01433  I 09232026 1423 06
   03167  I 09232026 1423 05
   12185  I 09232026 1424 01
   12732  I 09232026 1425 06
   03112  I 09232026 1426 06
   12058  I 09232026 1426 01
   10091  I 09232026 1426 05
   12390  I 09232026 1427 02
   10386  I 09232026 1427 02
   12115  I 09232026 1427 01
   12540  I 09232026 1427 05
   12558  I 09232026 1427 06
   01510  I 09232026 1428 02
   03118  I 09232026 1430 05
   10698  I 09232026 1430 06
   12343  I 09232026 1431 06
   12888  I 09232026 1431 06
   12873  I 09232026 1431 01
   10373  I 09232026 1432 02
   01325  I 09232026 1433 01
   12204  I 09232026 1433 01
   12259  I 09232026 1433 06
   12186  I 09232026 1433 01
   12594  I 09232026 1433 06
   12799  I 09232026 1434 02
   12055  I 09232026 1435 02
   12946  I 09232026 1436 06
   12601  I 09232026 1436 01
   12074  I 09232026 1436 02
   11398  I 09232026 1437 06
   10612  I 09232026 1437 06
   12651  I 09232026 1437 05
   12112  I 09232026 1437 06
   10467  I 09232026 1437 01
   12088  I 09232026 1437 06
   12661  I 09232026 1437 05
   10291  I 09232026 1437 06
   01471  I 09232026 1438 05
   12130  I 09232026 1438 02
   12814  I 09232026 1438 02
   12689  I 09232026 1438 06
   10585  I 09232026 1438 02
   11222  I 09232026 1439 02
   11688  I 09232026 1439 05
   12815  I 09232026 1439 06
   12375  I 09232026 1439 05
   12743  I 09232026 1439 02
   12306  I 09232026 1440 05
   11787  I 09232026 1440 06
   10765  I 09232026 1440 06
   12568  I 09232026 1441 06
   09833  I 09232026 1441 05
   11404  I 09232026 1442 02
   10046  I 09232026 1442 01
   03108  I 09232026 1442 09
   12792  I 09232026 1443 01
   12269  I 09232026 1443 05
   10811  I 09232026 1443 05
   12463  I 09232026 1444 05
   10780  I 09232026 1444 05
   12904  I 09232026 1444 01
   12622  I 09232026 1444 01
   09676  I 09232026 1445 02
   03030  I 09232026 1445 02
   01422  I 09232026 1445 01
   01477  I 09232026 1446 05
   12851  I 09232026 1447 06
   03010  I 09232026 1447 05
   10222  I 09232026 1447 06
   12500  I 09232026 1447 06
   10785  I 09232026 1447 06
   12943  I 09232026 1447 01
   10094  I 09232026 1447 02
   11946  I 09232026 1448 05
   10086  I 09232026 1448 05
   10678  I 09232026 1449 02
   01479  I 09232026 1449 06
   10788  I 09232026 1449 05
   03059  I 09232026 1449 06
   11774  I 09232026 1449 02
   12854  I 09232026 1450 06
   12456  I 09232026 1451 01
   12710  I 09232026 1451 05
   10505  I 09232026 1451 02
   12630  I 09232026 1451 01
   01379  I 09232026 1451 02
   12695  I 09232026 1452 01
   12862  I 09232026 1452 02
   12131  I 09232026 1452 01
   03102  I 09232026 1453 01
   12820  I 09232026 1453 06
   12325  I 09232026 1453 01
   11789  I 09232026 1454 06
   12415  I 09232026 1455 06
   12059  I 09232026 1455 01
   12652  I 09232026 1456 02
   12861  I 09232026 1458 05
   12133  I 09232026 1459 01
   11719  I 09232026 1459 01
   01481  O 09232026 1500 08
   11879  O 09232026 1500 11
   10728  O 09232026 1500 12
   03053  O 09232026 1500 07
   12668  O 09232026 1500 03
   10243  O 09232026 1500 04
   12474  O 09232026 1500 11
   01470  O 09232026 1500 08
   10700  O 09232026 1500 07
   10318  O 09232026 1500 04
   12840  O 09232026 1500 11
   12852  O 09232026 1500 12
   03037  O 09232026 1500 07
   12236  O 09232026 1500 08
   12049  O 09232026 1500 14
   11937  O 09232026 1500 11
   12461  O 09232026 1500 12
   12849  O 09232026 1500 07
   12397  O 09232026 1500 04
   12184  O 09232026 1500 14
   12858  O 09232026 1500 08
   12299  O 09232026 1500 11
   12720  O 09232026 1500 07
   12759  O 09232026 1500 04
   12113  I 09232026 1500 01
   11498  O 09232026 1500 11
   10642  O 09232026 1500 08
   11772  O 09232026 1500 07
   11765  O 09232026 1500 03
   12894  O 09232026 1500 11
   12863  O 09232026 1500 04
   12237  O 09232026 1500 08
   12741  I 09232026 1500 01
   12824  O 09232026 1500 03
   12081  O 09232026 1500 07
   12924  O 09232026 1500 04
   10726  O 09232026 1500 08
   12823  O 09232026 1500 03
   11534  O 09232026 1500 08
   12928  O 09232026 1500 04
   10146  O 09232026 1500 07
   12957  O 09232026 1500 03
   12807  O 09232026 1500 11
   11392  I 09232026 1500 06
   12538  O 09232026 1500 04
   12205  O 09232026 1500 03
   12217  O 09232026 1501 04
   12718  O 09232026 1501 03
   12694  I 09232026 1501 02
   12122  O 09232026 1501 08
   12208  O 09232026 1501 12
   12731  O 09232026 1501 11
   11538  O 09232026 1501 07
   12962  O 09232026 1501 03
   12485  O 09232026 1501 12
   12222  O 09232026 1501 08
   12293  O 09232026 1501 07
   10736  O 09232026 1501 04
   12903  O 09232026 1501 03
   12451  O 09232026 1501 04
   11221  O 09232026 1501 03
   12503  O 09232026 1501 07
   12138  O 09232026 1501 03
   10500  O 09232026 1501 07
   10791  O 09232026 1501 08
   03148  O 09232026 1501 03
   12376  O 09232026 1501 12
   10607  O 09232026 1501 04
   12090  O 09232026 1501 07
   11408  O 09232026 1501 03
   10224  O 09232026 1501 08
   12614  O 09232026 1501 04
   12722  O 09232026 1501 07
   11780  O 09232026 1501 03
   12663  O 09232026 1501 11
   12950  O 09232026 1501 03
   12673  O 09232026 1501 12
   12938  O 09232026 1501 11
   10145  O 09232026 1501 04
   10306  O 09232026 1501 03
   12142  O 09232026 1502 08
   12255  O 09232026 1502 07
   10766  O 09232026 1502 08
   12812  O 09232026 1502 11
   03122  O 09232026 1502 07
   10407  O 09232026 1502 12
   12416  O 09232026 1502 08
   10261  O 09232026 1502 11
   12758  O 09232026 1502 03
   11605  O 09232026 1502 11
   12476  O 09232026 1502 04
   10641  O 09232026 1502 08
   12486  O 09232026 1502 12
   12244  O 09232026 1502 04
   12629  O 09232026 1502 07
   03007  O 09232026 1502 11
   10724  I 09232026 1502 02
   12827  O 09232026 1502 03
   01345  O 09232026 1502 07
   12355  O 09232026 1502 03
   12667  O 09232026 1502 04
   12085  O 09232026 1502 03
   12128  O 09232026 1502 12
   12575  O 09232026 1502 08
   12724  O 09232026 1502 07
   11848  O 09232026 1502 12
   12700  O 09232026 1503 08
   03032  O 09232026 1503 07
   12374  O 09232026 1503 03
   01231  O 09232026 1503 07
   12066  O 09232026 1503 08
   12742  O 09232026 1503 03
   12413  O 09232026 1503 07
   12598  O 09232026 1503 12
   10673  O 09232026 1503 08
   01446  O 09232026 1503 07
   12351  O 09232026 1503 08
   12810  O 09232026 1503 07
   12545  O 09232026 1503 03
   10675  O 09232026 1503 03
   10523  O 09232026 1503 03
   03120  O 09232026 1503 11
   01436  O 09232026 1503 07
   12682  O 09232026 1504 12
   12353  O 09232026 1504 08
   01367  O 09232026 1504 07
   10808  O 09232026 1504 08
   01232  O 09232026 1504 11
   12530  O 09232026 1504 03
   12612  O 09232026 1504 03
   10223  O 09232026 1504 07
   12874  I 09232026 1504 01
   01302  O 09232026 1504 08
   03153  O 09232026 1504 11
   11940  O 09232026 1504 07
   10240  O 09232026 1504 08
   12872  O 09232026 1504 04
   03168  O 09232026 1504 07
   12623  O 09232026 1504 03
   12886  I 09232026 1504 01
   12898  O 09232026 1504 03
   01351  O 09232026 1504 11
   03078  O 09232026 1504 07
   12889  O 09232026 1504 04
   12639  O 09232026 1504 12
   12653  O 09232026 1504 12
   12869  O 09232026 1504 11
   12726  O 09232026 1504 11
   12855  O 09232026 1504 03
   11863  O 09232026 1505 12
   10775  O 09232026 1505 08
   10847  O 09232026 1505 08
   12553  O 09232026 1505 11
   01495  O 09232026 1505 12
   03101  O 09232026 1505 03
   01428  O 09232026 1506 07
   10827  O 09232026 1506 04
   03017  O 09232026 1506 11
   12650  O 09232026 1506 12
   10588  O 09232026 1506 12
   12489  I 09232026 1506 02
   10609  O 09232026 1506 07
   10841  O 09232026 1507 07
   10817  O 09232026 1508 03
   01483  O 09232026 1508 08
   10357  O 09232026 1508 07
   12692  O 09232026 1508 07
   10425  O 09232026 1508 03
   12199  O 09232026 1508 04
   12349  O 09232026 1508 03
   12532  O 09232026 1509 12
   12096  O 09232026 1509 03
   12595  O 09232026 1509 12
   03141  O 09232026 1509 12
   09823  O 09232026 1509 12
   12249  O 09232026 1510 12
   12919  O 09232026 1510 07
   01454  O 09232026 1510 08
   11690  O 09232026 1510 12
   01356  O 09232026 1510 03
   12963  O 09232026 1511 03
   01423  O 09232026 1511 11
   12359  O 09232026 1511 12
   01317  O 09232026 1512 12
   10219  O 09232026 1512 08
   10050  O 09232026 1513 04
   11166  O 09232026 1513 03
   12302  O 09232026 1513 07
   10026  O 09232026 1513 07
   10705  O 09232026 1514 11
   10350  O 09232026 1514 12
   11402  O 09232026 1516 12
   10140  O 09232026 1516 07
   12221  O 09232026 1516 12
   10604  O 09232026 1517 03
   03152  O 09232026 1519 04
   03103  O 09232026 1520 04
   10073  O 09232026 1521 12
   12764  O 09232026 1521 07
   11390  O 09232026 1524 08
   01504  O 09232026 1524 04
   12341  O 09232026 1524 12
   01266  O 09232026 1525 08
   10611  O 09232026 1525 11
   10135  O 09232026 1527 12
   12846  O 09232026 1528 07
   01373  O 09232026 1530 08
   12736  I 09232026 1535 02
   12475  I 09232026 1537 06
   10786  O 09232026 1540 08
   01374  O 09232026 1551 04
   01355  O 09232026 1600 03
   11286  O 09232026 1600 04
   12640  O 09232026 1602 08
   12804  O 09232026 1603 04
   10608  O 09232026 1628 12
   12735  O 09232026 1700 03
   12632  O 09232026 1700 08
   12737  O 09232026 1700 07
   03061  O 09232026 1700 12
   10199  O 09232026 1700 07
   10405  O 09232026 1701 07
   12187  O 09232026 1701 12
   01415  O 09232026 1702 14
   10796  O 09232026 1702 03
   12305  O 09232026 1702 08
   10055  O 09232026 1704 14
   10466  O 09232026 1704 11
   10449  O 09232026 1706 08
   10054  O 09232026 1707 04
   11519  O 09232026 1708 07
   12141  O 09232026 1709 12
   12805  O 09232026 1711 07
   01459  I 09232026 1725 05
   10334  O 09232026 1727 12
   12717  O 09232026 1730 07
   11693  I 09232026 1758 05
   11493  O 09232026 1800 14
   12191  O 09232026 1800 03
   11267  O 09232026 1800 03
   11607  O 09232026 1800 11
   03104  O 09232026 1801 14
   10759  O 09232026 1801 08
   11943  O 09232026 1803 07
   11355  O 09232026 1804 08
   03123  I 09232026 1813 06
   01487  I 09232026 1817 02
   11411  I 09232026 1820 02
   12676  I 09232026 1821 05
   12291  O 09232026 1828 03
   12439  O 09232026 1830 04
   10221  I 09232026 1834 02
   01452  I 09232026 1835 02
   12754  I 09232026 1837 05
   12356  I 09232026 1839 02
   12502  I 09232026 1840 06
   12467  I 09232026 1840 02
   12372  I 09232026 1842 02
   12763  I 09232026 1842 01
   12383  I 09232026 1842 02
   12501  I 09232026 1845 06
   12189  I 09232026 1848 02
   12188  I 09232026 1849 09
   12569  I 09232026 1849 05
   12829  I 09232026 1856 01
   03088  I 09232026 1856 01
   01512  I 09232026 1857 01
   10133  I 09232026 1857 10
   12624  I 09232026 1858 01
   11496  O 09232026 1900 07
   12828  O 09232026 1900 04
   10809  O 09232026 1900 03
   10574  O 09232026 1900 12
   10309  O 09232026 1900 11
   12693  O 09232026 1900 03
   12961  O 09232026 1900 03
   12790  O 09232026 1900 04
   12317  O 09232026 1900 03
   10232  O 09232026 1900 04
   12097  O 09232026 1900 08
   03058  O 09232026 1900 04
   12266  I 09232026 1900 02
   10234  O 09232026 1900 04
   12642  O 09232026 1901 12
   10573  O 09232026 1901 03
   12809  O 09232026 1901 11
   12339  O 09232026 1901 07
   12821  O 09232026 1901 08
   12819  O 09232026 1901 11
   01339  O 09232026 1901 07
   11784  O 09232026 1901 08
   11726  O 09232026 1901 03
   12350  O 09232026 1901 04
   12816  O 09232026 1901 03
   12125  O 09232026 1902 07
   12670  O 09232026 1902 03
   01369  O 09232026 1902 03
   12337  O 09232026 1902 03
   11387  O 09232026 1903 07
   03151  O 09232026 1905 03
   10576  O 09232026 1906 03
   12084  O 09232026 1909 03
   10712  O 09232026 1912 07
   12738  O 09232026 1912 03
   01413  O 09232026 1925 11
   01234  I 09232026 2012 01
   11646  I 09232026 2056 06
   11522  O 09232026 2100 04
   10369  I 09232026 2114 05
   12497  I 09232026 2120 01
   12089  I 09232026 2124 05
   11652  I 09232026 2141 01
   12645  I 09232026 2146 05
   10663  I 09232026 2147 05
   10201  I 09232026 2148 05
   12679  I 09232026 2150 05
   10184  I 09232026 2155 06
   12192  I 09232026 2155 05
   12136  I 09232026 2156 01
   12753  I 09232026 2159 02
   12306  O 09232026 2200 03
   12793  I 09232026 2200 05
   12056  I 09232026 2201 01
   12135  I 09232026 2202 01
   12897  I 09232026 2204 05
   12140  I 09232026 2206 06
   03029  I 09232026 2206 06
   10310  I 09232026 2206 06
   12844  I 09232026 2206 02
   10083  I 09232026 2207 06
   11266  I 09232026 2207 05
   12723  I 09232026 2208 01
   10287  I 09232026 2208 06
   12856  I 09232026 2208 02
   12831  I 09232026 2208 01
   12825  I 09232026 2209 02
   12791  I 09232026 2209 01
   10720  I 09232026 2209 06
   11168  I 09232026 2209 06
   12664  I 09232026 2209 06
   11647  I 09232026 2210 05
   10706  I 09232026 2211 05
   11935  I 09232026 2211 06
   12254  I 09232026 2211 05
   12760  I 09232026 2211 01
   12072  I 09232026 2211 05
   03170  I 09232026 2211 01
   12458  I 09232026 2215 05
   01295  I 09232026 2215 01
   10100  I 09232026 2215 06
   12584  I 09232026 2215 05
   03047  I 09232026 2216 05
   12948  I 09232026 2218 01
   12832  I 09232026 2219 05
   12757  I 09232026 2219 06
   12499  I 09232026 2219 01
   12712  I 09232026 2220 06
   01449  I 09232026 2220 05
   12887  I 09232026 2220 01
   12780  I 09232026 2221 06
   10117  I 09232026 2221 05
   01475  I 09232026 2221 01
   12637  I 09232026 2221 06
   12947  I 09232026 2222 02
   01432  I 09232026 2223 05
   12576  I 09232026 2223 06
   01330  I 09232026 2224 06
   10177  I 09232026 2225 05
   12247  I 09232026 2225 05
   10697  I 09232026 2225 05
   12698  I 09232026 2225 01
   12690  I 09232026 2225 06
   12951  I 09232026 2226 01
   03001  I 09232026 2227 05
   12783  I 09232026 2227 05
   11169  I 09232026 2227 06
   10456  I 09232026 2227 06
   12756  I 09232026 2227 06
   12761  I 09232026 2229 02
   12238  I 09232026 2229 05
   12701  I 09232026 2231 01
   03119  I 09232026 2231 05
   03012  I 09232026 2231 06
   10116  I 09232026 2231 06
   10264  I 09232026 2232 06
   12813  I 09232026 2233 06
   12354  I 09232026 2233 05
   12727  I 09232026 2233 06
   01249  I 09232026 2233 05
   12901  I 09232026 2233 06
   12644  I 09232026 2233 06
   12762  I 09232026 2234 01
   10384  I 09232026 2235 05
   12625  I 09232026 2235 06
   12662  I 09232026 2235 02
   12944  I 09232026 2236 01
   12153  I 09232026 2236 06
   12543  O 09232026 2236 07
   12543  I 09232026 2236 05
   12729  I 09232026 2236 05
   12665  I 09232026 2236 01
   10669  I 09232026 2236 02
   12496  I 09232026 2236 06
   10669  O 09232026 2237 03
   10669  I 09232026 2237 02
   12183  I 09232026 2237 06
   12472  I 09232026 2237 06
   10825  I 09232026 2237 06
   12853  I 09232026 2238 06
   12020  I 09232026 2238 06
   10581  I 09232026 2238 05
   12539  I 09232026 2238 06
   10617  I 09232026 2238 05
   12116  I 09232026 2239 06
   10017  I 09232026 2239 06
   12487  I 09232026 2239 05
   11694  I 09232026 2239 06
   03159  I 09232026 2239 09
   01448  I 09232026 2239 02
   12672  I 09232026 2239 01
   12930  I 09232026 2240 01
   12555  I 09232026 2240 05
   03124  I 09232026 2240 02
   10356  I 09232026 2241 05
   12647  I 09232026 2241 01
   11945  I 09232026 2241 06
   03085  I 09232026 2241 06
   12151  I 09232026 2242 01
   10830  I 09232026 2242 01
   12631  I 09232026 2243 06
   12098  I 09232026 2243 02
   01365  I 09232026 2243 05
   10285  I 09232026 2243 05
   10490  I 09232026 2243 06
   12412  I 09232026 2244 05
   10794  I 09232026 2244 06
   03077  I 09232026 2244 06
   03173  I 09232026 2244 06
   11495  I 09232026 2244 02
   12067  I 09232026 2244 01
   01327  I 09232026 2244 01
   12146  I 09232026 2245 01
   12609  I 09232026 2245 06
   12462  I 09232026 2246 05
   11687  I 09232026 2246 01
   12546  I 09232026 2247 06
   01296  I 09232026 2247 13
   01499  I 09232026 2248 06
   12556  I 09232026 2249 01
   12224  I 09232026 2249 05
   12123  I 09232026 2250 10
   12843  I 09232026 2250 02
   01492  I 09232026 2250 06
   12561  I 09232026 2251 01
   12275  I 09232026 2251 06
   12076  I 09232026 2251 01
   12164  I 09232026 2251 02
   12557  I 09232026 2252 02
   12373  I 09232026 2252 01
   11537  I 09232026 2253 06
   12878  I 09232026 2253 01
   12371  I 09232026 2253 05
   12721  I 09232026 2253 01
   10245  I 09232026 2253 01
   10469  I 09232026 2254 02
   10658  I 09232026 2254 05
   10148  I 09232026 2256 05
   01405  I 09232026 2256 01
   12611  I 09232026 2256 01
   12471  I 09232026 2257 02
   12248  I 09232026 2257 02
   12666  I 09232026 2258 01
   03136  I 09232026 2258 01
   11725  I 09232026 2258 02
   01341  I 09232026 2259 01
   03080  I 09232026 2259 05
   10333  O 09232026 2300 07
   10678  O 09232026 2300 04
   03027  O 09232026 2300 11
   03167  O 09232026 2300 08
   10386  O 09232026 2300 03
   12307  O 09232026 2300 12
   10598  I 09232026 2300 06
   03030  O 09232026 2300 14
   12130  O 09232026 2300 03
   12582  I 09232026 2300 06
   12741  O 09232026 2300 04
   01335  O 09232026 2300 07
   12854  O 09232026 2300 11
   12531  O 09232026 2300 03
   12558  O 09232026 2300 04
   11926  O 09232026 2300 08
   12890  O 09232026 2300 11
   12456  O 09232026 2300 04
   12540  O 09232026 2300 03
   12417  I 09232026 2300 06
   11777  O 09232026 2300 07
   12610  O 09232026 2300 08
   10754  O 09232026 2300 14
   12055  O 09232026 2300 03
   10383  O 09232026 2300 11
   12799  O 09232026 2300 04
   12946  O 09232026 2300 12
   12888  O 09232026 2300 07
   12396  O 09232026 2300 03
   12815  O 09232026 2300 08
   12298  O 09232026 2300 11
   12230  O 09232026 2300 04
   10612  O 09232026 2300 14
   01357  O 09232026 2300 08
   12069  O 09232026 2300 11
   12149  O 09232026 2300 08
   12786  O 09232026 2300 03
   12473  O 09232026 2300 14
   12615  O 09232026 2300 07
   10795  O 09232026 2300 08
   10358  O 09232026 2300 11
   03059  O 09232026 2300 07
   12965  O 09232026 2300 04
   12847  O 09232026 2300 03
   11494  O 09232026 2300 14
   10839  O 09232026 2300 07
   12415  O 09232026 2300 12
   12808  O 09232026 2300 08
   11724  O 09232026 2300 03
   12841  O 09232026 2301 04
   10522  O 09232026 2301 08
   10222  O 09232026 2301 07
   12058  O 09232026 2301 03
   12112  O 09232026 2301 12
   01402  O 09232026 2301 08
   03018  O 09232026 2301 07
   12822  O 09232026 2301 03
   12826  O 09232026 2301 04
   01456  I 09232026 2301 02
   01433  O 09232026 2301 08
   12651  O 09232026 2301 11
   12904  O 09232026 2301 04
   12082  O 09232026 2301 07
   10467  O 09232026 2301 03
   10696  I 09232026 2301 01
   12113  O 09232026 2301 11
   01471  O 09232026 2301 07
   12814  O 09232026 2301 04
   10724  O 09232026 2301 03
   10780  O 09232026 2301 04
   10640  I 09232026 2301 01
   03112  O 09232026 2301 07
   10785  O 09232026 2301 08
   12259  O 09232026 2301 03
   12601  O 09232026 2301 04
   12342  O 09232026 2301 11
   11392  O 09232026 2301 07
   12260  O 09232026 2301 12
   12234  O 09232026 2301 04
   10291  O 09232026 2301 08
   12375  O 09232026 2301 03
   09833  O 09232026 2301 11
   03161  I 09232026 2301 01
   10086  O 09232026 2301 07
   12256  O 09232026 2301 12
   12877  O 09232026 2301 04
   10046  O 09232026 2301 03
   10788  O 09232026 2301 08
   10091  O 09232026 2301 07
   12628  O 09232026 2301 12
   12133  O 09232026 2301 03
   09676  O 09232026 2301 04
   01325  O 09232026 2301 08
   01333  O 09232026 2302 12
   11942  O 09232026 2302 07
   12622  O 09232026 2302 04
   10698  O 09232026 2302 03
   12743  O 09232026 2302 07
   01479  O 09232026 2302 04
   12851  O 09232026 2302 11
   12206  O 09232026 2302 03
   03172  O 09232026 2302 08
   12695  O 09232026 2302 03
   12433  O 09232026 2302 04
   12798  O 09232026 2302 04
   10169  O 09232026 2302 08
   12716  O 09232026 2302 07
   12755  O 09232026 2302 03
   01417  O 09232026 2302 12
   12489  O 09232026 2302 08
   10831  O 09232026 2302 11
   12725  O 09232026 2302 03
   12736  O 09232026 2302 12
   12074  O 09232026 2302 04
   12871  O 09232026 2302 03
   11650  I 09232026 2302 01
   11719  O 09232026 2303 04
   12862  O 09232026 2303 03
   12059  O 09232026 2303 04
   12943  O 09232026 2303 03
   10070  O 09232026 2303 12
   12463  O 09232026 2303 11
   11774  O 09232026 2303 04
   12694  O 09232026 2303 03
   01510  O 09232026 2303 03
   11787  O 09232026 2304 07
   12457  O 09232026 2304 07
   12861  O 09232026 2304 12
   12148  O 09232026 2304 03
   03179  O 09232026 2304 12
   12800  O 09232026 2304 04
   03126  O 09232026 2304 07
   12920  O 09232026 2304 03
   12927  O 09232026 2304 04
   01477  O 09232026 2304 11
   12802  O 09232026 2304 03
   10378  I 09232026 2304 01
   12594  O 09232026 2304 12
   12873  O 09232026 2304 04
   12922  O 09232026 2304 03
   12186  O 09232026 2304 07
   12652  O 09232026 2304 12
   11774  I 09232026 2304 05
   11774  O 09232026 2305 08
   09704  O 09232026 2305 08
   10811  O 09232026 2305 07
   11398  O 09232026 2305 12
   12886  O 09232026 2305 03
   10765  O 09232026 2305 08
   12162  O 09232026 2306 04
   01379  O 09232026 2306 07
   11688  O 09232026 2306 08
   12661  O 09232026 2306 07
   10505  O 09232026 2306 08
   01511  O 09232026 2306 03
   12874  O 09232026 2306 04
   12630  O 09232026 2306 07
   12343  O 09232026 2306 08
   10094  O 09232026 2306 03
   03118  O 09232026 2306 07
   12677  O 09232026 2306 08
   12732  O 09232026 2307 12
   12926  O 09232026 2307 03
   11222  O 09232026 2307 03
   11933  O 09232026 2307 04
   12088  O 09232026 2307 12
   12021  O 09232026 2307 03
   12021  I 09232026 2307 02
   11404  O 09232026 2307 12
   03026  O 09232026 2308 11
   12115  O 09232026 2308 11
   12269  O 09232026 2308 12
   12792  O 09232026 2308 03
   12785  O 09232026 2308 04
   12289  O 09232026 2308 07
   12688  O 09232026 2308 08
   12390  O 09232026 2308 04
   12241  O 09232026 2308 03
   12689  O 09232026 2308 07
   12845  O 09232026 2308 11
   12544  O 09232026 2308 11
   03108  O 09232026 2309 11
   10585  O 09232026 2309 03
   12706  I 09232026 2309 02
   03035  O 09232026 2310 11
   12246  O 09232026 2310 04
   11250  O 09232026 2310 12
   12627  O 09232026 2311 12
   11223  O 09232026 2313 08
   12325  O 09232026 2314 11
   11789  O 09232026 2314 07
   03010  O 09232026 2319 08
   03135  O 09232026 2319 04
   01422  O 09232026 2321 07
   12131  O 09232026 2322 07
   03039  O 09232026 2322 08
   11946  O 09232026 2323 12
   10373  O 09232026 2327 12
