   01454  I 09222026 0449 01
   10642  I 09222026 0510 05
   11690  I 09222026 0532 05
   12678  I 09222026 0538 06
   10809  I 09222026 0540 05
   12558  I 09222026 0546 06
   03007  I 09222026 0550 06
   12673  I 09222026 0552 05
   03148  I 09222026 0553 02
   12249  I 09222026 0553 05
   12919  I 09222026 0557 01
   01413  I 09222026 0603 06
   11848  I 09222026 0603 06
   01339  I 09222026 0606 06
   12929  I 09222026 0607 01
   01231  I 09222026 0607 05
   12759  I 09222026 0608 01
   12532  I 09222026 0608 05
   01355  I 09222026 0609 05
   03141  I 09222026 0610 05
   12595  I 09222026 0610 06
   12823  I 09222026 0610 01
   11605  I 09222026 0611 05
   12903  I 09222026 0611 01
   11250  I 09222026 0614 06
   12824  I 09222026 0614 02
   10073  I 09222026 0614 05
   03122  I 09222026 0614 06
   12962  I 09222026 0615 01
   12632  I 09222026 0615 05
   01481  I 09222026 0615 05
   12810  I 09222026 0616 05
   12963  I 09222026 0616 01
   12898  I 09222026 0616 02
   12291  I 09222026 0616 01
   10736  I 09222026 0616 02
   11267  I 09222026 0617 02
   03053  I 09222026 0617 05
   10224  I 09222026 0617 06
   01344  I 09222026 0617 05
   01428  I 09222026 0617 01
   12950  I 09222026 0617 02
   12928  I 09222026 0618 01
   11538  I 09222026 0619 05
   12461  I 09222026 0619 02
   12889  I 09222026 0619 05
   10140  I 09222026 0620 05
   12872  I 09222026 0621 02
   12397  I 09222026 0621 01
   10240  I 09222026 0622 06
   12668  I 09222026 0623 01
   12718  I 09222026 0623 02
   12692  I 09222026 0623 02
   12205  I 09222026 0624 02
   12821  I 09222026 0625 06
   12700  I 09222026 0625 02
   01495  I 09222026 0626 02
   12924  I 09222026 0626 02
   03153  I 09222026 0626 06
   11493  I 09222026 0627 05
   12812  I 09222026 0627 06
   12093  I 09222026 0627 06
   03152  I 09222026 0627 02
   12840  I 09222026 0628 06
   11928  I 09222026 0629 05
   12476  I 09222026 0629 02
   01504  I 09222026 0630 02
   11390  I 09222026 0630 06
   11498  I 09222026 0630 05
   12128  I 09222026 0631 06
   10726  I 09222026 0631 02
   12957  I 09222026 0631 01
   12156  O 09222026 0631 07
   12156  I 09222026 0631 06
   10641  I 09222026 0631 05
   12255  I 09222026 0632 05
   10425  I 09222026 0632 02
   12938  I 09222026 0633 06
   03061  I 09222026 0634 05
   12317  I 09222026 0634 02
   12809  I 09222026 0634 05
   12863  I 09222026 0635 01
   10309  I 09222026 0635 06
   10775  I 09222026 0636 06
   12849  I 09222026 0636 05
   12855  I 09222026 0636 01
   03037  I 09222026 0637 06
   10199  I 09222026 0637 05
   01356  I 09222026 0637 01
   12833  I 09222026 0637 06
   12869  I 09222026 0637 05
   10054  I 09222026 0637 02
   12341  I 09222026 0638 06
   11724  I 09222026 0638 01
   10847  I 09222026 0638 05
   03058  I 09222026 0638 06
   11607  I 09222026 0638 01
   12081  I 09222026 0638 05
   10232  I 09222026 0638 02
   12234  I 09222026 0638 01
   12650  I 09222026 0638 05
   12236  I 09222026 0639 06
   10234  I 09222026 0639 02
   12614  I 09222026 0639 01
   10607  I 09222026 0639 01
   11726  I 09222026 0639 01
   01317  I 09222026 0639 02
   12066  I 09222026 0639 06
   12945  I 09222026 0640 06
   10523  I 09222026 0640 01
   12208  I 09222026 0640 05
   01345  I 09222026 0641 06
   12355  I 09222026 0641 02
   12142  I 09222026 0641 05
   03168  I 09222026 0641 06
   11940  I 09222026 0641 06
   01302  I 09222026 0641 06
   12485  I 09222026 0641 05
   10243  I 09222026 0642 02
   10318  I 09222026 0642 01
   10766  I 09222026 0642 05
   12642  I 09222026 0642 05
   10050  I 09222026 0643 02
   01436  I 09222026 0643 05
   12376  I 09222026 0643 02
   12758  I 09222026 0643 01
   10357  I 09222026 0643 06
   10759  I 09222026 0643 06
   12138  I 09222026 0643 01
   10796  I 09222026 0643 02
   03027  I 09222026 0643 05
   11166  I 09222026 0643 01
   10223  I 09222026 0643 05
   12244  I 09222026 0643 02
   10791  I 09222026 0643 01
   12894  I 09222026 0644 06
   12191  I 09222026 0644 01
   12084  I 09222026 0644 02
   11863  I 09222026 0644 06
   11387  I 09222026 0644 05
   12222  I 09222026 0644 05
   12612  I 09222026 0645 02
   12350  I 09222026 0645 02
   12946  I 09222026 0645 06
   01232  I 09222026 0645 01
   10841  I 09222026 0645 05
   12790  I 09222026 0646 02
   12669  I 09222026 0646 05
   12693  I 09222026 0646 02
   10135  I 09222026 0647 06
   12353  I 09222026 0647 05
   12049  I 09222026 0647 05
   12961  I 09222026 0647 02
   11784  I 09222026 0647 06
   10026  I 09222026 0647 05
   12486  I 09222026 0648 06
   12439  I 09222026 0648 02
   12090  I 09222026 0648 06
   11879  I 09222026 0648 06
   10261  I 09222026 0648 05
   12082  I 09222026 0648 06
   12858  I 09222026 0649 05
   12339  I 09222026 0649 06
   10754  I 09222026 0649 06
   01374  I 09222026 0649 02
   03120  I 09222026 0649 06
   10219  I 09222026 0649 05
   12699  O 09222026 0649 03
   12699  I 09222026 0649 02
   12731  I 09222026 0649 05
   10786  I 09222026 0649 06
   11767  I 09222026 0649 05
   12598  I 09222026 0649 06
   10449  I 09222026 0649 05
   12305  I 09222026 0650 06
   12653  I 09222026 0650 05
   11946  I 09222026 0650 05
   10146  I 09222026 0650 02
   03104  I 09222026 0650 02
   12578  I 09222026 0650 02
   12695  I 09222026 0650 01
   10588  I 09222026 0650 06
   12369  I 09222026 0651 06
   01373  I 09222026 0651 05
   12206  I 09222026 0651 01
   10673  I 09222026 0651 06
   12351  I 09222026 0651 02
   12299  I 09222026 0651 05
   12755  I 09222026 0651 02
   12085  I 09222026 0651 06
   12610  I 09222026 0651 06
   12553  I 09222026 0652 05
   12682  I 09222026 0652 06
   12575  I 09222026 0652 06
   12716  I 09222026 0652 06
   12184  I 09222026 0652 06
   12943  I 09222026 0653 01
   10827  I 09222026 0653 01
   10576  I 09222026 0653 02
   12670  I 09222026 0653 01
   12724  I 09222026 0653 05
   12792  I 09222026 0653 01
   03017  I 09222026 0653 05
   12720  I 09222026 0654 05
   12726  I 09222026 0654 06
   12846  I 09222026 0654 05
   12298  I 09222026 0654 02
   11496  I 09222026 0654 05
   11408  I 09222026 0654 02
   12349  I 09222026 0654 01
   12293  I 09222026 0654 05
   12413  I 09222026 0654 06
   11765  I 09222026 0655 01
   12416  I 09222026 0655 05
   10678  I 09222026 0655 02
   12738  I 09222026 0655 01
   12238  I 09222026 0655 02
   12807  I 09222026 0655 06
   12805  I 09222026 0655 05
   10728  I 09222026 0656 06
   12237  I 09222026 0656 05
   12187  I 09222026 0656 06
   10609  I 09222026 0656 05
   01367  I 09222026 0656 05
   12816  I 09222026 0656 01
   12374  I 09222026 0656 02
   01415  I 09222026 0656 05
   03103  I 09222026 0657 02
   11286  I 09222026 0657 01
   12122  I 09222026 0657 06
   10573  I 09222026 0658 02
   10466  I 09222026 0658 01
   12359  I 09222026 0658 01
   10808  I 09222026 0658 06
   10675  I 09222026 0658 01
   12221  I 09222026 0658 06
   10407  I 09222026 0659 06
   10500  I 09222026 0659 02
   10817  I 09222026 0659 01
   10604  I 09222026 0659 01
   12545  I 09222026 0659 01
   01483  I 09222026 0659 02
   10116  O 09222026 0700 12
   10333  O 09222026 0700 07
   12254  O 09222026 0700 11
   11169  O 09222026 0700 08
   12451  I 09222026 0700 02
   12926  I 09222026 0700 01
   10127  O 09222026 0700 12
   12146  O 09222026 0700 03
   12080  O 09222026 0700 07
   10469  O 09222026 0700 04
   12496  O 09222026 0700 14
   12620  O 09222026 0700 11
   10825  O 09222026 0700 07
   11693  O 09222026 0700 08
   12757  O 09222026 0700 12
   03078  I 09222026 0700 01
   12576  O 09222026 0700 04
   11266  O 09222026 0700 11
   12383  O 09222026 0700 03
   11694  O 09222026 0700 08
   03012  O 09222026 0700 07
   12627  O 09222026 0700 12
   11774  O 09222026 0700 04
   12409  O 09222026 0700 11
   12501  O 09222026 0700 08
   12712  O 09222026 0700 07
   10100  O 09222026 0700 08
   12901  O 09222026 0700 12
   12094  O 09222026 0700 11
   11167  O 09222026 0700 03
   12827  I 09222026 0700 01
   12672  O 09222026 0700 04
   10720  O 09222026 0700 07
   01487  O 09222026 0700 03
   01405  O 09222026 0700 04
   12475  O 09222026 0700 07
   12727  O 09222026 0700 11
   12467  O 09222026 0700 12
   12647  O 09222026 0700 03
   10017  O 09222026 0700 08
   12135  O 09222026 0700 04
   11402  I 09222026 0700 05
   10787  O 09222026 0700 07
   12625  O 09222026 0700 08
   10221  O 09222026 0700 04
   12740  O 09222026 0700 03
   11248  O 09222026 0700 11
   12663  I 09222026 0700 06
   12098  O 09222026 0700 07
   12275  O 09222026 0700 08
   12064  O 09222026 0700 04
   12677  O 09222026 0700 07
   11787  I 09222026 0700 06
   01475  O 09222026 0700 03
   01306  O 09222026 0700 12
   12820  O 09222026 0700 14
   10405  I 09222026 0700 02
   10291  O 09222026 0700 08
   12657  I 09222026 0700 06
   12967  O 09222026 0700 11
   01319  O 09222026 0701 04
   12698  O 09222026 0701 03
   10385  O 09222026 0701 07
   12096  I 09222026 0701 01
   01446  I 09222026 0701 06
   10383  I 09222026 0701 02
   12489  O 09222026 0701 14
   03047  O 09222026 0701 07
   01330  O 09222026 0701 04
   12248  O 09222026 0701 03
   12185  O 09222026 0701 11
   10133  O 09222026 0701 12
   12877  I 09222026 0701 01
   01296  O 09222026 0701 14
   12601  O 09222026 0701 04
   10369  O 09222026 0701 12
   03119  O 09222026 0701 11
   12502  O 09222026 0701 03
   03112  O 09222026 0701 07
   12828  I 09222026 0701 02
   12499  O 09222026 0701 04
   10658  O 09222026 0701 14
   11355  I 09222026 0701 01
   10202  O 09222026 0701 07
   10807  O 09222026 0701 03
   10264  O 09222026 0701 12
   10083  O 09222026 0701 08
   12337  I 09222026 0701 01
   10706  O 09222026 0701 14
   01448  O 09222026 0701 04
   12125  I 09222026 0701 02
   10581  O 09222026 0701 07
   12370  O 09222026 0701 11
   12356  O 09222026 0701 03
   01320  O 09222026 0701 12
   12742  I 09222026 0701 01
   12624  O 09222026 0701 04
   11537  O 09222026 0701 08
   10589  O 09222026 0701 07
   12217  I 09222026 0701 02
   12539  O 09222026 0701 12
   10617  O 09222026 0701 08
   10456  O 09222026 0701 07
   12555  O 09222026 0701 11
   12609  O 09222026 0701 08
   10176  O 09222026 0701 04
   12557  O 09222026 0701 07
   10574  I 09222026 0701 05
   12392  O 09222026 0701 03
   12664  O 09222026 0701 08
   03182  O 09222026 0701 07
   12266  O 09222026 0701 03
   01341  O 09222026 0701 04
   12813  O 09222026 0701 08
   12325  O 09222026 0701 11
   12888  O 09222026 0701 07
   12577  I 09222026 0701 01
   10148  O 09222026 0702 08
   11522  I 09222026 0702 02
   10071  O 09222026 0702 11
   10605  O 09222026 0702 07
   11776  I 09222026 0702 01
   11936  O 09222026 0702 08
   12711  O 09222026 0702 07
   11646  O 09222026 0702 12
   03035  O 09222026 0702 11
   10669  O 09222026 0702 03
   12069  O 09222026 0702 08
   12247  O 09222026 0702 11
   03136  O 09222026 0702 03
   11937  I 09222026 0702 01
   12188  O 09222026 0702 12
   10697  O 09222026 0702 11
   10169  I 09222026 0702 02
   01470  I 09222026 0702 05
   10794  O 09222026 0702 08
   10285  O 09222026 0702 07
   10831  O 09222026 0702 12
   01351  I 09222026 0702 06
   12819  I 09222026 0702 01
   10378  O 09222026 0702 04
   10231  O 09222026 0702 03
   12710  O 09222026 0702 07
   12679  O 09222026 0702 12
   12763  O 09222026 0702 04
   12500  O 09222026 0702 03
   10384  O 09222026 0702 08
   12629  I 09222026 0702 01
   11534  I 09222026 0702 02
   12676  O 09222026 0702 11
   10640  O 09222026 0702 03
   03088  O 09222026 0702 03
   12640  I 09222026 0702 05
   11519  I 09222026 0702 06
   12302  I 09222026 0702 01
   03068  O 09222026 0703 04
   12057  O 09222026 0703 03
   10712  I 09222026 0703 06
   11772  I 09222026 0703 02
   12667  I 09222026 0703 01
   03123  O 09222026 0703 11
   11221  I 09222026 0703 02
   10201  O 09222026 0703 04
   11687  O 09222026 0703 03
   12737  I 09222026 0703 01
   12721  O 09222026 0703 08
   12543  O 09222026 0703 04
   03170  O 09222026 0703 03
   12530  I 09222026 0703 01
   12097  I 09222026 0703 02
   11725  O 09222026 0703 03
   10700  I 09222026 0703 01
   12148  O 09222026 0703 04
   10705  I 09222026 0704 02
   12354  O 09222026 0704 07
   10356  O 09222026 0704 08
   12701  O 09222026 0704 03
   10490  O 09222026 0704 12
   12764  I 09222026 0704 06
   12582  O 09222026 0704 07
   12074  O 09222026 0704 04
   12780  O 09222026 0704 11
   12472  O 09222026 0704 11
   03161  O 09222026 0704 03
   10145  I 09222026 0704 01
   12687  O 09222026 0704 07
   12722  I 09222026 0704 02
   12829  O 09222026 0704 03
   12874  O 09222026 0704 04
   12631  O 09222026 0704 12
   01295  O 09222026 0704 07
   12853  O 09222026 0704 12
   10144  O 09222026 0704 07
   11388  O 09222026 0705 08
   12886  O 09222026 0705 04
   12948  O 09222026 0705 03
   10055  I 09222026 0705 01
   12897  O 09222026 0705 03
   10608  I 09222026 0705 01
   12662  O 09222026 0705 04
   12412  O 09222026 0705 07
   12791  O 09222026 0705 03
   12760  O 09222026 0705 04
   11943  I 09222026 0705 05
   12761  O 09222026 0705 04
   12856  O 09222026 0705 03
   12611  O 09222026 0705 04
   11647  O 09222026 0705 07
   12825  O 09222026 0705 03
   11780  I 09222026 0705 01
   12783  O 09222026 0705 12
   12488  O 09222026 0705 11
   12861  O 09222026 0705 12
   12458  O 09222026 0705 03
   10350  I 09222026 0705 01
   12949  O 09222026 0706 04
   12844  O 09222026 0706 03
   12072  O 09222026 0706 04
   12762  O 09222026 0706 03
   11779  O 09222026 0706 04
   03101  I 09222026 0706 02
   12623  I 09222026 0706 01
   12415  O 09222026 0706 12
   12798  I 09222026 0706 02
   10843  O 09222026 0706 08
   12371  O 09222026 0706 08
   12503  I 09222026 0706 06
   11495  O 09222026 0706 04
   03062  I 09222026 0706 05
   01499  O 09222026 0706 08
   03062  O 09222026 0706 07
   12717  I 09222026 0706 06
   03176  O 09222026 0707 03
   12631  I 09222026 0707 05
   12631  O 09222026 0707 07
   12147  I 09222026 0707 02
   12462  O 09222026 0707 08
   12199  I 09222026 0707 01
   12487  O 09222026 0707 07
   11400  O 09222026 0707 12
   12732  O 09222026 0707 12
   12131  O 09222026 0707 04
   01369  I 09222026 0707 01
   12584  O 09222026 0707 12
   01459  O 09222026 0707 12
   12183  O 09222026 0707 14
   10245  O 09222026 0708 03
   12329  O 09222026 0708 04
   03032  I 09222026 0708 02
   03085  O 09222026 0708 08
   12887  O 09222026 0708 03
   12843  O 09222026 0708 04
   12930  O 09222026 0708 04
   12944  O 09222026 0708 03
   12818  I 09222026 0709 01
   12666  O 09222026 0709 04
   12569  O 09222026 0709 12
   12110  O 09222026 0709 12
   01452  O 09222026 0709 04
   12189  O 09222026 0709 12
   12497  O 09222026 0710 04
   01432  O 09222026 0710 08
   12417  O 09222026 0710 03
   11652  O 09222026 0711 04
   12706  O 09222026 0711 11
   12021  O 09222026 0711 14
   11935  O 09222026 0711 14
   12793  O 09222026 0711 07
   10606  O 09222026 0712 04
   01365  O 09222026 0712 08
   03124  O 09222026 0712 08
   12463  O 09222026 0712 12
   01276  O 09222026 0712 03
   12832  O 09222026 0712 04
   12951  O 09222026 0713 03
   12373  O 09222026 0713 04
   10849  O 09222026 0713 03
   12372  O 09222026 0714 03
   10200  O 09222026 0715 11
   01425  O 09222026 0715 11
   12088  O 09222026 0717 12
   01449  O 09222026 0724 08
   12947  O 09222026 0724 03
   01249  O 09222026 0726 12
   12546  O 09222026 0730 12
   01456  O 09222026 0734 04
   12136  O 09222026 0736 03
   01468  O 09222026 0749 12
