12371  O 09092026 0003 08
10201  O 09092026 0300 03
01454  I 09092026 0500 01
09823  I 09092026 0524 06
01468  I 09092026 0532 05
10333  I 09092026 0539 05
12457  I 09092026 0540 05
03182  I 09092026 0540 06
11690  I 09092026 0542 05
10127  I 09092026 0544 06
03179  I 09092026 0551 05
12540  I 09092026 0551 05
12558  I 09092026 0551 06
03007  I 09092026 0553 06
12756  I 09092026 0553 06
12890  I 09092026 0554 05
12725  I 09092026 0555 06
10849  I 09092026 0557 01
01335  I 09092026 0559 05
01402  I 09092026 0559 06
03068  I 09092026 0602 05
03062  I 09092026 0602 05
01339  I 09092026 0602 06
03135  I 09092026 0603 01
01231  I 09092026 0603 05
12844  I 09092026 0604 01
12692  I 09092026 0604 02
01319  I 09092026 0606 02
12822  I 09092026 0606 05
10021  I 09092026 0606 05
03172  I 09092026 0606 05
12854  I 09092026 0606 06
12632  I 09092026 0608 05
12888  I 09092026 0608 06
12922  I 09092026 0609 01
12785  I 09092026 0609 02
01423  I 09092026 0609 05
12080  I 09092026 0609 06
09704  I 09092026 0610 01
10071  I 09092026 0610 06
12967  I 09092026 0610 06
12802  I 09092026 0611 02
11267  I 09092026 0612 01
12897  I 09092026 0612 01
12808  I 09092026 0612 05
12651  I 09092026 0612 06
10843  I 09092026 0612 06
10310  I 09092026 0613 06
12965  I 09092026 0615 02
12847  I 09092026 0615 02
12821  I 09092026 0615 06
10795  I 09092026 0615 06
01295  I 09092026 0616 01
10221  I 09092026 0616 02
03120  I 09092026 0617 05
11933  I 09092026 0618 01
12396  I 09092026 0618 02
12246  I 09092026 0618 02
12792  I 09092026 0619 01
03035  I 09092026 0619 05
12409  I 09092026 0619 06
12812  I 09092026 0620 06
12920  I 09092026 0621 01
10054  I 09092026 0621 02
12927  I 09092026 0621 02
12647  I 09092026 0621 05
12531  I 09092026 0621 06
12814  I 09092026 0622 02
12256  I 09092026 0622 05
03167  I 09092026 0622 05
01417  I 09092026 0622 06
11223  I 09092026 0624 05
12267  I 09092026 0624 05
12674  I 09092026 0624 06
12637  I 09092026 0624 06
03077  I 09092026 0624 06
10736  I 09092026 0625 01
01232  I 09092026 0625 02
01232  O 09092026 0625 03
10736  O 09092026 0625 04
11768  I 09092026 0625 06
12786  I 09092026 0627 01
12390  I 09092026 0627 02
12800  I 09092026 0627 02
12094  I 09092026 0627 05
11498  I 09092026 0628 05
12149  I 09092026 0628 05
03026  I 09092026 0629 01
12185  I 09092026 0629 01
11493  I 09092026 0630 05
03061  I 09092026 0630 06
12594  I 09092026 0630 06
12343  I 09092026 0630 06
11167  I 09092026 0631 01
10576  I 09092026 0631 02
10386  I 09092026 0631 02
03018  I 09092026 0631 05
10788  I 09092026 0631 06
01495  I 09092026 0632 05
10199  I 09092026 0633 05
12833  I 09092026 0633 06
11725  I 09092026 0634 01
12115  I 09092026 0634 01
01345  I 09092026 0634 05
12440  I 09092026 0634 05
10766  I 09092026 0634 06
12350  I 09092026 0635 01
12162  I 09092026 0635 02
12615  I 09092026 0635 05
12754  I 09092026 0635 05
12945  I 09092026 0635 06
12693  I 09092026 0635 06
12813  I 09092026 0635 06
12871  I 09092026 0636 01
12110  I 09092026 0636 01
12116  I 09092026 0636 06
10357  I 09092026 0636 06
10606  I 09092026 0637 01
12701  I 09092026 0637 01
12056  I 09092026 0637 01
11222  I 09092026 0637 02
11400  I 09092026 0637 05
11935  I 09092026 0637 06
10827  I 09092026 0638 01
12058  I 09092026 0638 01
10841  I 09092026 0638 05
12716  I 09092026 0638 06
12791  I 09092026 0639 01
12764  I 09092026 0639 05
10176  I 09092026 0639 05
12763  I 09092026 0639 05
10135  I 09092026 0639 05
10144  I 09092026 0639 05
12066  I 09092026 0639 06
12472  I 09092026 0639 06
12669  I 09092026 0639 06
12234  I 09092026 0639 06
12183  I 09092026 0639 06
10759  I 09092026 0639 06
12084  I 09092026 0640 01
12191  I 09092026 0640 02
01504  I 09092026 0640 02
10094  I 09092026 0640 02
12289  I 09092026 0640 05
12081  I 09092026 0640 05
11863  I 09092026 0640 06
12020  I 09092026 0640 06
10831  I 09092026 0640 06
11166  I 09092026 0641 01
01452  I 09092026 0641 01
12057  I 09092026 0641 02
01511  I 09092026 0641 02
03176  I 09092026 0641 05
12376  I 09092026 0641 06
03108  I 09092026 0641 09
12873  I 09092026 0642 01
12894  I 09092026 0642 05
10609  I 09092026 0642 05
12845  I 09092026 0642 06
12631  I 09092026 0642 06
11248  I 09092026 0642 06
12825  I 09092026 0643 01
10796  I 09092026 0643 01
12383  I 09092026 0643 02
12374  I 09092026 0643 02
12269  I 09092026 0643 05
03059  I 09092026 0643 05
10291  I 09092026 0643 05
12661  I 09092026 0643 05
09833  I 09092026 0643 05
12687  I 09092026 0643 05
12783  I 09092026 0643 06
10811  I 09092026 0643 06
01422  I 09092026 0644 01
12130  I 09092026 0644 02
12473  I 09092026 0644 05
10589  I 09092026 0644 05
11779  I 09092026 0644 06
10222  I 09092026 0644 06
11404  I 09092026 0645 01
03151  I 09092026 0645 01
10169  I 09092026 0645 01
12055  I 09092026 0645 02
01317  I 09092026 0645 02
01479  I 09092026 0645 02
10091  I 09092026 0645 05
11767  I 09092026 0645 05
10786  I 09092026 0645 06
12601  I 09092026 0646 02
12439  I 09092026 0646 02
11688  I 09092026 0646 05
10522  I 09092026 0646 05
12688  I 09092026 0646 05
01357  I 09092026 0646 06
12368  I 09092026 0646 06
12064  I 09092026 0647 01
10231  I 09092026 0647 01
12456  I 09092026 0647 01
12622  I 09092026 0647 01
12372  I 09092026 0647 02
10588  I 09092026 0647 05
03058  I 09092026 0647 06
12221  I 09092026 0647 09
12578  I 09092026 0648 01
12826  I 09092026 0648 01
12878  I 09092026 0648 02
01374  I 09092026 0648 02
12339  I 09092026 0648 05
10245  I 09092026 0649 01
10234  I 09092026 0649 01
12652  I 09092026 0649 02
12943  I 09092026 0649 02
12904  I 09092026 0649 02
12584  I 09092026 0649 05
12689  I 09092026 0649 06
01433  I 09092026 0649 06
12275  I 09092026 0649 06
12568  I 09092026 0649 06
12451  I 09092026 0650 02
12538  I 09092026 0650 02
01471  I 09092026 0650 05
12710  I 09092026 0650 05
10449  I 09092026 0650 05
11946  I 09092026 0650 06
11398  I 09092026 0650 06
03126  I 09092026 0650 06
12074  I 09092026 0651 02
10086  I 09092026 0651 05
12259  I 09092026 0651 06
12357  I 09092026 0652 01
11692  I 09092026 0652 01
12846  I 09092026 0652 02
10830  I 09092026 0652 02
12815  I 09092026 0652 05
01415  I 09092026 0652 05
12730  I 09092026 0652 05
01477  I 09092026 0652 06
11519  I 09092026 0652 06
10334  I 09092026 0653 01
12737  I 09092026 0653 01
12156  I 09092026 0653 01
11726  I 09092026 0653 01
01379  I 09092026 0653 02
12805  I 09092026 0653 05
12293  I 09092026 0653 05
12222  I 09092026 0653 05
12946  I 09092026 0653 06
10785  I 09092026 0653 06
12852  I 09092026 0653 06
09676  I 09092026 0654 02
10678  I 09092026 0654 02
11408  I 09092026 0654 02
12305  I 09092026 0654 06
10611  I 09092026 0654 06
12373  I 09092026 0655 01
12638  I 09092026 0655 02
12164  I 09092026 0655 02
11774  I 09092026 0655 02
12620  I 09092026 0655 05
12819  I 09092026 0655 06
10383  I 09092026 0655 06
10425  I 09092026 0655 06
12189  I 09092026 0656 02
03105  I 09092026 0656 02
12187  I 09092026 0656 05
01396  I 09092026 0656 05
12732  I 09092026 0656 06
12828  I 09092026 0657 01
12740  I 09092026 0657 02
11777  I 09092026 0657 05
10505  I 09092026 0657 06
12672  I 09092026 0658 01
12088  I 09092026 0658 01
12799  I 09092026 0658 01
03101  I 09092026 0658 02
12699  I 09092026 0658 02
12699  O 09092026 0658 03
11496  I 09092026 0658 05
10407  I 09092026 0658 09
10055  I 09092026 0659 01
12500  I 09092026 0659 01
11355  I 09092026 0659 01
12862  I 09092026 0659 01
12630  I 09092026 0659 02
03088  I 09092026 0659 02
10350  I 09092026 0659 02
12325  I 09092026 0659 02
01369  I 09092026 0659 06
12133  I 09092026 0700 01
01276  I 09092026 0700 01
12735  I 09092026 0700 06
11388  I 09092026 0700 06
11719  I 09092026 0701 01
03010  I 09092026 0701 01
12694  I 09092026 0701 02
11784  I 09092026 0701 02
11522  I 09092026 0701 02
11522  O 09092026 0701 04
11392  I 09092026 0701 06
10712  I 09092026 0701 06
10466  I 09092026 0702 01
10724  I 09092026 0702 01
12877  I 09092026 0702 02
12804  I 09092026 0702 02
12804  O 09092026 0702 04
11943  I 09092026 0702 05
12657  I 09092026 0702 06
12886  I 09092026 0703 01
10046  I 09092026 0703 01
12141  I 09092026 0703 02
12093  I 09092026 0703 06
11789  I 09092026 0704 01
12329  I 09092026 0705 02
03098  I 09092026 0706 01
12640  I 09092026 0706 02
12717  I 09092026 0706 05
12489  I 09092026 0709 02
10612  I 09092026 0712 06
10765  I 09092026 0740 06
12624  I 09092026 0856 01
12700  I 09092026 1043 05
11926  I 09092026 1049 05
03098  O 09092026 1127 07
12924  I 09092026 1238 06
10047  I 09092026 1255 06
12497  I 09092026 1324 01
11646  I 09092026 1325 06
12089  I 09092026 1328 05
01249  I 09092026 1332 05
03029  I 09092026 1332 06
12645  I 09092026 1333 05
01234  I 09092026 1337 05
03177  I 09092026 1337 06
01459  I 09092026 1344 05
12392  I 09092026 1350 05
11605  I 09092026 1351 05
10706  I 09092026 1351 05
03119  I 09092026 1351 06
12832  I 09092026 1352 05
12947  I 09092026 1353 02
12679  I 09092026 1354 05
11169  I 09092026 1355 05
03123  I 09092026 1355 06
03047  I 09092026 1358 05
01306  I 09092026 1359 02
10720  I 09092026 1359 06
10177  I 09092026 1400 05
12458  I 09092026 1401 02
11266  I 09092026 1402 05
12903  I 09092026 1405 01
10117  I 09092026 1407 05
12496  I 09092026 1407 06
10807  I 09092026 1408 01
12856  I 09092026 1409 01
10287  I 09092026 1409 06
11945  I 09092026 1409 06
12254  I 09092026 1409 06
12072  I 09092026 1410 02
03170  I 09092026 1410 05
12928  I 09092026 1411 01
12831  I 09092026 1411 01
10605  I 09092026 1411 05
12962  I 09092026 1412 02
12887  I 09092026 1412 05
03173  I 09092026 1412 06
12467  I 09092026 1413 02
11647  I 09092026 1413 05
12238  I 09092026 1413 06
12247  I 09092026 1413 06
10201  I 09092026 1414 01
12135  I 09092026 1414 01
12760  I 09092026 1415 01
12712  I 09092026 1415 05
10456  I 09092026 1415 05
10369  I 09092026 1415 06
12824  I 09092026 1416 02
12723  I 09092026 1416 06
12140  I 09092026 1416 06
12948  I 09092026 1417 01
10083  I 09092026 1417 06
12664  I 09092026 1418 06
01449  I 09092026 1419 02
12488  I 09092026 1419 05
12711  I 09092026 1419 06
12644  I 09092026 1419 06
10100  I 09092026 1420 06
10285  I 09092026 1420 06
10306  I 09092026 1422 02
01330  I 09092026 1422 06
12502  I 09092026 1423 06
12780  I 09092026 1423 06
10184  I 09092026 1424 06
12762  I 09092026 1425 01
12761  I 09092026 1425 02
12690  I 09092026 1425 05
12949  I 09092026 1426 01
12793  I 09092026 1426 02
10116  I 09092026 1426 05
01432  I 09092026 1426 05
12576  I 09092026 1426 06
10384  I 09092026 1427 05
01320  I 09092026 1427 06
01333  I 09092026 1427 06
12668  I 09092026 1429 01
12682  I 09092026 1429 05
12561  I 09092026 1429 05
01475  I 09092026 1430 01
12809  I 09092026 1430 05
10356  I 09092026 1430 05
01365  I 09092026 1433 05
12662  I 09092026 1434 02
12146  I 09092026 1434 05
01492  I 09092026 1434 06
11724  I 09092026 1435 01
12926  I 09092026 1435 01
12557  I 09092026 1435 02
12665  I 09092026 1436 01
12354  I 09092026 1436 05
12729  I 09092026 1436 05
01499  I 09092026 1436 06
11694  I 09092026 1437 05
10754  I 09092026 1437 06
12930  I 09092026 1438 01
10669  I 09092026 1438 02
10617  I 09092026 1438 05
10581  I 09092026 1438 05
03012  I 09092026 1438 05
10598  I 09092026 1438 06
10017  I 09092026 1438 06
12757  I 09092026 1438 06
12069  I 09092026 1438 06
12577  I 09092026 1438 09
12487  I 09092026 1439 05
10698  I 09092026 1439 06
03159  I 09092026 1439 09
12843  I 09092026 1440 02
10697  I 09092026 1440 05
12412  I 09092026 1440 05
12944  I 09092026 1441 01
12123  I 09092026 1441 10
12499  I 09092026 1442 01
10794  I 09092026 1442 06
10490  I 09092026 1442 06
10700  I 09092026 1442 06
12951  I 09092026 1443 01
11687  I 09092026 1443 01
03124  I 09092026 1443 02
12356  I 09092026 1443 02
12753  I 09092026 1443 05
12727  I 09092026 1443 06
12698  I 09092026 1444 02
11495  I 09092026 1444 02
12555  I 09092026 1444 05
12569  I 09092026 1444 05
12539  I 09092026 1444 06
03030  I 09092026 1445 02
12067  I 09092026 1445 05
12556  I 09092026 1446 01
12609  I 09092026 1446 06
01456  I 09092026 1446 06
12224  I 09092026 1447 01
12721  I 09092026 1447 02
03001  I 09092026 1447 05
11411  I 09092026 1448 02
12371  I 09092026 1448 05
12853  I 09092026 1448 06
12901  I 09092026 1449 06
12543  I 09092026 1450 01
01327  I 09092026 1450 02
01382  I 09092026 1450 06
11494  I 09092026 1450 06
12475  I 09092026 1450 06
12188  I 09092026 1451 01
01510  I 09092026 1451 02
12098  I 09092026 1452 01
10469  I 09092026 1452 02
12125  I 09092026 1452 02
12415  I 09092026 1452 06
03102  I 09092026 1453 02
12462  I 09092026 1453 05
12298  I 09092026 1453 06
12841  I 09092026 1454 01
12076  I 09092026 1454 01
03085  I 09092026 1454 06
11537  I 09092026 1454 06
10378  I 09092026 1455 01
10148  I 09092026 1455 05
03080  I 09092026 1455 06
03136  I 09092026 1456 01
11652  I 09092026 1456 01
12820  I 09092026 1456 06
10500  I 09092026 1457 02
12059  I 09092026 1457 02
12582  I 09092026 1457 06
12417  I 09092026 1457 06
12611  I 09092026 1458 01
12204  I 09092026 1458 01
01405  I 09092026 1458 06
12614  I 09092026 1500 01
10386  O 09092026 1500 03
12130  O 09092026 1500 03
12531  O 09092026 1500 03
12456  O 09092026 1500 03
01319  O 09092026 1500 03
12055  O 09092026 1500 03
11167  O 09092026 1500 03
12058  O 09092026 1500 03
10221  O 09092026 1500 03
12844  O 09092026 1500 03
12149  O 09092026 1500 04
10678  O 09092026 1500 04
12558  O 09092026 1500 04
12540  O 09092026 1500 04
12357  O 09092026 1500 04
12622  O 09092026 1500 04
12064  O 09092026 1500 04
12259  O 09092026 1500 04
12692  O 09092026 1500 04
10333  O 09092026 1500 07
03059  O 09092026 1500 07
12808  O 09092026 1500 07
10291  O 09092026 1500 07
03018  O 09092026 1500 07
12275  O 09092026 1500 07
12080  O 09092026 1500 07
12894  O 09092026 1500 07
11777  O 09092026 1500 07
12669  O 09092026 1500 08
01357  O 09092026 1500 08
11388  O 09092026 1500 08
10222  O 09092026 1500 08
12020  O 09092026 1500 08
12821  O 09092026 1500 08
12815  O 09092026 1500 08
12890  O 09092026 1500 11
12409  O 09092026 1500 11
12368  O 09092026 1500 11
11498  O 09092026 1500 12
10831  O 09092026 1500 12
12578  O 09092026 1500 12
10609  O 09092026 1500 12
12473  O 09092026 1500 14
10612  O 09092026 1500 14
03161  I 09092026 1501 01
10696  I 09092026 1501 01
12538  O 09092026 1501 03
12847  O 09092026 1501 03
12897  O 09092026 1501 03
12904  O 09092026 1501 03
12852  O 09092026 1501 03
12057  O 09092026 1501 03
12133  O 09092026 1501 03
12657  O 09092026 1501 03
12396  O 09092026 1501 04
12786  O 09092026 1501 04
10231  O 09092026 1501 04
12812  O 09092026 1501 04
12967  O 09092026 1501 04
12965  O 09092026 1501 04
12162  O 09092026 1501 04
12615  O 09092026 1501 07
01402  O 09092026 1501 07
11392  O 09092026 1501 07
10522  O 09092026 1501 07
10795  O 09092026 1501 07
12888  O 09092026 1501 08
12081  O 09092026 1501 08
12056  O 09092026 1501 08
01433  O 09092026 1501 08
12189  O 09092026 1501 11
12651  O 09092026 1501 11
12094  O 09092026 1501 11
12185  O 09092026 1501 11
12730  O 09092026 1501 12
12568  O 09092026 1501 12
12652  O 09092026 1501 12
10640  I 09092026 1502 01
01341  I 09092026 1502 01
01335  O 09092026 1502 03
10576  O 09092026 1502 03
12350  O 09092026 1502 03
10046  O 09092026 1502 03
12826  O 09092026 1502 04
10724  O 09092026 1502 04
12376  O 09092026 1502 04
12862  O 09092026 1502 04
03182  O 09092026 1502 07
01345  O 09092026 1502 07
10505  O 09092026 1502 07
12661  O 09092026 1502 07
12440  O 09092026 1502 08
11692  O 09092026 1502 08
12093  O 09092026 1502 11
12845  O 09092026 1502 12
12846  O 09092026 1502 12
12666  I 09092026 1503 01
12153  I 09092026 1503 02
03126  O 09092026 1503 03
12372  O 09092026 1503 03
12234  O 09092026 1503 03
12814  O 09092026 1503 04
01479  O 09092026 1503 04
09676  O 09092026 1503 04
12289  O 09092026 1503 07
12689  O 09092026 1503 07
01231  O 09092026 1503 07
10086  O 09092026 1503 07
12688  O 09092026 1503 08
10245  O 09092026 1503 08
10091  O 09092026 1503 08
12764  O 09092026 1503 08
10176  O 09092026 1503 11
03179  O 09092026 1503 11
01477  O 09092026 1503 11
12269  O 09092026 1503 11
01339  O 09092026 1503 12
12638  O 09092026 1503 12
12594  O 09092026 1503 12
12472  O 09092026 1503 14
11928  I 09092026 1504 02
01452  O 09092026 1504 03
12802  O 09092026 1504 03
12792  O 09092026 1504 03
12920  O 09092026 1504 03
12822  O 09092026 1504 03
12800  O 09092026 1504 04
12927  O 09092026 1504 04
12922  O 09092026 1504 04
12873  O 09092026 1504 04
12785  O 09092026 1504 04
11928  O 09092026 1504 04
01396  O 09092026 1504 07
12854  O 09092026 1504 07
10843  O 09092026 1504 07
10788  O 09092026 1504 08
12754  O 09092026 1504 08
12716  O 09092026 1504 08
10766  O 09092026 1504 08
03007  O 09092026 1504 11
01471  O 09092026 1504 11
11863  O 09092026 1504 12
12946  O 09092026 1504 12
12151  I 09092026 1505 01
11933  O 09092026 1505 03
12886  O 09092026 1505 03
12329  O 09092026 1505 04
12763  O 09092026 1505 04
12343  O 09092026 1505 07
12630  O 09092026 1505 08
01379  O 09092026 1505 08
01232  O 09092026 1505 11
09833  O 09092026 1505 11
11946  O 09092026 1505 12
12943  O 09092026 1506 03
11355  O 09092026 1506 07
11779  O 09092026 1506 07
10841  O 09092026 1506 07
11688  O 09092026 1506 08
12457  O 09092026 1506 08
03172  O 09092026 1506 08
03120  O 09092026 1506 11
12674  O 09092026 1506 12
12471  I 09092026 1507 02
12164  O 09092026 1507 03
12791  O 09092026 1507 04
12066  O 09092026 1507 07
11943  O 09092026 1507 07
10765  O 09092026 1507 07
10144  O 09092026 1507 07
11398  O 09092026 1507 08
10169  O 09092026 1507 11
12489  O 09092026 1507 12
12110  O 09092026 1508 03
11726  O 09092026 1508 03
10811  O 09092026 1508 07
03058  O 09092026 1508 08
03077  O 09092026 1509 08
10785  O 09092026 1509 12
10425  O 09092026 1510 03
10054  O 09092026 1510 04
03105  O 09092026 1511 03
09823  O 09092026 1511 12
12246  O 09092026 1513 08
12115  O 09092026 1513 12
01454  O 09092026 1514 04
11223  O 09092026 1515 08
01276  O 09092026 1516 03
12325  O 09092026 1516 11
10127  O 09092026 1516 12
03010  O 09092026 1517 08
01422  O 09092026 1520 07
12647  O 09092026 1520 07
09704  O 09092026 1521 08
01504  O 09092026 1522 04
01417  O 09092026 1523 08
03026  O 09092026 1523 11
01511  O 09092026 1525 03
12183  O 09092026 1527 14
01423  O 09092026 1528 11
11400  O 09092026 1528 12
10334  O 09092026 1529 08
03176  O 09092026 1529 08
01468  O 09092026 1529 12
03035  O 09092026 1530 12
10071  O 09092026 1531 11
10021  O 09092026 1531 12
01374  O 09092026 1534 04
10135  O 09092026 1534 12
12687  O 09092026 1538 07
12184  I 09092026 1557 06
03061  O 09092026 1600 07
12799  O 09092026 1601 07
12374  O 09092026 1604 04
12640  O 09092026 1604 08
10407  O 09092026 1605 11
11166  O 09092026 1608 04
10350  O 09092026 1627 11
10786  O 09092026 1628 11
12221  O 09092026 1628 12
10796  O 09092026 1700 03
12451  O 09092026 1700 03
03068  O 09092026 1700 04
12439  O 09092026 1700 04
12293  O 09092026 1700 07
12222  O 09092026 1700 08
10611  O 09092026 1702 07
10449  O 09092026 1702 14
12805  O 09092026 1704 07
01415  O 09092026 1706 14
01495  O 09092026 1708 14
11493  O 09092026 1715 14
01413  I 09092026 1737 06
11267  O 09092026 1800 03
12192  I 09092026 1800 05
12717  O 09092026 1800 08
12191  O 09092026 1800 08
12833  O 09092026 1800 12
12632  O 09092026 1800 12
03101  O 09092026 1801 03
11693  I 09092026 1801 05
12737  O 09092026 1801 12
10199  O 09092026 1801 12
11607  I 09092026 1804 01
03151  O 09092026 1805 03
12945  O 09092026 1805 12
01487  I 09092026 1807 02
12208  I 09092026 1811 05
12583  I 09092026 1812 06
12187  O 09092026 1815 12
12532  I 09092026 1820 05
10309  I 09092026 1821 06
12141  O 09092026 1821 12
12829  I 09092026 1827 02
10264  I 09092026 1827 06
12433  I 09092026 1829 01
12305  O 09092026 1829 08
03167  O 09092026 1832 11
01356  I 09092026 1835 01
01448  I 09092026 1836 02
12291  I 09092026 1839 01
10232  I 09092026 1840 01
12369  I 09092026 1842 05
10405  I 09092026 1844 05
12486  I 09092026 1845 06
12082  I 09092026 1845 06
12663  I 09092026 1846 06
12670  I 09092026 1851 01
12816  I 09092026 1855 01
12790  I 09092026 1855 02
12742  I 09092026 1856 01
10133  I 09092026 1900 01
12097  I 09092026 1900 01
12383  O 09092026 1900 03
12672  O 09092026 1900 03
12693  O 09092026 1900 03
12825  O 09092026 1900 03
12725  O 09092026 1900 03
12877  O 09092026 1900 03
12828  O 09092026 1900 04
10234  O 09092026 1900 04
10830  O 09092026 1900 07
12871  O 09092026 1900 08
12732  O 09092026 1900 12
11935  O 09092026 1900 14
11784  O 09092026 1900 14
12500  O 09092026 1901 03
12339  O 09092026 1901 07
10588  O 09092026 1901 11
12637  O 09092026 1901 12
12584  O 09092026 1901 12
12735  O 09092026 1901 12
12783  O 09092026 1901 12
10055  O 09092026 1901 14
12701  O 09092026 1902 03
12694  O 09092026 1902 03
11408  O 09092026 1902 03
12074  O 09092026 1902 04
12084  O 09092026 1902 04
03062  O 09092026 1902 07
11690  O 09092026 1902 08
11768  O 09092026 1902 08
12267  O 09092026 1902 12
12230  I 09092026 1903 01
12390  O 09092026 1903 03
01295  O 09092026 1903 04
11519  O 09092026 1903 07
12620  O 09092026 1903 11
10466  O 09092026 1903 11
12756  O 09092026 1903 12
03088  O 09092026 1904 03
12373  O 09092026 1905 03
12334  I 09092026 1906 01
12623  I 09092026 1906 02
10827  O 09092026 1907 03
01369  O 09092026 1907 03
12021  I 09092026 1922 02
11522  O 09092026 1924 04
10094  O 09092026 2002 03
11789  O 09092026 2004 07
10759  O 09092026 2004 08
11719  O 09092026 2012 04
10357  O 09092026 2101 07
10642  I 09092026 2104 05
12759  I 09092026 2122 06
12950  I 09092026 2122 06
12678  I 09092026 2125 06
01428  I 09092026 2131 05
01425  I 09092026 2138 06
10224  I 09092026 2143 05
12673  I 09092026 2146 05
01355  I 09092026 2148 05
03148  I 09092026 2150 02
12807  I 09092026 2151 06
12530  I 09092026 2157 01
12148  I 09092026 2159 01
12963  I 09092026 2200 01
12898  I 09092026 2200 02
12147  I 09092026 2201 02
12724  I 09092026 2202 05
12612  I 09092026 2203 02
12929  I 09092026 2204 01
11250  I 09092026 2205 06
12128  I 09092026 2206 06
03053  I 09092026 2208 05
12938  I 09092026 2210 06
12266  I 09092026 2211 02
11538  I 09092026 2211 05
12718  I 09092026 2212 01
12610  I 09092026 2213 06
01344  I 09092026 2214 05
12810  I 09092026 2214 06
12413  I 09092026 2215 05
12461  I 09092026 2216 05
12595  I 09092026 2216 06
12869  I 09092026 2220 05
12840  I 09092026 2220 06
12872  I 09092026 2222 01
12205  I 09092026 2222 02
03153  I 09092026 2222 06
10604  I 09092026 2223 01
03152  I 09092026 2223 02
12241  I 09092026 2223 02
10140  I 09092026 2223 05
12823  I 09092026 2224 05
11936  I 09092026 2224 06
10146  I 09092026 2225 05
12397  I 09092026 2226 02
12889  I 09092026 2226 05
12359  I 09092026 2226 06
12355  I 09092026 2227 02
03027  I 09092026 2227 05
12676  I 09092026 2228 05
12863  I 09092026 2229 01
01302  I 09092026 2229 06
10240  I 09092026 2229 06
11940  I 09092026 2229 06
12255  I 09092026 2230 05
12849  I 09092026 2231 05
10641  I 09092026 2231 05
10726  I 09092026 2232 02
12353  I 09092026 2232 05
12485  I 09092026 2232 05
11879  I 09092026 2232 06
12957  I 09092026 2233 01
11286  I 09092026 2233 01
12758  I 09092026 2233 05
12142  I 09092026 2234 06
10607  I 09092026 2235 01
12726  I 09092026 2235 05
11390  I 09092026 2235 06
10775  I 09092026 2235 06
12803  I 09092026 2236 05
03017  I 09092026 2236 05
03037  I 09092026 2236 05
12575  I 09092026 2236 05
10847  I 09092026 2236 06
10523  I 09092026 2236 06
10825  I 09092026 2236 06
12755  I 09092026 2237 01
10219  I 09092026 2237 05
12351  I 09092026 2239 02
12731  I 09092026 2239 05
12639  I 09092026 2239 05
03168  I 09092026 2239 06
12501  I 09092026 2239 06
12818  I 09092026 2240 01
10791  I 09092026 2240 02
10243  I 09092026 2240 02
03112  I 09092026 2240 06
12236  I 09092026 2240 06
12961  I 09092026 2241 06
12653  I 09092026 2242 05
12804  I 09092026 2243 01
11221  I 09092026 2243 01
12476  I 09092026 2243 02
10318  I 09092026 2243 02
12206  I 09092026 2243 02
10223  I 09092026 2243 05
11942  I 09092026 2243 05
12855  I 09092026 2244 02
01373  I 09092026 2244 05
10673  I 09092026 2244 05
11387  I 09092026 2244 06
12546  I 09092026 2244 06
12858  I 09092026 2245 05
12090  I 09092026 2245 06
12122  I 09092026 2245 06
12650  I 09092026 2246 05
12598  I 09092026 2246 05
12642  I 09092026 2246 06
12919  I 09092026 2247 01
12629  I 09092026 2247 05
01436  I 09092026 2247 05
01351  I 09092026 2247 06
12720  I 09092026 2248 05
10026  I 09092026 2248 06
12798  I 09092026 2249 02
03104  I 09092026 2249 05
12049  I 09092026 2249 06
10675  I 09092026 2250 01
03103  I 09092026 2250 02
12138  I 09092026 2250 02
12085  I 09092026 2251 01
01483  I 09092026 2251 02
12553  I 09092026 2251 05
11402  I 09092026 2251 05
01446  I 09092026 2251 06
12370  I 09092026 2251 06
01296  I 09092026 2252 05
12349  I 09092026 2253 01
12217  I 09092026 2253 02
01470  I 09092026 2253 05
10658  I 09092026 2253 05
11776  I 09092026 2253 06
03078  I 09092026 2253 06
10728  I 09092026 2253 06
12244  I 09092026 2254 01
12474  I 09092026 2254 05
12743  I 09092026 2254 05
10705  I 09092026 2254 05
11937  I 09092026 2254 06
10705  O 09092026 2254 07
12738  I 09092026 2255 01
12545  I 09092026 2256 01
10574  I 09092026 2256 05
12237  I 09092026 2256 05
11534  I 09092026 2256 06
11772  I 09092026 2257 05
11780  I 09092026 2257 06
01512  I 09092026 2258 01
10808  I 09092026 2258 06
11650  I 09092026 2259 01
01367  I 09092026 2259 01
10817  I 09092026 2259 02
12736  I 09092026 2259 06
12337  I 09092026 2300 01
12667  I 09092026 2300 01
12700  O 09092026 2300 03
12576  O 09092026 2300 03
12146  O 09092026 2300 03
10807  O 09092026 2300 03
12903  O 09092026 2300 03
12614  O 09092026 2300 03
12723  O 09092026 2300 03
10469  O 09092026 2300 04
12556  O 09092026 2300 04
11774  O 09092026 2300 04
03177  O 09092026 2300 04
12853  O 09092026 2300 04
01306  O 09092026 2300 04
12497  O 09092026 2300 04
03080  O 09092026 2300 04
11694  O 09092026 2300 07
12609  O 09092026 2300 07
12557  O 09092026 2300 07
12539  O 09092026 2300 07
10285  O 09092026 2300 07
10490  O 09092026 2300 07
10700  O 09092026 2300 07
10794  O 09092026 2300 07
01405  O 09092026 2300 08
12813  O 09092026 2300 08
11169  O 09092026 2300 08
12067  O 09092026 2300 08
12256  O 09092026 2300 08
01492  O 09092026 2300 08
11537  O 09092026 2300 08
12098  O 09092026 2300 08
12631  O 09092026 2300 11
11496  O 09092026 2300 11
12555  O 09092026 2300 11
12729  O 09092026 2300 11
12645  O 09092026 2300 11
12089  O 09092026 2300 11
12710  O 09092026 2300 11
12412  O 09092026 2300 12
12254  O 09092026 2300 12
10310  O 09092026 2300 12
03029  O 09092026 2300 12
12140  O 09092026 2300 12
03123  O 09092026 2300 12
12753  O 09092026 2300 12
12644  O 09092026 2300 12
12727  O 09092026 2300 12
12496  O 09092026 2300 14
10706  O 09092026 2300 14
03030  O 09092026 2300 14
01475  O 09092026 2301 03
12601  O 09092026 2301 03
10047  O 09092026 2301 03
10177  O 09092026 2301 03
12793  O 09092026 2301 03
12824  O 09092026 2301 03
12392  O 09092026 2301 03
12841  O 09092026 2301 04
01330  O 09092026 2301 04
12059  O 09092026 2301 04
10598  O 09092026 2301 04
10617  O 09092026 2301 04
10589  O 09092026 2301 04
10581  O 09092026 2301 04
10083  O 09092026 2301 07
12502  O 09092026 2301 07
10698  O 09092026 2301 07
12712  O 09092026 2301 07
03102  O 09092026 2301 08
12664  O 09092026 2301 08
12780  O 09092026 2301 11
11404  O 09092026 2301 11
03119  O 09092026 2301 11
12247  O 09092026 2301 11
10697  O 09092026 2301 11
10720  O 09092026 2301 11
11248  O 09092026 2301 12
01333  O 09092026 2301 12
01327  O 09092026 2301 12
11646  O 09092026 2301 12
01510  O 09092026 2301 12
12820  O 09092026 2301 14
10573  I 09092026 2302 01
10608  I 09092026 2302 01
10145  I 09092026 2302 02
11266  O 09092026 2302 03
12740  O 09092026 2302 03
12698  O 09092026 2302 03
10669  O 09092026 2302 03
03136  O 09092026 2302 03
12153  O 09092026 2302 03
11687  O 09092026 2302 03
10640  O 09092026 2302 03
12624  O 09092026 2302 03
12962  O 09092026 2302 04
12499  O 09092026 2302 04
12878  O 09092026 2302 04
01341  O 09092026 2302 04
10378  O 09092026 2302 04
11652  O 09092026 2302 04
12543  O 09092026 2302 04
03135  O 09092026 2302 04
12151  O 09092026 2302 04
12116  O 09092026 2302 07
12721  O 09092026 2302 08
12690  O 09092026 2302 08
10100  O 09092026 2302 08
11945  O 09092026 2302 11
12415  O 09092026 2302 12
01317  O 09092026 2302 12
12722  I 09092026 2303 01
12302  I 09092026 2303 01
12706  I 09092026 2303 02
03173  O 09092026 2303 03
11495  O 09092026 2303 03
12831  O 09092026 2303 03
12856  O 09092026 2303 03
12458  O 09092026 2303 03
12924  O 09092026 2303 03
12135  O 09092026 2303 04
12611  O 09092026 2303 04
12761  O 09092026 2303 04
12662  O 09092026 2303 04
12760  O 09092026 2303 04
12762  O 09092026 2303 04
12819  O 09092026 2303 07
11647  O 09092026 2303 07
12354  O 09092026 2303 07
10356  O 09092026 2303 07
03047  O 09092026 2303 07
12417  O 09092026 2303 08
12582  O 09092026 2303 08
10148  O 09092026 2303 08
03085  O 09092026 2303 08
03012  O 09092026 2303 08
10696  O 09092026 2303 08
10116  O 09092026 2303 11
12123  O 09092026 2303 11
10383  O 09092026 2303 11
12224  O 09092026 2303 12
12088  O 09092026 2303 12
03032  I 09092026 2304 02
03161  O 09092026 2304 03
10456  O 09092026 2304 03
10184  O 09092026 2304 04
10384  O 09092026 2304 04
10606  O 09092026 2304 04
03159  O 09092026 2304 11
12188  O 09092026 2304 12
10369  O 09092026 2304 12
12096  I 09092026 2305 01
12949  O 09092026 2305 03
10306  O 09092026 2305 03
12887  O 09092026 2305 03
12930  O 09092026 2305 03
11411  O 09092026 2305 04
12843  O 09092026 2305 04
12072  O 09092026 2305 07
12569  O 09092026 2305 12
11767  O 09092026 2305 12
12665  O 09092026 2306 03
12666  O 09092026 2306 04
10117  O 09092026 2306 07
10287  O 09092026 2306 11
12577  O 09092026 2306 12
12757  O 09092026 2306 12
12199  I 09092026 2307 02
11725  O 09092026 2307 03
12561  O 09092026 2307 07
11926  O 09092026 2307 11
12467  O 09092026 2307 12
12947  O 09092026 2308 04
12371  O 09092026 2308 08
12928  O 09092026 2309 04
12238  O 09092026 2309 11
01249  O 09092026 2309 12
12948  O 09092026 2310 03
03170  O 09092026 2310 03
12487  O 09092026 2310 12
10849  O 09092026 2311 03
12204  O 09092026 2311 07
12832  O 09092026 2315 03
11222  O 09092026 2315 04
12682  O 09092026 2315 12
01382  O 09092026 2317 08
01432  O 09092026 2319 08
01499  O 09092026 2323 07
01449  O 09092026 2323 08
01234  O 09092026 2328 04
01456  O 09092026 2336 03
10243  O 09102026 0700 03
10675  O 09102026 0700 03
12829  O 09102026 0700 03
12612  O 09102026 0700 03
01487  O 09102026 0700 03
11780  O 09102026 0700 03
12668  O 09102026 0700 03
10318  O 09102026 0700 04
11650  O 09102026 0700 04
10232  O 09102026 0700 04
12266  O 09102026 0700 04
12217  O 09102026 0700 04
10500  O 09102026 0700 04
11693  O 09102026 0700 07
10728  O 09102026 0700 07
03053  O 09102026 0700 07
03037  O 09102026 0700 07
10825  O 09102026 0700 07
12858  O 09102026 0700 07
12720  O 09102026 0700 07
12803  O 09102026 0700 07
11879  O 09102026 0700 08
01470  O 09102026 0700 08
10219  O 09102026 0700 08
12501  O 09102026 0700 08
12471  O 09102026 0700 08
12532  O 09102026 0700 11
12082  O 09102026 0700 11
11937  O 09102026 0700 11
03027  O 09102026 0700 11
12678  O 09102026 0700 11
12125  O 09102026 0700 11
10309  O 09102026 0700 12
12192  O 09102026 0700 12
12807  O 09102026 0700 12
11607  O 09102026 0700 12
12673  O 09102026 0700 12
01320  O 09102026 0700 12
12021  O 09102026 0700 14
10658  O 09102026 0700 14
12184  O 09102026 0700 14
12230  O 09102026 0701 03
12085  O 09102026 0701 03
10523  O 09102026 0701 03
10607  O 09102026 0701 03
11221  O 09102026 0701 03
12758  O 09102026 0701 03
11286  O 09102026 0701 04
12670  O 09102026 0701 04
12122  O 09102026 0701 07
10224  O 09102026 0701 07
12302  O 09102026 0701 07
12244  O 09102026 0701 07
12237  O 09102026 0701 07
11772  O 09102026 0701 07
12722  O 09102026 0701 07
01436  O 09102026 0701 07
10775  O 09102026 0701 07
12090  O 09102026 0701 08
11534  O 09102026 0701 08
10641  O 09102026 0701 08
03112  O 09102026 0701 08
10642  O 09102026 0701 08
12236  O 09102026 0701 08
01302  O 09102026 0701 08
12475  O 09102026 0701 08
12474  O 09102026 0701 11
12598  O 09102026 0701 11
12097  O 09102026 0701 11
12663  O 09102026 0701 11
12485  O 09102026 0701 11
03153  O 09102026 0701 11
12938  O 09102026 0701 11
11494  O 09102026 0701 11
12461  O 09102026 0701 12
12610  O 09102026 0701 12
11250  O 09102026 0701 12
10574  O 09102026 0701 12
12642  O 09102026 0701 12
12553  O 09102026 0701 12
12961  O 09102026 0701 12
12650  O 09102026 0701 12
12809  O 09102026 0701 12
01459  O 09102026 0701 12
03104  O 09102026 0701 14
12049  O 09102026 0701 14
01296  O 09102026 0701 14
12742  O 09102026 0702 03
12337  O 09102026 0702 03
12530  O 09102026 0702 03
12433  O 09102026 0702 03
12818  O 09102026 0702 03
12076  O 09102026 0702 03
12356  O 09102026 0702 03
12816  O 09102026 0702 04
12724  O 09102026 0702 04
12206  O 09102026 0702 04
12798  O 09102026 0702 04
10240  O 09102026 0702 04
03168  O 09102026 0702 07
12743  O 09102026 0702 07
10223  O 09102026 0702 07
12413  O 09102026 0702 07
12255  O 09102026 0702 07
12629  O 09102026 0702 07
10726  O 09102026 0702 08
12849  O 09102026 0702 08
12351  O 09102026 0702 08
11776  O 09102026 0702 08
12142  O 09102026 0702 08
12676  O 09102026 0702 11
12298  O 09102026 0702 11
12731  O 09102026 0702 12
12679  O 09102026 0702 12
11940  O 09102026 0703 03
12755  O 09102026 0703 03
12623  O 09102026 0703 03
12148  O 09102026 0703 03
12138  O 09102026 0703 03
12667  O 09102026 0703 04
10145  O 09102026 0703 04
11724  O 09102026 0703 04
10673  O 09102026 0703 07
12840  O 09102026 0703 07
03078  O 09102026 0703 08
01344  O 09102026 0703 08
11936  O 09102026 0703 08
10605  O 09102026 0703 08
12486  O 09102026 0703 11
12736  O 09102026 0703 12
12359  O 09102026 0703 12
03148  O 09102026 0704 03
12353  O 09102026 0704 07
10808  O 09102026 0704 07
11538  O 09102026 0704 07
01483  O 09102026 0704 08
11390  O 09102026 0704 08
12069  O 09102026 0704 08
12869  O 09102026 0704 12
12545  O 09102026 0705 03
10817  O 09102026 0705 04
11942  O 09102026 0705 07
10791  O 09102026 0705 07
12711  O 09102026 0705 07
10754  O 09102026 0705 07
11605  O 09102026 0705 07
10146  O 09102026 0705 08
01365  O 09102026 0705 08
10017  O 09102026 0705 08
12901  O 09102026 0705 12
01448  O 09102026 0706 03
10604  O 09102026 0706 03
01355  O 09102026 0706 03
12096  O 09102026 0706 04
10573  O 09102026 0706 04
12653  O 09102026 0706 11
10133  O 09102026 0706 12
12370  O 09102026 0706 12
12726  O 09102026 0706 12
12369  O 09102026 0707 08
10405  O 09102026 0707 11
12738  O 09102026 0708 03
12205  O 09102026 0708 03
12957  O 09102026 0708 04
10140  O 09102026 0708 07
03032  O 09102026 0708 07
11387  O 09102026 0708 07
01351  O 09102026 0708 08
12128  O 09102026 0708 11
12810  O 09102026 0708 11
10847  O 09102026 0708 11
01446  O 09102026 0708 12
12872  O 09102026 0709 03
12823  O 09102026 0709 03
12718  O 09102026 0709 03
12898  O 09102026 0709 03
12950  O 09102026 0709 03
12863  O 09102026 0709 04
12397  O 09102026 0709 04
12241  O 09102026 0709 04
12759  O 09102026 0709 04
10026  O 09102026 0709 07
01367  O 09102026 0709 07
01425  O 09102026 0709 12
12583  O 09102026 0709 12
01356  O 09102026 0710 03
12355  O 09102026 0710 03
12944  O 09102026 0710 03
12575  O 09102026 0711 07
12546  O 09102026 0711 12
12595  O 09102026 0711 12
03001  O 09102026 0712 11
12639  O 09102026 0712 12
03124  O 09102026 0713 03
12951  O 09102026 0715 03
12855  O 09102026 0715 04
10264  O 09102026 0715 11
12208  O 09102026 0715 12
12926  O 09102026 0716 03
12462  O 09102026 0716 07
12349  O 09102026 0717 03
01428  O 09102026 0717 07
01373  O 09102026 0717 08
10705  O 09102026 0717 11
11402  O 09102026 0717 12
12147  O 09102026 0718 04
12963  O 09102026 0719 03
12929  O 09102026 0720 03
03152  O 09102026 0721 04
12199  O 09102026 0721 04
12889  O 09102026 0727 03
12476  O 09102026 0727 04
03017  O 09102026 0729 11
12334  O 09102026 0730 07
01413  O 09102026 0738 12
12804  O 09102026 0740 04
12790  O 09102026 0742 03
12291  O 09102026 0745 03
12919  O 09102026 0745 03
12706  O 09102026 0747 11
10608  O 09102026 0750 12
12488  O 09102026 0755 14
01512  O 09102026 0759 12
03103  O 09102026 0800 04