   01319  O 09212026 0000 04
   03098  O 09212026 0002 07
   10663  O 09212026 0010 08
   12375  O 09212026 0100 03
   01454  I 09212026 0455 01
   10642  I 09212026 0510 05
   12089  I 09212026 0525 05
   09823  I 09212026 0525 06
   10809  I 09212026 0532 01
   11690  I 09212026 0537 06
   12678  I 09212026 0542 06
   10841  I 09212026 0542 05
   03007  I 09212026 0553 06
   12644  I 09212026 0556 06
   12929  I 09212026 0558 01
   12725  I 09212026 0558 06
   03148  I 09212026 0559 02
   12799  O 09212026 0600 04
   01231  I 09212026 0601 05
   01339  I 09212026 0601 06
   12205  I 09212026 0602 02
   11267  I 09212026 0602 05
   12249  I 09212026 0603 05
   01413  I 09212026 0605 05
   12823  I 09212026 0606 02
   12824  I 09212026 0606 01
   11848  I 09212026 0607 06
   12632  I 09212026 0608 05
   03029  I 09212026 0608 06
   10310  I 09212026 0608 06
   12759  I 09212026 0608 01
   01355  I 09212026 0609 05
   12903  I 09212026 0609 01
   12583  I 09212026 0609 06
   01423  I 09212026 0610 05
   12645  I 09212026 0610 05
   10224  I 09212026 0614 05
   12957  I 09212026 0615 01
   09704  I 09212026 0615 06
   12595  I 09212026 0615 06
   10140  I 09212026 0615 05
   01428  I 09212026 0616 05
   03173  I 09212026 0617 06
   12692  I 09212026 0617 02
   12668  I 09212026 0617 01
   12192  I 09212026 0617 05
   12898  I 09212026 0618 02
   12963  I 09212026 0618 01
   12334  I 09212026 0618 02
   11767  I 09212026 0618 05
   12919  I 09212026 0619 01
   12950  I 09212026 0619 02
   12637  I 09212026 0619 06
   12924  I 09212026 0620 01
   11250  I 09212026 0620 06
   12889  I 09212026 0620 05
   12872  I 09212026 0621 01
   12700  I 09212026 0621 01
   03053  I 09212026 0622 05
   01344  I 09212026 0622 05
   10736  I 09212026 0622 01
   12461  I 09212026 0623 05
   12156  I 09212026 0623 06
   12397  I 09212026 0623 02
   12140  I 09212026 0623 06
   12532  I 09212026 0624 06
   11928  I 09212026 0624 05
   03122  I 09212026 0624 05
   12938  I 09212026 0624 06
   12863  I 09212026 0624 01
   12758  I 09212026 0624 01
   12809  I 09212026 0625 06
   10117  I 09212026 0625 05
   10309  I 09212026 0625 06
   12962  I 09212026 0625 02
   12291  I 09212026 0625 01
   12928  I 09212026 0625 02
   12821  I 09212026 0625 06
   01495  I 09212026 0626 05
   03152  I 09212026 0626 06
   11605  I 09212026 0626 05
   03153  I 09212026 0627 06
   10766  I 09212026 0627 06
   11940  I 09212026 0627 06
   10240  I 09212026 0628 06
   10726  I 09212026 0628 02
   12267  I 09212026 0628 05
   12810  I 09212026 0628 06
   12812  I 09212026 0628 06
   12756  I 09212026 0629 06
   01266  I 09212026 0630 05
   11390  I 09212026 0630 06
   10199  I 09212026 0631 05
   12485  I 09212026 0631 05
   11498  I 09212026 0631 06
   12699  O 09212026 0631 03
   12699  I 09212026 0631 02
   10607  I 09212026 0631 01
   12081  I 09212026 0631 05
   11538  I 09212026 0632 05
   10425  I 09212026 0632 02
   12673  I 09212026 0632 05
   10786  I 09212026 0632 05
   12128  I 09212026 0632 06
   03061  I 09212026 0633 06
   12153  I 09212026 0633 02
   12840  I 09212026 0634 06
   12236  I 09212026 0634 05
   10839  I 09212026 0635 06
   12945  I 09212026 0635 06
   12718  I 09212026 0636 01
   12639  I 09212026 0636 05
   12355  I 09212026 0636 02
   10177  I 09212026 0637 05
   12116  I 09212026 0637 05
   10775  I 09212026 0637 06
   10791  I 09212026 0637 02
   10641  I 09212026 0637 05
   12056  I 09212026 0637 06
   10287  I 09212026 0637 06
   12653  I 09212026 0637 05
   10169  I 09212026 0637 02
   10047  I 09212026 0638 02
   12833  I 09212026 0638 06
   12222  I 09212026 0638 05
   12894  I 09212026 0638 06
   10054  I 09212026 0638 02
   03037  I 09212026 0638 05
   12690  I 09212026 0639 05
   10357  I 09212026 0639 06
   01356  I 09212026 0639 01
   12476  I 09212026 0639 02
   01345  I 09212026 0639 06
   12351  I 09212026 0639 02
   01302  I 09212026 0639 06
   10026  I 09212026 0640 05
   12669  I 09212026 0640 06
   10383  I 09212026 0640 05
   10219  I 09212026 0640 05
   12804  I 09212026 0640 01
   10847  I 09212026 0640 05
   03027  I 09212026 0640 05
   12058  I 09212026 0641 01
   12142  I 09212026 0641 06
   12869  I 09212026 0641 05
   12855  I 09212026 0641 02
   12642  I 09212026 0641 05
   12731  I 09212026 0641 06
   11724  I 09212026 0641 01
   03168  I 09212026 0641 05
   10523  I 09212026 0641 06
   01317  I 09212026 0641 02
   12208  I 09212026 0642 05
   01232  I 09212026 0642 06
   10223  I 09212026 0642 05
   11607  I 09212026 0642 06
   10243  I 09212026 0642 01
   10318  I 09212026 0642 02
   10232  I 09212026 0642 01
   12138  I 09212026 0643 02
   12084  I 09212026 0643 02
   12191  I 09212026 0643 01
   12682  I 09212026 0643 05
   10576  I 09212026 0643 02
   12184  I 09212026 0643 05
   12049  I 09212026 0643 06
   12598  I 09212026 0643 05
   11863  I 09212026 0644 06
   10449  I 09212026 0644 05
   10754  I 09212026 0644 06
   12090  I 09212026 0644 06
   12693  I 09212026 0644 05
   03058  I 09212026 0644 06
   12066  I 09212026 0644 06
   11387  I 09212026 0644 05
   03120  I 09212026 0645 05
   11726  I 09212026 0645 01
   12341  I 09212026 0645 06
   12807  I 09212026 0645 06
   03104  I 09212026 0645 06
   12610  I 09212026 0646 05
   10050  I 09212026 0646 02
   11166  I 09212026 0646 01
   12961  I 09212026 0646 06
   12376  I 09212026 0646 01
   10830  I 09212026 0646 02
   01433  I 09212026 0646 06
   10135  I 09212026 0646 05
   12350  I 09212026 0646 01
   03077  I 09212026 0646 06
   11879  I 09212026 0646 06
   12629  I 09212026 0646 02
   11168  I 09212026 0646 06
   12724  I 09212026 0646 05
   12612  I 09212026 0646 02
   12575  I 09212026 0647 06
   12753  I 09212026 0647 05
   12433  I 09212026 0647 01
   10759  I 09212026 0647 06
   10673  I 09212026 0648 05
   12670  I 09212026 0648 01
   12221  I 09212026 0648 09
   10598  I 09212026 0648 06
   12650  I 09212026 0648 05
   10588  I 09212026 0649 05
   12439  I 09212026 0650 02
   12085  I 09212026 0650 02
   01373  I 09212026 0650 05
   01374  I 09212026 0650 01
   10261  I 09212026 0650 06
   12716  I 09212026 0650 05
   12359  I 09212026 0650 06
   03001  I 09212026 0650 05
   12349  I 09212026 0650 01
   12638  I 09212026 0651 05
   10609  I 09212026 0651 06
   12353  I 09212026 0651 05
   11784  I 09212026 0651 06
   12374  I 09212026 0651 01
   10611  I 09212026 0651 09
   11411  I 09212026 0652 02
   01436  I 09212026 0651 05
   12755  I 09212026 0652 02
   12413  I 09212026 0652 06
   12858  I 09212026 0652 05
   12862  I 09212026 0652 01
   12305  I 09212026 0652 06
   12237  I 09212026 0652 05
   12082  I 09212026 0652 06
   12790  I 09212026 0652 01
   12474  I 09212026 0653 05
   12339  I 09212026 0653 05
   12587  I 09212026 0653 05
   10796  I 09212026 0653 02
   12726  I 09212026 0653 06
   01415  I 09212026 0653 05
   12878  I 09212026 0653 01
   10827  I 09212026 0653 01
   12204  I 09212026 0654 02
   12299  I 09212026 0654 05
   12317  I 09212026 0654 01
   12742  I 09212026 0654 02
   10728  I 09212026 0654 06
   12076  I 09212026 0654 01
   12293  I 09212026 0654 05
   12187  I 09212026 0655 06
   12451  I 09212026 0655 02
   01492  I 09212026 0655 06
   12798  I 09212026 0655 02
   12729  I 09212026 0655 05
   12369  I 09212026 0655 06
   11402  I 09212026 0655 05
   12298  I 09212026 0655 02
   12206  I 09212026 0655 01
   11408  I 09212026 0655 02
   11787  I 09212026 0655 06
   10500  I 09212026 0655 05
   12663  I 09212026 0655 06
   11496  I 09212026 0656 05
   01446  I 09212026 0656 06
   01483  I 09212026 0656 02
   10405  I 09212026 0656 01
   10146  I 09212026 0656 02
   11286  I 09212026 0656 01
   12743  I 09212026 0656 06
   12926  I 09212026 0656 05
   03080  I 09212026 0656 02
   11765  I 09212026 0656 01
   11519  I 09212026 0656 06
   03103  I 09212026 0656 02
   12764  I 09212026 0656 06
   12819  I 09212026 0657 02
   12841  I 09212026 0657 01
   01470  I 09212026 0657 05
   12125  I 09212026 0657 02
   12846  I 09212026 0657 01
   12805  I 09212026 0657 05
   11943  I 09212026 0657 05
   03078  I 09212026 0657 06
   12827  I 09212026 0657 01
   11776  I 09212026 0658 06
   12657  I 09212026 0658 06
   12530  I 09212026 0658 02
   12816  I 09212026 0658 01
   03159  I 09212026 0658 09
   12577  I 09212026 0658 06
   12694  I 09212026 0658 05
   10407  I 09212026 0658 06
   10574  I 09212026 0659 05
   11534  I 09212026 0659 02
   03105  I 09212026 0659 01
   12720  I 09212026 0659 05
   12164  I 09212026 0659 02
   11650  I 09212026 0659 01
   12828  I 09212026 0659 02
   10817  I 09212026 0659 01
   10712  I 09212026 0700 06
   10116  O 09212026 0700 12
   10333  O 09212026 0700 07
   12672  O 09212026 0700 03
   11693  O 09212026 0700 11
   11355  I 09212026 0700 05
   10127  O 09212026 0700 12
   12357  O 09212026 0700 04
   03167  O 09212026 0700 08
   10720  O 09212026 0700 07
   12260  O 09212026 0700 12
   12130  O 09212026 0700 03
   10201  O 09212026 0700 04
   10369  O 09212026 0700 12
   12845  O 09212026 0700 11
   12055  O 09212026 0700 03
   10780  O 09212026 0700 12
   01367  I 09212026 0700 01
   12254  O 09212026 0700 11
   10221  O 09212026 0700 03
   03012  O 09212026 0700 08
   10385  O 09212026 0700 04
   10808  I 09212026 0700 02
   01487  O 09212026 0700 03
   12967  O 09212026 0700 12
   12409  O 09212026 0700 11
   11780  I 09212026 0700 01
   11266  O 09212026 0700 11
   12467  O 09212026 0700 12
   12622  O 09212026 0700 04
   12665  I 09212026 0700 01
   12057  O 09212026 0700 03
   11772  I 09212026 0700 05
   10658  O 09212026 0700 14
   10700  I 09212026 0700 06
   12074  O 09212026 0700 04
   12337  I 09212026 0700 01
   12627  O 09212026 0700 11
   01475  O 09212026 0700 03
   10176  O 09212026 0700 08
   01351  I 09212026 0700 06
   11935  O 09212026 0700 14
   10617  O 09212026 0700 07
   10640  O 09212026 0700 04
   10669  O 09212026 0700 03
   10581  O 09212026 0700 08
   12370  O 09212026 0700 12
   12224  O 09212026 0700 11
   12064  O 09212026 0700 04
   12545  I 09212026 0700 01
   10698  O 09212026 0700 07
   03030  O 09212026 0700 14
   12487  O 09212026 0701 11
   10589  O 09212026 0701 08
   12783  O 09212026 0701 12
   10017  O 09212026 0701 07
   12094  O 09212026 0701 11
   12475  O 09212026 0701 08
   01369  I 09212026 0701 01
   01330  O 09212026 0701 03
   10466  I 09212026 0701 02
   12677  O 09212026 0701 07
   12372  O 09212026 0701 03
   12135  O 09212026 0701 04
   10604  I 09212026 0701 02
   12096  I 09212026 0701 01
   01306  O 09212026 0701 12
   11522  I 09212026 0701 02
   11248  O 09212026 0701 11
   12698  O 09212026 0701 03
   12325  O 09212026 0701 11
   10350  I 09212026 0701 02
   03176  O 09212026 0701 03
   12371  O 09212026 0701 08
   12701  O 09212026 0701 04
   03047  O 09212026 0701 07
   12496  O 09212026 0701 11
   10231  O 09212026 0701 03
   12133  O 09212026 0702 04
   11167  O 09212026 0702 03
   10849  O 09212026 0702 03
   10245  O 09212026 0702 03
   12131  O 09212026 0702 04
   10202  O 09212026 0702 07
   12740  O 09212026 0702 03
   03101  I 09212026 0702 01
   12093  I 09212026 0702 06
   12189  O 09212026 0702 03
   10705  I 09212026 0702 02
   03068  O 09212026 0702 04
   12503  I 09212026 0702 06
   10573  I 09212026 0702 02
   01459  O 09212026 0702 12
   10608  I 09212026 0703 01
   12877  I 09212026 0703 02
   12667  I 09212026 0703 01
   12666  O 09212026 0703 04
   12723  I 09212026 0703 02
   09676  O 09212026 0703 04
   12851  O 09212026 0703 11
   11646  O 09212026 0703 12
   10133  O 09212026 0703 11
   12679  O 09212026 0703 12
   10070  O 09212026 0703 12
   11221  I 09212026 0703 01
   12727  O 09212026 0703 11
   10145  I 09212026 0703 02
   12416  I 09212026 0703 05
   10148  O 09212026 0704 08
   11926  O 09212026 0704 11
   12302  I 09212026 0704 02
   11652  O 09212026 0704 03
   03182  O 09212026 0704 07
   03032  I 09212026 0704 02
   12737  I 09212026 0704 01
   12122  I 09212026 0704 02
   10612  O 09212026 0704 14
   11725  O 09212026 0704 03
   01425  O 09212026 0704 12
   12722  I 09212026 0704 02
   03062  O 09212026 0704 11
   10356  O 09212026 0704 08
   12354  O 09212026 0704 07
   12886  O 09212026 0704 03
   12582  O 09212026 0704 07
   12818  I 09212026 0704 01
   12097  I 09212026 0705 01
   12738  O 09212026 0705 03
   10144  O 09212026 0705 07
   10334  I 09212026 0705 02
   10055  I 09212026 0705 01
   01448  O 09212026 0705 03
   01320  O 09212026 0705 12
   10071  O 09212026 0705 12
   12147  I 09212026 0706 02
   10606  O 09212026 0706 04
   12248  O 09212026 0706 03
   11647  O 09212026 0706 08
   12687  O 09212026 0706 07
   12640  I 09212026 0706 02
   12584  O 09212026 0706 12
   11779  O 09212026 0706 03
   12623  I 09212026 0706 02
   12620  O 09212026 0706 11
   12151  I 09212026 0706 01
   03035  O 09212026 0706 11
   12721  O 09212026 0706 08
   12199  I 09212026 0706 02
   12717  I 09212026 0707 05
   01295  O 09212026 0708 07
   12458  O 09212026 0709 03
   01512  O 09212026 0709 12
   11388  O 09212026 0712 07
   12230  I 09212026 0712 05
   12021  O 09212026 0713 14
   10306  O 09212026 0713 03
   12463  O 09212026 0715 12
   12539  O 09212026 0717 04
   12638  O 09212026 0717 08
   12546  O 09212026 0720 12
