   10094  O 09282026 0005 03
   01454  I 09282026 0257 05
   03098  I 09282026 0457 05
   09823  I 09282026 0523 05
   10333  I 09282026 0530 05
   11690  I 09282026 0530 05
   10202  I 09282026 0531 06
   12457  I 09282026 0531 05
   10094  I 09282026 0534 05
   12307  I 09282026 0546 06
   03039  I 09282026 0548 05
   12249  I 09282026 0549 05
   03007  I 09282026 0550 06
   12628  I 09282026 0552 05
   11935  I 09282026 0553 06
   12725  I 09282026 0555 01
   03018  I 09282026 0558 05
   12289  I 09282026 0559 05
   01402  I 09282026 0559 06
   01335  I 09282026 0600 05
   12890  I 09282026 0601 05
   10021  I 09282026 0601 05
   12677  I 09282026 0602 05
   12965  I 09282026 0602 02
   12785  I 09282026 0603 01
   03141  I 09282026 0603 05
   03179  I 09282026 0604 05
   11167  I 09282026 0606 01
   03026  I 09282026 0607 01
   10766  I 09282026 0608 06
   01231  I 09282026 0608 05
   12845  I 09282026 0608 06
   01423  I 09282026 0609 05
   10127  I 09282026 0610 06
   12854  I 09282026 0611 06
   12627  I 09282026 0611 05
   12531  I 09282026 0612 06
   11933  I 09282026 0613 01
   12922  I 09282026 0614 01
   12824  I 09282026 0614 02
   12710  I 09282026 0615 05
   11267  I 09282026 0615 01
   01306  I 09282026 0616 02
   12800  I 09282026 0617 02
   12812  I 09282026 0617 06
   11493  I 09282026 0618 05
   11936  I 09282026 0618 06
   12594  I 09282026 0618 06
   12241  I 09282026 0619 02
   10425  I 09282026 0619 02
   10612  I 09282026 0619 13
   10605  I 09282026 0619 05
   11768  I 09282026 0619 06
   12222  I 09282026 0620 05
   01481  I 09282026 0620 05
   12783  I 09282026 0620 05
   12808  I 09282026 0620 05
   10083  I 09282026 0620 06
   12674  I 09282026 0620 06
   03177  I 09282026 0621 02
   12873  I 09282026 0621 01
   10736  I 09282026 0622 01
   12825  I 09282026 0623 02
   12693  I 09282026 0623 06
   10849  I 09282026 0623 02
   12149  I 09282026 0623 05
   11223  I 09282026 0623 05
   01495  I 09282026 0624 06
   03172  I 09282026 0624 05
   01320  I 09282026 0624 06
   03135  I 09282026 0625 01
   10070  I 09282026 0625 05
   10169  I 09282026 0625 02
   12802  I 09282026 0625 01
   01357  I 09282026 0625 05
   12256  I 09282026 0626 05
   12889  I 09282026 0626 01
   12814  I 09282026 0626 02
   12080  I 09282026 0626 06
   10373  I 09282026 0626 01
   12851  I 09282026 0627 05
   12162  I 09282026 0627 02
   12246  I 09282026 0627 02
   12699  O 09282026 0628 03
   12699  I 09282026 0629 02
   12833  I 09282026 0629 06
   12342  I 09282026 0629 06
   03167  I 09282026 0629 05
   09704  I 09282026 0629 06
   12615  I 09282026 0629 06
   12651  I 09282026 0629 06
   10467  I 09282026 0630 01
   03118  I 09282026 0630 05
   12260  I 09282026 0630 05
   03061  I 09282026 0631 06
   11928  I 09282026 0631 05
   12732  I 09282026 0631 06
   12185  I 09282026 0632 05
   10589  I 09282026 0633 05
   10839  I 09282026 0633 06
   10698  I 09282026 0633 05
   12343  I 09282026 0633 06
   12792  I 09282026 0633 01
   12920  I 09282026 0634 01
   11400  I 09282026 0634 05
   12390  I 09282026 0634 02
   12672  I 09282026 0634 06
   10234  I 09282026 0634 02
   10754  I 09282026 0634 06
   12657  I 09282026 0635 06
   12945  I 09282026 0635 06
   11774  I 09282026 0635 02
   12066  I 09282026 0636 06
   10046  I 09282026 0636 01
   10050  I 09282026 0636 02
   01504  I 09282026 0636 02
   12055  I 09282026 0636 01
   12544  I 09282026 0637 05
   10585  I 09282026 0637 02
   12156  O 09282026 0637 03
   11169  I 09282026 0637 05
   12156  I 09282026 0637 02
   12700  I 09282026 0638 05
   12112  I 09282026 0638 02
   12853  I 09282026 0638 06
   12695  I 09282026 0638 01
   01266  I 09282026 0639 05
   12081  I 09282026 0639 05
   12069  I 09282026 0639 06
   01471  I 09282026 0639 05
   12688  I 09282026 0639 06
   10449  I 09282026 0639 05
   10291  I 09282026 0640 05
   10765  I 09282026 0640 01
   11166  I 09282026 0640 02
   03126  I 09282026 0640 01
   12652  I 09282026 0640 05
   01511  I 09282026 0640 02
   12058  I 09282026 0640 01
   12131  I 09282026 0640 02
   12115  I 09282026 0641 01
   03059  I 09282026 0641 05
   12113  I 09282026 0641 06
   03151  I 09282026 0641 01
   12903  I 09282026 0641 02
   12020  I 09282026 0641 06
   12306  I 09282026 0642 05
   10609  I 09282026 0642 06
   12191  I 09282026 0642 02
   10386  I 09282026 0642 01
   12084  I 09282026 0642 02
   12057  I 09282026 0642 01
   11404  I 09282026 0642 06
   12259  I 09282026 0642 05
   12622  I 09282026 0642 01
   12074  I 09282026 0643 02
   12540  I 09282026 0643 06
   01339  I 09282026 0643 05
   12439  I 09282026 0643 01
   12804  I 09282026 0643 01
   12556  I 09282026 0643 01
   10383  I 09282026 0643 05
   01396  I 09282026 0644 06
   10135  I 09282026 0644 06
   03120  I 09282026 0644 05
   11222  I 09282026 0644 02
   12416  I 09282026 0645 05
   10358  I 09282026 0645 05
   12357  I 09282026 0645 01
   10841  I 09282026 0645 05
   12943  I 09282026 0645 01
   12826  I 09282026 0645 02
   12871  I 09282026 0645 01
   10231  I 09282026 0645 02
   12577  I 09282026 0646 09
   12558  I 09282026 0646 06
   12946  I 09282026 0646 06
   12183  I 09282026 0646 06
   12376  I 09282026 0646 01
   12568  I 09282026 0646 06
   12374  I 09282026 0646 01
   12877  I 09282026 0647 01
   12184  I 09282026 0647 06
   12451  I 09282026 0647 02
   10261  I 09282026 0647 05
   03108  I 09282026 0648 09
   12754  I 09282026 0648 05
   10759  I 09282026 0648 06
   12186  I 09282026 0648 06
   12488  I 09282026 0648 05
   11398  I 09282026 0648 06
   09676  I 09282026 0649 02
   12221  I 09282026 0649 09
   12601  I 09282026 0649 02
   01452  I 09282026 0649 01
   10407  I 09282026 0649 10
   12741  I 09282026 0649 01
   12500  I 09282026 0649 06
   12059  I 09282026 0649 02
   12829  I 09282026 0650 01
   10811  I 09282026 0650 05
   01477  I 09282026 0650 06
   12815  I 09282026 0650 05
   10222  I 09282026 0650 05
   10522  I 09282026 0650 06
   11496  I 09282026 0651 05
   12716  I 09282026 0651 06
   11767  I 09282026 0651 05
   12463  I 09282026 0651 05
   01374  I 09282026 0651 02
   10780  I 09282026 0651 05
   12852  I 09282026 0652 06
   12305  I 09282026 0652 06
   12088  I 09282026 0652 06
   11784  I 09282026 0652 06
   10505  I 09282026 0652 02
   10796  I 09282026 0652 01
   12368  I 09282026 0652 06
   09833  I 09282026 0652 05
   12692  I 09282026 0653 01
   12293  I 09282026 0653 05
   11688  I 09282026 0653 06
   11946  I 09282026 0653 02
   12125  I 09282026 0653 01
   12538  I 09282026 0653 02
   01422  I 09282026 0654 05
   03010  I 09282026 0654 05
   10611  I 09282026 0654 09
   12587  I 09282026 0654 05
   10091  I 09282026 0655 05
   12805  I 09282026 0655 05
   03058  I 09282026 0655 06
   12738  I 09282026 0655 01
   01479  I 09282026 0656 06
   12862  I 09282026 0656 02
   12130  I 09282026 0656 02
   03088  I 09282026 0656 01
   12717  I 09282026 0657 05
   12341  I 09282026 0657 01
   12638  I 09282026 0657 02
   12799  I 09282026 0658 02
   12737  I 09282026 0658 01
   10466  I 09282026 0658 01
   12133  I 09282026 0659 01
   10712  I 09282026 0659 06
   10350  I 09282026 0659 01
   10724  I 09282026 0659 02
   01415  I 09282026 0659 05
   10334  I 09282026 0659 01
   03101  I 09282026 0659 02
   12630  I 09282026 0659 01
   03136  O 09282026 0700 03
   12475  O 09282026 0700 11
   10318  O 09282026 0700 04
   12664  O 09282026 0700 08
   10224  O 09282026 0700 07
   10232  O 09282026 0700 03
   10221  O 09282026 0700 04
   12067  O 09282026 0700 08
   12668  O 09282026 0700 03
   10133  O 09282026 0700 12
   12275  O 09282026 0700 07
   12164  O 09282026 0700 03
   12861  I 09282026 0700 06
   11692  I 09282026 0700 02
   12790  I 09282026 0700 01
   12576  O 09282026 0700 04
   12375  O 09282026 0700 12
   12093  I 09282026 0700 10
   12654  I 09282026 0700 05
   12545  O 09282026 0700 03
   12049  O 09282026 0700 14
   03105  I 09282026 0700 01
   10604  O 09282026 0700 03
   12383  O 09282026 0700 04
   12325  I 09282026 0700 02
   11687  O 09282026 0701 03
   11355  I 09282026 0701 02
   12356  O 09282026 0701 03
   12123  O 09282026 0701 11
   11411  O 09282026 0701 04
   12701  O 09282026 0701 03
   11392  I 09282026 0701 06
   12096  O 09282026 0701 04
   11942  O 09282026 0702 07
   12151  I 09282026 0702 01
   12694  I 09282026 0702 02
   12763  O 09282026 0702 03
   12122  O 09282026 0702 08
   12886  O 09282026 0702 03
   12583  O 09282026 0703 12
   12816  O 09282026 0703 03
   12667  O 09282026 0703 04
   12369  I 09282026 0703 05
   03032  O 09282026 0703 07
   11789  O 09282026 0703 08
   12624  O 09282026 0703 04
   12561  O 09282026 0703 03
   12373  I 09282026 0703 01
   11522  I 09282026 0703 02
   12874  I 09282026 0704 02
   12640  I 09282026 0704 05
   11719  I 09282026 0704 02
   12204  O 09282026 0705 03
   12097  I 09282026 0705 01
   12141  I 09282026 0705 02
   12543  O 09282026 0705 04
   01234  O 09282026 0706 04
   11863  I 09282026 0706 01
   12623  O 09282026 0706 03
   12647  O 09282026 0710 03
   12822  O 09282026 0711 11
   12823  O 09282026 0712 12
   01369  I 09282026 0714 01
   12706  I 09282026 0715 05
   01365  O 09282026 0720 08
   10817  O 09282026 0724 03
   10831  I 09282026 0727 05
   10831  O 09282026 0727 07
   10831  I 09282026 0727 05
   01432  O 09282026 0730 04
   01456  O 09282026 0742 08
