10712  O 09042026 0013 07
10642  I 09042026 0514 05
09823  I 09042026 0523 06
11690  I 09042026 0535 05
12628  I 09042026 0546 05
12457  I 09042026 0547 05
03007  I 09042026 0547 06
12249  I 09042026 0549 05
12844  I 09042026 0552 02
10202  I 09042026 0553 06
03062  I 09042026 0555 05
12307  I 09042026 0556 06
12627  I 09042026 0557 05
01312  I 09042026 0559 05
12532  I 09042026 0600 05
12673  I 09042026 0603 05
10809  I 09042026 0604 01
12205  I 09042026 0604 01
12677  I 09042026 0604 05
10021  I 09042026 0604 05
01231  I 09042026 0604 06
11267  I 09042026 0605 01
12903  I 09042026 0606 01
01413  I 09042026 0606 06
12612  I 09042026 0606 06
12897  I 09042026 0608 01
12929  I 09042026 0608 01
01355  I 09042026 0608 05
12888  I 09042026 0608 06
12632  I 09042026 0609 05
12810  I 09042026 0610 06
12759  I 09042026 0611 01
12823  I 09042026 0611 01
12824  I 09042026 0611 02
12967  I 09042026 0612 05
03135  I 09042026 0613 01
12785  I 09042026 0613 02
12924  I 09042026 0613 02
01481  I 09042026 0613 05
10663  I 09042026 0613 06
03120  I 09042026 0614 05
10070  I 09042026 0615 05
11250  I 09042026 0615 06
11935  I 09042026 0616 06
12812  I 09042026 0616 06
12965  I 09042026 0617 02
12950  I 09042026 0617 02
03053  I 09042026 0617 05
01344  I 09042026 0617 05
10224  I 09042026 0617 06
12919  I 09042026 0619 01
10736  I 09042026 0620 02
10736  O 09042026 0620 03
12938  I 09042026 0620 06
03122  I 09042026 0620 06
12334  I 09042026 0621 02
10140  I 09042026 0621 05
11493  I 09042026 0622 05
12963  I 09042026 0623 01
12962  I 09042026 0623 01
12898  I 09042026 0623 02
01495  I 09042026 0624 05
03153  I 09042026 0624 06
12234  I 09042026 0625 01
12692  I 09042026 0625 01
10766  I 09042026 0625 05
12711  I 09042026 0625 06
11936  I 09042026 0625 06
12595  I 09042026 0625 06
12390  I 09042026 0626 02
12306  I 09042026 0626 05
10606  I 09042026 0627 01
10678  I 09042026 0627 02
01428  I 09042026 0627 05
01325  I 09042026 0628 01
10373  I 09042026 0628 02
10576  I 09042026 0628 02
12688  I 09042026 0628 06
12610  I 09042026 0629 06
12872  I 09042026 0630 01
12825  I 09042026 0630 01
10054  I 09042026 0630 02
01345  I 09042026 0630 05
12833  I 09042026 0630 06
10726  I 09042026 0631 02
03061  I 09042026 0631 05
11390  I 09042026 0631 06
12718  I 09042026 0632 01
12809  I 09042026 0632 05
11942  I 09042026 0632 06
11607  I 09042026 0632 06
12317  I 09042026 0633 01
11933  I 09042026 0633 01
10050  I 09042026 0633 02
10291  I 09042026 0633 05
12069  I 09042026 0633 06
03037  I 09042026 0633 06
12341  I 09042026 0634 05
12653  I 09042026 0634 05
10641  I 09042026 0634 05
12342  I 09042026 0634 06
10467  I 09042026 0635 01
11784  I 09042026 0635 02
12236  I 09042026 0635 05
12669  I 09042026 0635 05
12056  I 09042026 0636 01
12374  I 09042026 0636 01
12376  I 09042026 0636 02
12724  I 09042026 0636 05
12350  I 09042026 0637 01
12863  I 09042026 0637 01
12084  I 09042026 0637 01
12191  I 09042026 0637 02
12849  I 09042026 0637 05
12353  I 09042026 0637 05
10754  I 09042026 0637 06
12289  I 09042026 0637 06
10309  I 09042026 0637 06
12647  I 09042026 0638 01
10675  I 09042026 0638 01
01232  I 09042026 0638 02
12351  I 09042026 0638 02
12945  I 09042026 0638 06
11765  I 09042026 0638 06
10318  I 09042026 0639 01
12451  I 09042026 0639 02
12840  I 09042026 0639 05
12208  I 09042026 0639 05
11404  I 09042026 0639 06
12650  I 09042026 0639 06
10827  I 09042026 0640 01
12476  I 09042026 0640 02
12221  I 09042026 0640 05
01470  I 09042026 0640 05
01446  I 09042026 0640 05
11787  I 09042026 0640 06
12066  I 09042026 0640 06
03118  I 09042026 0640 06
12804  I 09042026 0641 01
10523  I 09042026 0641 01
12217  I 09042026 0641 01
01504  I 09042026 0641 02
12355  I 09042026 0641 02
12578  I 09042026 0641 02
12855  I 09042026 0641 02
10759  I 09042026 0641 05
12926  I 09042026 0641 05
12858  I 09042026 0641 05
10405  I 09042026 0641 05
01436  I 09042026 0641 05
10673  I 09042026 0641 06
12183  I 09042026 0641 06
12764  I 09042026 0641 06
03058  I 09042026 0641 06
10697  I 09042026 0641 06
10604  I 09042026 0642 01
12057  I 09042026 0642 01
11726  I 09042026 0642 01
10234  I 09042026 0642 02
10243  I 09042026 0642 05
12260  I 09042026 0642 05
12255  I 09042026 0642 06
11937  I 09042026 0642 06
10611  I 09042026 0642 09
12530  I 09042026 0643 01
10232  I 09042026 0643 02
10091  I 09042026 0643 05
11767  I 09042026 0643 05
10357  I 09042026 0643 06
11387  I 09042026 0643 06
12090  I 09042026 0644 05
12485  I 09042026 0644 05
10223  I 09042026 0644 05
10073  I 09042026 0644 05
12587  I 09042026 0644 05
11863  I 09042026 0644 06
10358  I 09042026 0644 06
11879  I 09042026 0644 06
10786  I 09042026 0644 06
12544  I 09042026 0644 06
10026  I 09042026 0645 01
11166  I 09042026 0645 01
12793  I 09042026 0645 01
12816  I 09042026 0645 01
12439  I 09042026 0645 02
10585  I 09042026 0645 02
10791  I 09042026 0645 02
01452  I 09042026 0645 02
12726  I 09042026 0645 05
12186  I 09042026 0645 06
12642  I 09042026 0645 06
11780  I 09042026 0645 06
12695  I 09042026 0646 01
10231  I 09042026 0646 01
12827  I 09042026 0646 01
12694  I 09042026 0646 02
10609  I 09042026 0646 05
11772  I 09042026 0646 05
10449  I 09042026 0646 05
11946  I 09042026 0646 05
10780  I 09042026 0646 05
12359  I 09042026 0646 06
10700  I 09042026 0646 06
12682  I 09042026 0646 06
12716  I 09042026 0646 06
12082  I 09042026 0646 06
12943  I 09042026 0647 01
12156  I 09042026 0647 01
03151  I 09042026 0647 01
12112  I 09042026 0647 02
10841  I 09042026 0647 05
03098  I 09042026 0647 05
12639  I 09042026 0647 05
10808  I 09042026 0647 06
12598  I 09042026 0647 06
12693  I 09042026 0647 06
12670  I 09042026 0648 01
01510  I 09042026 0648 02
11496  I 09042026 0648 05
01415  I 09042026 0648 05
12568  I 09042026 0648 06
11494  I 09042026 0648 06
12486  I 09042026 0648 06
12413  I 09042026 0649 05
12720  I 09042026 0649 05
12463  I 09042026 0649 05
12237  I 09042026 0649 06
12131  I 09042026 0650 01
11286  I 09042026 0650 01
12349  I 09042026 0650 01
12085  I 09042026 0650 02
11408  I 09042026 0650 02
01373  I 09042026 0650 05
12474  I 09042026 0650 05
12629  I 09042026 0651 01
12553  I 09042026 0651 05
12368  I 09042026 0651 06
12575  I 09042026 0651 06
01351  I 09042026 0651 06
12222  I 09042026 0651 10
12829  I 09042026 0652 02
03104  I 09042026 0652 05
10500  I 09042026 0652 05
10588  I 09042026 0652 06
01483  I 09042026 0652 06
12460  I 09042026 0653 02
12699  I 09042026 0653 02
12699  O 09042026 0653 03
12851  I 09042026 0653 05
11355  I 09042026 0653 05
10574  I 09042026 0653 05
12416  I 09042026 0653 05
12305  I 09042026 0653 06
12818  I 09042026 0654 01
12803  I 09042026 0654 01
12846  I 09042026 0654 02
12805  I 09042026 0654 05
12820  I 09042026 0654 06
10728  I 09042026 0654 06
12187  I 09042026 0655 01
12538  I 09042026 0655 02
03103  I 09042026 0655 02
11522  I 09042026 0655 02
12755  I 09042026 0655 02
11519  I 09042026 0655 06
12206  I 09042026 0656 01
12244  I 09042026 0656 02
12488  I 09042026 0656 02
12657  I 09042026 0656 06
10796  I 09042026 0657 01
12630  I 09042026 0657 02
10146  I 09042026 0657 02
12861  I 09042026 0657 05
12293  I 09042026 0657 05
12689  I 09042026 0657 06
12577  I 09042026 0657 09
10407  I 09042026 0657 10
10334  I 09042026 0658 01
12545  I 09042026 0658 01
12742  I 09042026 0658 01
12790  I 09042026 0658 02
12369  I 09042026 0658 06
12886  I 09042026 0659 01
11692  I 09042026 0659 01
03017  I 09042026 0659 01
10573  I 09042026 0659 02
12122  I 09042026 0659 02
11388  I 09042026 0659 06
10817  I 09042026 0700 02
11943  I 09042026 0700 05
11650  I 09042026 0701 01
12370  I 09042026 0701 06
10055  I 09042026 0702 01
12097  I 09042026 0702 01
12706  I 09042026 0702 02
12737  I 09042026 0703 01
10466  I 09042026 0703 01
10608  I 09042026 0703 01
10046  I 09042026 0703 01
12877  I 09042026 0703 02
03101  I 09042026 0703 02
12093  I 09042026 0703 02
12096  I 09042026 0704 01
10378  I 09042026 0704 01
11221  I 09042026 0704 01
01369  I 09042026 0705 01
03010  I 09042026 0705 01
12113  I 09042026 0705 01
12874  I 09042026 0705 02
12337  I 09042026 0705 02
12141  I 09042026 0705 02
12717  I 09042026 0705 05
12199  I 09042026 0706 01
12640  I 09042026 0706 02
03176  I 09042026 0711 05
11945  I 09042026 0724 02
11945  O 09042026 0724 03
10605  I 09042026 0739 05
12587  O 09042026 0800 11
12623  I 09042026 0803 01
03032  I 09042026 0817 02
10712  I 09042026 0857 05
12725  I 09042026 0952 06
12841  I 09042026 1048 02
01379  I 09042026 1051 02
11926  I 09042026 1051 05
10050  O 09042026 1100 04
01373  O 09042026 1132 08
03068  I 09042026 1243 05
03039  I 09042026 1250 05
03172  I 09042026 1317 05
12822  I 09042026 1323 05
01402  I 09042026 1326 05
01459  I 09042026 1327 05
12256  I 09042026 1329 05
03182  I 09042026 1331 06
11605  I 09042026 1338 05
01468  I 09042026 1340 05
12396  I 09042026 1344 02
10787  I 09042026 1350 06
10843  I 09042026 1351 10
01319  I 09042026 1352 05
10127  I 09042026 1355 06
12246  I 09042026 1358 05
01335  I 09042026 1359 05
10333  I 09042026 1401 05
01357  I 09042026 1401 06
01306  I 09042026 1402 02
12847  I 09042026 1402 06
12266  I 09042026 1405 02
12904  I 09042026 1406 05
12148  I 09042026 1407 01
12845  I 09042026 1407 06
10849  I 09042026 1408 01
12920  I 09042026 1409 01
12922  I 09042026 1409 02
03179  I 09042026 1409 05
12890  I 09042026 1410 05
12927  I 09042026 1411 01
12808  I 09042026 1411 05
10071  I 09042026 1411 06
11768  I 09042026 1411 06
12802  I 09042026 1412 01
12800  I 09042026 1412 02
10176  I 09042026 1412 05
10795  I 09042026 1414 06
10306  I 09042026 1415 02
10765  I 09042026 1415 06
03167  I 09042026 1416 05
10261  I 09042026 1417 05
11928  I 09042026 1417 05
10221  I 09042026 1418 02
03035  I 09042026 1419 05
12594  I 09042026 1419 06
12409  I 09042026 1419 06
10169  I 09042026 1420 05
12267  I 09042026 1420 05
11774  I 09042026 1421 02
12185  I 09042026 1422 01
10831  I 09042026 1422 05
12754  I 09042026 1422 05
12162  I 09042026 1423 02
11498  I 09042026 1423 05
12149  I 09042026 1423 05
12531  I 09042026 1423 06
11167  I 09042026 1425 01
11538  I 09042026 1425 05
12786  I 09042026 1426 01
12674  I 09042026 1426 06
01425  I 09042026 1427 05
10839  I 09042026 1427 06
12732  I 09042026 1427 06
10612  I 09042026 1427 06
01425  O 09042026 1427 07
03026  I 09042026 1428 01
11777  I 09042026 1428 05
11400  I 09042026 1428 05
12558  I 09042026 1428 06
12949  I 09042026 1430 01
12094  I 09042026 1430 05
10522  I 09042026 1430 06
12946  I 09042026 1430 06
12110  I 09042026 1431 01
12058  I 09042026 1431 01
12115  I 09042026 1431 01
10386  I 09042026 1431 01
01317  I 09042026 1431 02
12064  I 09042026 1431 02
12826  I 09042026 1431 02
12814  I 09042026 1431 02
12074  I 09042026 1431 02
12615  I 09042026 1431 05
01382  I 09042026 1431 05
01382  O 09042026 1431 08
12871  I 09042026 1432 06
12873  I 09042026 1434 01
12651  I 09042026 1434 06
12668  I 09042026 1435 01
12299  I 09042026 1435 05
12687  I 09042026 1435 06
01511  I 09042026 1436 02
12440  I 09042026 1436 05
12259  I 09042026 1436 06
12343  I 09042026 1436 06
12055  I 09042026 1437 02
12130  I 09042026 1437 02
01471  I 09042026 1437 05
01479  I 09042026 1437 06
09833  I 09042026 1438 05
03059  I 09042026 1438 05
11248  I 09042026 1438 06
12661  I 09042026 1439 05
12815  I 09042026 1439 06
01433  I 09042026 1439 06
10200  I 09042026 1440 05
12672  I 09042026 1441 01
12138  I 09042026 1441 02
03108  I 09042026 1441 05
11688  I 09042026 1441 05
10144  I 09042026 1441 05
03112  I 09042026 1441 06
12269  I 09042026 1443 05
12894  I 09042026 1443 05
01396  I 09042026 1443 05
10811  I 09042026 1443 05
10788  I 09042026 1443 06
11392  I 09042026 1443 06
10598  I 09042026 1443 06
12473  I 09042026 1443 06
10385  I 09042026 1444 05
10222  I 09042026 1444 05
11398  I 09042026 1444 06
12667  I 09042026 1445 01
12821  I 09042026 1445 06
12792  I 09042026 1446 01
01422  I 09042026 1446 05
12819  I 09042026 1446 05
12620  I 09042026 1446 05
10383  I 09042026 1446 06
09676  I 09042026 1447 02
12059  I 09042026 1447 02
12854  I 09042026 1447 06
12622  I 09042026 1448 01
11222  I 09042026 1448 01
01276  I 09042026 1448 02
01276  O 09042026 1448 03
12189  I 09042026 1449 01
01477  I 09042026 1449 05
12852  I 09042026 1449 06
12710  I 09042026 1450 05
10785  I 09042026 1450 05
10490  I 09042026 1450 06
10094  I 09042026 1451 01
12652  I 09042026 1451 02
10086  I 09042026 1451 05
12543  I 09042026 1452 01
12456  I 09042026 1453 01
12357  I 09042026 1453 01
01296  I 09042026 1453 02
12339  I 09042026 1453 05
12740  I 09042026 1454 02
12730  I 09042026 1454 05
11779  I 09042026 1455 02
12184  I 09042026 1455 06
12088  I 09042026 1455 06
01327  I 09042026 1456 01
12540  I 09042026 1456 05
03126  I 09042026 1456 06
12862  I 09042026 1457 01
10505  I 09042026 1457 01
12500  I 09042026 1457 02
12164  I 09042026 1459 01
12799  I 09042026 1500 01
12133  I 09042026 1500 01
12375  I 09042026 1500 01
10809  O 09042026 1500 03
10243  O 09042026 1500 03
11408  O 09042026 1500 03
12824  O 09042026 1500 03
12823  O 09042026 1500 03
12844  O 09042026 1500 03
11650  O 09042026 1500 03
11221  O 09042026 1500 03
10318  O 09042026 1500 04
12692  O 09042026 1500 04
12804  O 09042026 1500 04
12855  O 09042026 1500 04
12759  O 09042026 1500 04
12056  O 09042026 1500 04
12538  O 09042026 1500 04
12217  O 09042026 1500 04
11789  I 09042026 1500 06
12669  O 09042026 1500 07
10700  O 09042026 1500 07
03037  O 09042026 1500 07
10728  O 09042026 1500 07
12720  O 09042026 1500 07
11772  O 09042026 1500 07
12237  O 09042026 1500 07
10224  O 09042026 1500 07
03053  O 09042026 1500 08
01470  O 09042026 1500 08
12858  O 09042026 1500 08
01325  O 09042026 1500 08
01481  O 09042026 1500 08
11879  O 09042026 1500 11
12610  O 09042026 1500 11
12598  O 09042026 1500 11
11496  O 09042026 1500 11
12724  O 09042026 1500 11
10070  O 09042026 1500 12
12307  O 09042026 1500 12
10609  O 09042026 1500 12
10358  O 09042026 1500 12
11765  O 09042026 1500 12
11494  O 09042026 1500 14
11719  I 09042026 1501 01
12244  O 09042026 1501 03
12793  O 09042026 1501 03
12337  O 09042026 1501 03
12236  O 09042026 1501 03
11780  O 09042026 1501 03
12924  O 09042026 1501 03
12718  O 09042026 1501 03
12898  O 09042026 1501 03
12950  O 09042026 1501 03
12863  O 09042026 1501 04
03032  O 09042026 1501 04
12575  O 09042026 1501 04
10573  O 09042026 1501 04
12205  O 09042026 1501 04
12872  O 09042026 1501 04
10642  O 09042026 1501 07
12711  O 09042026 1501 07
12093  O 09042026 1501 07
12306  O 09042026 1501 07
10641  O 09042026 1501 08
10791  O 09042026 1501 08
12342  O 09042026 1501 11
03007  O 09042026 1501 11
12706  O 09042026 1501 11
03122  O 09042026 1501 11
12221  O 09042026 1501 12
12650  O 09042026 1501 12
12642  O 09042026 1501 12
12485  O 09042026 1501 12
10724  I 09042026 1502 02
12929  O 09042026 1502 03
12897  O 09042026 1502 03
12903  O 09042026 1502 03
10827  O 09042026 1502 03
12206  O 09042026 1502 03
10675  O 09042026 1502 03
12234  O 09042026 1502 03
12612  O 09042026 1502 03
12963  O 09042026 1502 04
01504  O 09042026 1502 04
12962  O 09042026 1502 04
12131  O 09042026 1502 04
12818  O 09042026 1502 04
10576  O 09042026 1502 04
12476  O 09042026 1502 04
12090  O 09042026 1502 07
12474  O 09042026 1502 07
10605  O 09042026 1502 07
12840  O 09042026 1502 07
01436  O 09042026 1502 07
12353  O 09042026 1502 07
12677  O 09042026 1502 07
12629  O 09042026 1502 07
12069  O 09042026 1502 08
11936  O 09042026 1502 08
12368  O 09042026 1502 08
12553  O 09042026 1502 08
10523  O 09042026 1502 08
01446  O 09042026 1502 08
12810  O 09042026 1502 08
12255  O 09042026 1502 08
12578  O 09042026 1502 08
01232  O 09042026 1502 11
12673  O 09042026 1502 12
10780  O 09042026 1502 12
10021  O 09042026 1502 12
12486  O 09042026 1502 12
12846  O 09042026 1502 12
11935  O 09042026 1502 14
12451  O 09042026 1503 03
12623  O 09042026 1503 03
12222  O 09042026 1503 03
10678  O 09042026 1503 04
01483  O 09042026 1503 04
12413  O 09042026 1503 04
10673  O 09042026 1503 07
11692  O 09042026 1503 07
11942  O 09042026 1503 07
12122  O 09042026 1503 07
01231  O 09042026 1503 08
10766  O 09042026 1503 08
10202  O 09042026 1503 08
01351  O 09042026 1503 08
01344  O 09042026 1503 08
12544  O 09042026 1503 11
03153  O 09042026 1503 11
11607  O 09042026 1503 12
12066  O 09042026 1503 14
12489  I 09042026 1504 02
12085  O 09042026 1504 03
12293  O 09042026 1504 03
12785  O 09042026 1504 03
12530  O 09042026 1504 03
12350  O 09042026 1504 04
10808  O 09042026 1504 07
10146  O 09042026 1504 08
12812  O 09042026 1504 11
12938  O 09042026 1504 12
12532  O 09042026 1504 12
12355  O 09042026 1505 03
12755  O 09042026 1505 03
10357  O 09042026 1505 07
12764  O 09042026 1505 07
10726  O 09042026 1505 07
11390  O 09042026 1505 08
10697  O 09042026 1505 08
12682  O 09042026 1505 12
12151  I 09042026 1506 01
12827  O 09042026 1506 03
10378  O 09042026 1506 04
11933  O 09042026 1506 04
03118  O 09042026 1506 07
12186  O 09042026 1506 08
10140  O 09042026 1506 08
12851  O 09042026 1506 11
12653  O 09042026 1506 11
12113  O 09042026 1506 11
12809  O 09042026 1506 12
11404  O 09042026 1506 12
12726  O 09042026 1506 12
12803  O 09042026 1507 07
10054  O 09042026 1507 08
12595  O 09042026 1507 12
01428  O 09042026 1508 07
12349  O 09042026 1509 03
10500  O 09042026 1509 07
11387  O 09042026 1509 08
09823  O 09042026 1510 11
01495  O 09042026 1510 12
12249  O 09042026 1510 12
10585  O 09042026 1511 04
12351  O 09042026 1511 04
03058  O 09042026 1511 08
03017  O 09042026 1511 11
12199  O 09042026 1512 03
10373  O 09042026 1512 08
11388  O 09042026 1513 07
10073  O 09042026 1513 12
01510  O 09042026 1514 12
11267  O 09042026 1517 12
10026  O 09042026 1518 07
12183  O 09042026 1519 14
10786  O 09042026 1520 08
12334  O 09042026 1525 07
10334  O 09042026 1525 08
10663  O 09042026 1526 08
10759  O 09042026 1530 08
01413  O 09042026 1536 12
01312  O 09042026 1536 12
12919  O 09042026 1541 07
12488  O 09042026 1542 14
03103  O 09042026 1543 04
01345  O 09042026 1546 07
01355  O 09042026 1600 03
12369  O 09042026 1600 12
12376  O 09042026 1602 03
12374  O 09042026 1602 04
12640  O 09042026 1602 08
11166  O 09042026 1603 04
10407  O 09042026 1615 12
12965  O 09042026 1618 04
10736  O 09042026 1625 04
12717  O 09042026 1630 07
10608  O 09042026 1646 12
11693  I 09042026 1658 05
12657  O 09042026 1700 03
12805  O 09042026 1700 07
11286  O 09042026 1700 08
10611  O 09042026 1700 12
11355  O 09042026 1701 07
11943  O 09042026 1701 07
10841  O 09042026 1702 14
01415  O 09042026 1702 14
10449  O 09042026 1705 08
09704  I 09042026 1727 02
09704  O 09042026 1727 03
11493  O 09042026 1736 14
12392  I 09042026 1744 02
10201  I 09042026 1758 05
12439  O 09042026 1800 04
12191  O 09042026 1800 08
12632  O 09042026 1800 12
03104  O 09042026 1801 14
12833  O 09042026 1802 12
12416  O 09042026 1803 11
12305  O 09042026 1804 08
10055  O 09042026 1804 14
12583  I 09042026 1805 06
11690  O 09042026 1805 08
12737  O 09042026 1805 12
12644  I 09042026 1806 06
03151  O 09042026 1807 03
12945  O 09042026 1808 12
12141  O 09042026 1810 12
11519  O 09042026 1811 07
03061  O 09042026 1813 12
12140  I 09042026 1815 06
12341  O 09042026 1818 11
12637  I 09042026 1820 06
12187  O 09042026 1821 11
12701  I 09042026 1830 01
12780  I 09042026 1831 06
12758  I 09042026 1832 01
12624  I 09042026 1840 01
12756  I 09042026 1841 06
03123  I 09042026 1843 06
12502  I 09042026 1843 06
12878  I 09042026 1846 01
01448  I 09042026 1847 02
12291  I 09042026 1848 01
12501  I 09042026 1848 06
12383  I 09042026 1850 02
12763  I 09042026 1850 05
12373  I 09042026 1852 02
12373  O 09042026 1852 03
12415  I 09042026 1855 06
12828  I 09042026 1859 01
12647  O 09042026 1900 03
12317  O 09042026 1900 03
12130  O 09042026 1900 03
12829  O 09042026 1900 03
10604  O 09042026 1900 03
12545  O 09042026 1900 03
12694  O 09042026 1900 03
12693  O 09042026 1900 04
10232  O 09042026 1900 04
10234  O 09042026 1900 04
12096  O 09042026 1900 04
12097  O 09042026 1900 04
12546  I 09042026 1900 06
10133  I 09042026 1900 06
12260  O 09042026 1900 11
10309  O 09042026 1900 12
12568  O 09042026 1900 12
01369  O 09042026 1901 03
10231  O 09042026 1901 03
12877  O 09042026 1901 03
12359  O 09042026 1901 03
03062  O 09042026 1901 07
10466  O 09042026 1901 07
10588  O 09042026 1901 12
12370  O 09042026 1901 12
12736  I 09042026 1902 02
11726  O 09042026 1902 03
12742  O 09042026 1902 03
12816  O 09042026 1902 03
03101  O 09042026 1902 03
12670  O 09042026 1902 04
11784  O 09042026 1902 08
12630  O 09042026 1902 12
12325  I 09042026 1903 01
12611  I 09042026 1903 02
12084  O 09042026 1903 03
12627  O 09042026 1903 11
12577  O 09042026 1904 12
12861  O 09042026 1904 12
12208  O 09042026 1907 12
10405  O 09042026 1908 11
01452  O 09042026 1909 04
12967  O 09042026 1909 07
12463  O 09042026 1911 12
03088  I 09042026 1912 01
01456  I 09042026 1912 01
12390  O 09042026 1913 03
11522  O 09042026 1916 04
10817  O 09042026 1916 07
11863  O 09042026 1920 12
03135  O 09042026 1925 04
10047  I 09042026 2052 06
12089  I 09042026 2122 05
01234  I 09042026 2129 01
12497  I 09042026 2129 02
12678  I 09042026 2131 06
12807  I 09042026 2146 06
12192  I 09042026 2157 05
03148  I 09042026 2158 02
10184  I 09042026 2201 06
10807  I 09042026 2203 01
12128  I 09042026 2203 06
10083  I 09042026 2206 06
12461  I 09042026 2208 05
03029  I 09042026 2208 06
10310  I 09042026 2208 06
12856  I 09042026 2209 01
12791  I 09042026 2209 02
12298  I 09042026 2209 06
12947  I 09042026 2210 02
12645  I 09042026 2210 05
12664  I 09042026 2210 06
12723  I 09042026 2211 01
12831  I 09042026 2212 01
12760  I 09042026 2212 02
12123  I 09042026 2212 10
11169  I 09042026 2213 05
03168  I 09042026 2216 06
10830  I 09042026 2217 01
12948  I 09042026 2217 01
12832  I 09042026 2217 05
03177  I 09042026 2217 06
10177  I 09042026 2218 05
12753  I 09042026 2218 05
12072  I 09042026 2219 02
10706  I 09042026 2219 05
12887  I 09042026 2219 05
10607  I 09042026 2220 01
12625  I 09042026 2220 06
12241  I 09042026 2221 02
01449  I 09042026 2221 02
01432  I 09042026 2221 05
10117  I 09042026 2222 05
11168  I 09042026 2222 06
10264  I 09042026 2222 06
12928  I 09042026 2223 01
12761  I 09042026 2223 02
12081  I 09042026 2223 05
12116  I 09042026 2223 06
12676  I 09042026 2224 05
01302  I 09042026 2225 06
10240  I 09042026 2225 06
11940  I 09042026 2225 06
12957  I 09042026 2226 01
12951  I 09042026 2226 01
03170  I 09042026 2226 01
12762  I 09042026 2226 02
03027  I 09042026 2226 05
12731  I 09042026 2226 05
12690  I 09042026 2226 06
03119  I 09042026 2227 05
03001  I 09042026 2229 10
10285  I 09042026 2230 05
10100  I 09042026 2230 06
12397  I 09042026 2231 02
12147  I 09042026 2231 02
12700  I 09042026 2231 05
12142  I 09042026 2231 06
10219  I 09042026 2232 05
12712  I 09042026 2232 06
12662  I 09042026 2233 02
12961  I 09042026 2233 06
12146  I 09042026 2234 01
12944  I 09042026 2234 01
12555  I 09042026 2234 01
12561  I 09042026 2234 02
12813  I 09042026 2234 06
10775  I 09042026 2234 06
12665  I 09042026 2235 01
10425  I 09042026 2235 01
10669  I 09042026 2235 02
12729  I 09042026 2235 05
12663  I 09042026 2235 06
12356  I 09042026 2236 02
11402  I 09042026 2236 05
12743  I 09042026 2236 05
12631  I 09042026 2236 06
12472  I 09042026 2236 06
10825  I 09042026 2236 06
01356  I 09042026 2237 01
12499  I 09042026 2237 02
03078  I 09042026 2237 06
11776  I 09042026 2237 06
12930  I 09042026 2238 01
10456  I 09042026 2238 05
12275  I 09042026 2238 06
11534  I 09042026 2238 06
03159  I 09042026 2238 09
12853  I 09042026 2239 05
11848  I 09042026 2240 06
01499  I 09042026 2240 06
11724  I 09042026 2241 01
12067  I 09042026 2241 05
12503  I 09042026 2241 06
12757  I 09042026 2241 06
12496  I 09042026 2241 06
12020  I 09042026 2241 06
11945  I 09042026 2241 09
10847  I 09042026 2242 05
10658  I 09042026 2242 05
03173  I 09042026 2242 06
10698  I 09042026 2242 06
12609  I 09042026 2242 06
12462  I 09042026 2243 05
10469  I 09042026 2244 02
12412  I 09042026 2245 05
12098  I 09042026 2246 01
11411  I 09042026 2246 02
03077  I 09042026 2246 06
11495  I 09042026 2247 01
12329  I 09042026 2247 02
12901  I 09042026 2247 06
12076  I 09042026 2248 01
12238  I 09042026 2248 05
10384  I 09042026 2248 05
12049  I 09042026 2248 05
10794  I 09042026 2248 06
11687  I 09042026 2249 01
03136  I 09042026 2249 01
03124  I 09042026 2249 01
12798  I 09042026 2249 02
12372  I 09042026 2249 02
12125  I 09042026 2249 06
12467  I 09042026 2250 02
10287  I 09042026 2250 06
12843  I 09042026 2251 01
12738  I 09042026 2251 01
03080  I 09042026 2251 06
01492  I 09042026 2252 06
03030  I 09042026 2253 05
12247  I 09042026 2254 01
12224  I 09042026 2254 05
12722  I 09042026 2254 06
11537  I 09042026 2254 06
12230  I 09042026 2255 01
12556  I 09042026 2255 01
12614  I 09042026 2256 01
12371  I 09042026 2256 05
12204  I 09042026 2257 01
10245  I 09042026 2257 01
01405  I 09042026 2257 06
12021  I 09042026 2258 02
12417  I 09042026 2258 06
12735  I 09042026 2258 06
12248  I 09042026 2259 01
01512  I 09042026 2259 01
12638  I 09042026 2259 02
10696  I 09042026 2259 02
10306  O 09042026 2300 03
12531  O 09042026 2300 03
12540  O 09042026 2300 03
10386  O 09042026 2300 03
12672  O 09042026 2300 03
12055  O 09042026 2300 03
12396  O 09042026 2300 03
12786  O 09042026 2300 03
12059  O 09042026 2300 03
11167  O 09042026 2300 03
12558  O 09042026 2300 04
12460  O 09042026 2300 04
12456  O 09042026 2300 04
12357  O 09042026 2300 04
12064  O 09042026 2300 04
01319  O 09042026 2300 04
12162  O 09042026 2300 04
12057  O 09042026 2300 04
12088  O 09042026 2300 04
10839  O 09042026 2300 07
10333  O 09042026 2300 07
12808  O 09042026 2300 07
03059  O 09042026 2300 07
01402  O 09042026 2300 07
10522  O 09042026 2300 07
03112  O 09042026 2300 07
01396  O 09042026 2300 07
11392  O 09042026 2300 07
10795  O 09042026 2300 08
10787  O 09042026 2300 08
12628  O 09042026 2300 08
01357  O 09042026 2300 08
12149  O 09042026 2300 08
10223  O 09042026 2300 08
10788  O 09042026 2300 08
12620  O 09042026 2300 11
11498  O 09042026 2300 11
12710  O 09042026 2300 11
12845  O 09042026 2300 11
12890  O 09042026 2300 11
10831  O 09042026 2300 11
10574  O 09042026 2300 12
12267  O 09042026 2300 12
12594  O 09042026 2300 12
12946  O 09042026 2300 12
12852  O 09042026 2300 12
12375  O 09042026 2300 12
12256  O 09042026 2300 12
12730  O 09042026 2300 12
01425  O 09042026 2300 12
12820  O 09042026 2300 14
10467  O 09042026 2301 03
01511  O 09042026 2301 03
03126  O 09042026 2301 03
12825  O 09042026 2301 03
12847  O 09042026 2301 03
12826  O 09042026 2301 03
12943  O 09042026 2301 03
12695  O 09042026 2301 03
12189  O 09042026 2301 03
12854  O 09042026 2301 04
10385  O 09042026 2301 04
12266  O 09042026 2301 04
10724  O 09042026 2301 04
03068  O 09042026 2301 04
12133  O 09042026 2301 04
12814  O 09042026 2301 04
12886  O 09042026 2301 04
12622  O 09042026 2301 04
01471  O 09042026 2301 07
10291  O 09042026 2301 07
10222  O 09042026 2301 07
12815  O 09042026 2301 07
12716  O 09042026 2301 07
12687  O 09042026 2301 08
12259  O 09042026 2301 08
03182  O 09042026 2301 08
11777  O 09042026 2301 08
12888  O 09042026 2301 08
12651  O 09042026 2301 11
12112  O 09042026 2301 11
03120  O 09042026 2301 11
12409  O 09042026 2301 11
12185  O 09042026 2301 11
12094  O 09042026 2301 11
03167  O 09042026 2301 11
01296  O 09042026 2301 11
12473  O 09042026 2301 11
03035  O 09042026 2301 11
12082  O 09042026 2301 11
10169  O 09042026 2301 11
01306  O 09042026 2301 12
11248  O 09042026 2301 12
03179  O 09042026 2301 12
01477  O 09042026 2301 12
11767  O 09042026 2301 12
10071  O 09042026 2301 12
12732  O 09042026 2301 12
10754  O 09042026 2301 14
03161  I 09042026 2302 01
10640  I 09042026 2302 01
01341  I 09042026 2302 01
10145  I 09042026 2302 01
10705  I 09042026 2302 02
12904  O 09042026 2302 03
12871  O 09042026 2302 03
12862  O 09042026 2302 03
12922  O 09042026 2302 03
12822  O 09042026 2302 03
12792  O 09042026 2302 03
10849  O 09042026 2302 03
12874  O 09042026 2302 04
09676  O 09042026 2302 04
12151  O 09042026 2302 04
12246  O 09042026 2302 04
12725  O 09042026 2302 04
12949  O 09042026 2302 04
10589  I 09042026 2302 06
12849  O 09042026 2302 07
10086  O 09042026 2302 07
01335  O 09042026 2302 07
10176  O 09042026 2302 07
01433  O 09042026 2302 07
12489  O 09042026 2302 08
12289  O 09042026 2302 08
10091  O 09042026 2302 08
11937  O 09042026 2302 11
03172  O 09042026 2302 11
12841  O 09042026 2303 03
11719  O 09042026 2303 04
11688  O 09042026 2303 07
10843  O 09042026 2303 07
09833  O 09042026 2303 11
12639  O 09042026 2303 12
12302  I 09042026 2304 01
03010  O 09042026 2304 03
10221  O 09042026 2304 03
12074  O 09042026 2304 04
10606  O 09042026 2304 04
01276  O 09042026 2304 04
03176  O 09042026 2304 04
01422  O 09042026 2304 07
12688  O 09042026 2304 07
11768  O 09042026 2304 08
12689  O 09042026 2304 08
03098  O 09042026 2304 08
11926  O 09042026 2304 11
11946  O 09042026 2304 11
10261  O 09042026 2304 12
10785  O 09042026 2304 12
01317  O 09042026 2304 12
12802  O 09042026 2305 03
12920  O 09042026 2305 03
12926  O 09042026 2305 03
12800  O 09042026 2305 04
12927  O 09042026 2305 04
12873  O 09042026 2305 04
11787  O 09042026 2305 07
11538  O 09042026 2305 07
12661  O 09042026 2305 07
10505  O 09042026 2305 08
12674  O 09042026 2305 12
12153  I 09042026 2306 02
10046  O 09042026 2306 03
10811  O 09042026 2306 07
01379  O 09042026 2306 07
03108  O 09042026 2306 11
11398  O 09042026 2306 12
12269  O 09042026 2306 12
12110  O 09042026 2307 03
11789  O 09042026 2307 07
12115  O 09042026 2307 11
10094  O 09042026 2308 03
10144  O 09042026 2308 07
11928  O 09042026 2308 08
03039  O 09042026 2309 08
12343  O 09042026 2309 08
11400  O 09042026 2309 12
01479  O 09042026 2310 04
12457  O 09042026 2311 07
11779  O 09042026 2311 08
10200  O 09042026 2311 12
12754  O 09042026 2312 08
12471  I 09042026 2313 06
10712  O 09042026 2313 12
03026  O 09042026 2315 11
11250  O 09042026 2315 12
01382  O 09042026 2316 08
01468  O 09042026 2343 12
12828  O 09052026 0700 03
12832  O 09052026 0700 03
03173  O 09052026 0700 03
12700  O 09052026 0700 04
12461  O 09052026 0700 04
03177  O 09052026 0700 04
12397  O 09052026 0700 04
12957  O 09052026 0700 04
12947  O 09052026 0700 04
12662  O 09052026 0700 04
12072  O 09052026 0700 04
11774  O 09052026 0700 04
10589  O 09052026 0700 07
12609  O 09052026 0700 07
12664  O 09052026 0700 07
12098  O 09052026 0700 07
10794  O 09052026 0700 07
10285  O 09052026 0700 07
12275  O 09052026 0700 07
10830  O 09052026 0700 07
12615  O 09052026 0700 07
12440  O 09052026 0700 07
10825  O 09052026 0700 08
12501  O 09052026 0700 08
12020  O 09052026 0700 08
12813  O 09052026 0700 08
10083  O 09052026 0700 08
12625  O 09052026 0700 08
11537  O 09052026 0700 08
12951  O 09052026 0700 08
11169  O 09052026 0700 11
12089  O 09052026 0700 11
11848  O 09052026 0700 11
10310  O 09052026 0700 11
12125  O 09052026 0700 11
10658  O 09052026 0700 11
11693  O 09052026 0700 11
12184  O 09052026 0700 11
12299  O 09052026 0700 11
12821  O 09052026 0700 11
12961  O 09052026 0700 12
10133  O 09052026 0700 12
12735  O 09052026 0700 12
12224  O 09052026 0700 12
12637  O 09052026 0700 12
03029  O 09052026 0700 12
12807  O 09052026 0700 12
03123  O 09052026 0700 12
12192  O 09052026 0700 12
11168  O 09052026 0700 12
10127  O 09052026 0700 12
12652  O 09052026 0700 12
12496  O 09052026 0700 14
12081  O 09052026 0700 14
12049  O 09052026 0700 14
10612  O 09052026 0700 14
12146  O 09052026 0701 03
10807  O 09052026 0701 03
12948  O 09052026 0701 03
12758  O 09052026 0701 03
12076  O 09052026 0701 03
11411  O 09052026 0701 03
12373  O 09052026 0701 03
12668  O 09052026 0701 03
10469  O 09052026 0701 04
12556  O 09052026 0701 04
12502  O 09052026 0701 04
03080  O 09052026 0701 04
11687  O 09052026 0701 04
12499  O 09052026 0701 04
12853  O 09052026 0701 04
12383  O 09052026 0701 04
12614  O 09052026 0701 04
12543  O 09052026 0701 04
12722  O 09052026 0701 07
12743  O 09052026 0701 07
03168  O 09052026 0701 07
03078  O 09052026 0701 07
12302  O 09052026 0701 08
12230  O 09052026 0701 08
10775  O 09052026 0701 08
11776  O 09052026 0701 08
09704  O 09052026 0701 08
12021  O 09052026 0701 11
12298  O 09052026 0701 11
12663  O 09052026 0701 11
12729  O 09052026 0701 11
12676  O 09052026 0701 11
12645  O 09052026 0701 11
12247  O 09052026 0701 11
12894  O 09052026 0701 11
12339  O 09052026 0701 11
11605  O 09052026 0701 11
03119  O 09052026 0701 12
12238  O 09052026 0701 12
12644  O 09052026 0701 12
12736  O 09052026 0701 12
10706  O 09052026 0701 12
10383  O 09052026 0701 12
12472  O 09052026 0701 14
03030  O 09052026 0701 14
12819  O 09052026 0701 14
11940  O 09052026 0702 03
12723  O 09052026 0702 03
03088  O 09052026 0702 03
12356  O 09052026 0702 03
10607  O 09052026 0702 03
01356  O 09052026 0702 03
12138  O 09052026 0702 03
12392  O 09052026 0702 03
12058  O 09052026 0702 03
03170  O 09052026 0702 04
12497  O 09052026 0702 04
12798  O 09052026 0702 04
01341  O 09052026 0702 04
11724  O 09052026 0702 04
12611  O 09052026 0702 04
12667  O 09052026 0702 04
10765  O 09052026 0702 04
10177  O 09052026 0702 07
12116  O 09052026 0702 07
10598  O 09052026 0702 07
01302  O 09052026 0702 08
11534  O 09052026 0702 08
01492  O 09052026 0702 08
12417  O 09052026 0702 08
12712  O 09052026 0702 08
12638  O 09052026 0702 11
12678  O 09052026 0702 11
12753  O 09052026 0702 11
12471  O 09052026 0702 11
12731  O 09052026 0702 12
12780  O 09052026 0702 12
12467  O 09052026 0702 12
10490  O 09052026 0702 12
03136  O 09052026 0703 03
03148  O 09052026 0703 03
12372  O 09052026 0703 04
12148  O 09052026 0703 04
12142  O 09052026 0703 07
01405  O 09052026 0703 07
03077  O 09052026 0703 08
12123  O 09052026 0703 11
12901  O 09052026 0703 11
12763  O 09052026 0704 03
12701  O 09052026 0704 03
10456  O 09052026 0704 03
10047  O 09052026 0704 03
12248  O 09052026 0704 03
10184  O 09052026 0704 04
11495  O 09052026 0704 04
10698  O 09052026 0704 07
10696  O 09052026 0704 08
12555  O 09052026 0705 03
12561  O 09052026 0705 03
12665  O 09052026 0705 03
03161  O 09052026 0705 03
01432  O 09052026 0705 04
12944  O 09052026 0706 03
12930  O 09052026 0706 03
12204  O 09052026 0706 03
10669  O 09052026 0706 04
12843  O 09052026 0706 04
12624  O 09052026 0706 04
11945  O 09052026 0706 07
10240  O 09052026 0706 08
10219  O 09052026 0706 08
03159  O 09052026 0706 11
10847  O 09052026 0706 12
01459  O 09052026 0706 12
12738  O 09052026 0707 03
12887  O 09052026 0707 03
12500  O 09052026 0707 03
12503  O 09052026 0707 07
12067  O 09052026 0707 08
11402  O 09052026 0707 12
12631  O 09052026 0707 12
01327  O 09052026 0707 12
10640  O 09052026 0708 03
12325  O 09052026 0708 11
12128  O 09052026 0708 11
03001  O 09052026 0708 12
12140  O 09052026 0708 12
01448  O 09052026 0709 03
12329  O 09052026 0709 04
12760  O 09052026 0709 07
01234  O 09052026 0709 07
12241  O 09052026 0709 08
12757  O 09052026 0709 11
12761  O 09052026 0709 11
12762  O 09052026 0709 11
12856  O 09052026 0709 11
12831  O 09052026 0709 11
12583  O 09052026 0709 12
03027  O 09052026 0709 12
10425  O 09052026 0710 03
10145  O 09052026 0710 03
10245  O 09052026 0710 03
10201  O 09052026 0710 04
12791  O 09052026 0710 11
11222  O 09052026 0710 11
12462  O 09052026 0710 12
12878  O 09052026 0711 03
10100  O 09052026 0711 08
10117  O 09052026 0712 12
10264  O 09052026 0713 11
12546  O 09052026 0713 12
03124  O 09052026 0714 04
12740  O 09052026 0714 07
12412  O 09052026 0714 12
12153  O 09052026 0715 03
10384  O 09052026 0715 07
10705  O 09052026 0715 11
12147  O 09052026 0716 04
12928  O 09052026 0716 11
12164  O 09052026 0718 07
12690  O 09052026 0718 08
01449  O 09052026 0719 08
10287  O 09052026 0719 11
01499  O 09052026 0720 08
12371  O 09052026 0722 08
12756  O 09052026 0722 12
12291  O 09052026 0735 03
01456  O 09052026 0742 08
01512  O 09052026 0757 12