   01454  I 09302026 0456 01
   03098  I 09302026 0501 05
   09823  I 09302026 0521 06
   11690  I 09302026 0530 05
   12457  I 09302026 0543 05
   12249  I 09302026 0545 05
   12628  I 09302026 0550 05
   03007  I 09302026 0550 06
   12890  I 09302026 0551 05
   12080  I 09302026 0552 06
   12785  I 09302026 0553 02
   12800  I 09302026 0553 01
   12725  I 09302026 0554 01
   12307  I 09302026 0555 06
   01335  I 09302026 0557 05
   01402  I 09302026 0558 05
   03068  O 09302026 0600 07
   03141  I 09302026 0601 05
   03179  I 09302026 0601 05
   10202  I 09302026 0602 06
   12822  I 09302026 0602 05
   01231  I 09302026 0603 05
   12130  I 09302026 0604 02
   11935  I 09302026 0605 06
   10333  I 09302026 0605 05
   03047  I 09302026 0606 05
   03135  I 09302026 0606 01
   03172  I 09302026 0607 05
   10070  I 09302026 0608 05
   12927  I 09302026 0608 02
   12802  I 09302026 0608 01
   11411  I 09302026 0608 02
   01339  I 09302026 0609 06
   12847  I 09302026 0609 06
   12854  I 09302026 0610 06
   12627  I 09302026 0611 10
   12808  I 09302026 0611 05
   10849  I 09302026 0613 02
   10310  I 09302026 0613 06
   12246  I 09302026 0614 02
   12615  I 09302026 0614 05
   12692  I 09302026 0614 02
   12814  I 09302026 0614 02
   01481  I 09302026 0614 05
   12965  I 09302026 0615 02
   12531  I 09302026 0615 06
   01295  I 09302026 0615 01
   03120  I 09302026 0616 05
   10663  I 09302026 0617 05
   12845  I 09302026 0617 06
   03173  I 09302026 0618 06
   11928  I 09302026 0618 05
   09704  I 09302026 0618 06
   01423  I 09302026 0619 05
   10736  I 09302026 0619 01
   12812  I 09302026 0619 06
   11768  I 09302026 0619 06
   11400  I 09302026 0620 05
   10720  I 09302026 0620 06
   12149  I 09302026 0621 05
   12889  I 09302026 0621 05
   10795  I 09302026 0621 06
   11223  I 09302026 0621 06
   12920  I 09302026 0621 01
   12823  I 09302026 0621 02
   12162  I 09302026 0622 02
   11267  I 09302026 0622 01
   12396  I 09302026 0622 02
   03167  I 09302026 0622 05
   10612  I 09302026 0622 13
   11933  I 09302026 0623 01
   11493  I 09302026 0623 05
   12780  I 09302026 0623 06
   01495  I 09302026 0623 05
   10169  I 09302026 0624 02
   12467  I 09302026 0624 02
   03026  I 09302026 0624 01
   11936  I 09302026 0624 06
   10221  I 09302026 0625 02
   10467  I 09302026 0625 01
   10199  I 09302026 0626 05
   12632  I 09302026 0627 05
   12903  I 09302026 0627 01
   12594  I 09302026 0627 06
   12669  I 09302026 0628 05
   12786  I 09302026 0628 01
   10617  I 09302026 0628 05
   10787  I 09302026 0628 06
   12753  I 09302026 0628 05
   03061  I 09302026 0628 06
   03077  I 09302026 0628 06
   10766  I 09302026 0628 06
   12081  I 09302026 0629 05
   12819  I 09302026 0629 06
   10073  I 09302026 0629 05
   12711  I 09302026 0629 06
   11774  I 09302026 0630 02
   12674  I 09302026 0630 06
   12256  I 09302026 0630 05
   01433  I 09302026 0630 06
   12826  I 09302026 0630 01
   01266  I 09302026 0631 05
   10605  I 09302026 0631 06
   10425  I 09302026 0632 02
   01357  I 09302026 0632 06
   10306  I 09302026 0632 02
   12317  I 09302026 0632 02
   12115  I 09302026 0632 01
   12185  I 09302026 0632 01
   12186  I 09302026 0633 05
   12156  I 09302026 0633 06
   12825  I 09302026 0634 01
   10383  I 09302026 0635 06
   11726  I 09302026 0635 01
   10839  I 09302026 0635 06
   12873  I 09302026 0635 02
   10698  I 09302026 0635 05
   12390  I 09302026 0635 02
   12824  I 09302026 0635 01
   12342  I 09302026 0636 06
   12853  I 09302026 0636 05
   12815  I 09302026 0636 05
   12558  I 09302026 0636 06
   03018  I 09302026 0636 05
   10841  I 09302026 0636 05
   01345  I 09302026 0637 05
   11784  I 09302026 0637 05
   12222  I 09302026 0637 09
   10357  I 09302026 0637 05
   12690  I 09302026 0637 05
   10831  I 09302026 0638 05
   12354  I 09302026 0638 05
   12871  I 09302026 0638 02
   12066  I 09302026 0638 05
   10054  I 09302026 0638 02
   12376  I 09302026 0638 01
   12020  I 09302026 0638 05
   03059  I 09302026 0638 05
   12260  I 09302026 0639 05
   10234  I 09302026 0639 01
   10609  I 09302026 0639 05
   01504  I 09302026 0640 02
   10754  I 09302026 0640 05
   01475  I 09302026 0640 01
   12058  I 09302026 0640 01
   10358  I 09302026 0640 05
   01452  I 09302026 0640 02
   03151  I 09302026 0641 02
   12754  I 09302026 0641 05
   12693  I 09302026 0641 05
   10334  I 09302026 0641 02
   10786  I 09302026 0641 05
   12191  I 09302026 0641 01
   10177  I 09302026 0641 05
   12084  I 09302026 0641 02
   10585  I 09302026 0642 02
   10759  I 09302026 0642 05
   12732  I 09302026 0642 06
   12672  I 09302026 0642 01
   12183  I 09302026 0642 06
   12439  I 09302026 0642 02
   10373  I 09302026 0642 01
   12069  I 09302026 0643 06
   03108  I 09302026 0643 05
   12888  I 09302026 0643 05
   09833  I 09302026 0643 06
   12289  I 09302026 0643 06
   10050  I 09302026 0643 02
   11166  I 09302026 0643 01
   11725  I 09302026 0643 01
   01379  I 09302026 0644 02
   01479  I 09302026 0644 02
   12306  I 09302026 0644 05
   12792  I 09302026 0644 01
   12473  I 09302026 0644 05
   11946  I 09302026 0644 06
   10291  I 09302026 0645 05
   10261  I 09302026 0645 05
   12383  I 09302026 0645 02
   03058  I 09302026 0645 06
   12305  I 09302026 0645 06
   10449  I 09302026 0645 05
   12568  I 09302026 0645 06
   01471  I 09302026 0645 05
   10811  I 09302026 0645 06
   12804  I 09302026 0646 01
   10222  I 09302026 0646 06
   12638  I 09302026 0646 02
   12716  I 09302026 0647 06
   11222  I 09302026 0647 02
   12943  I 09302026 0647 01
   10780  I 09302026 0647 05
   12852  I 09302026 0647 06
   10386  I 09302026 0647 02
   10785  I 09302026 0647 06
   12699  I 09302026 0647 01
   12540  I 09302026 0647 05
   12112  I 09302026 0648 06
   12651  I 09302026 0648 06
   12601  I 09302026 0648 02
   10765  I 09302026 0648 06
   11398  I 09302026 0648 06
   12622  I 09302026 0648 01
   10522  I 09302026 0648 05
   01417  I 09302026 0648 06
   10384  I 09302026 0648 05
   12074  I 09302026 0649 02
   12695  I 09302026 0649 01
   10796  I 09302026 0649 01
   01415  I 09302026 0650 05
   12368  I 09302026 0650 06
   12221  I 09302026 0650 09
   12088  I 09302026 0650 06
   10407  I 09302026 0650 09
   12131  I 09302026 0650 02
   10094  I 09302026 0650 02
   10588  I 09302026 0650 05
   01422  I 09302026 0650 01
   11777  I 09302026 0651 05
   01374  I 09302026 0651 02
   12293  I 09302026 0651 06
   12374  I 09302026 0651 02
   11688  I 09302026 0651 01
   12735  I 09302026 0651 05
   12460  I 09302026 0651 02
   12578  I 09302026 0651 01
   12587  I 09302026 0651 05
   12097  I 09302026 0652 05
   11496  I 09302026 0652 06
   12862  I 09302026 0652 01
   12630  I 09302026 0652 02
   09676  I 09302026 0652 02
   12851  I 09302026 0653 05
   12187  I 09302026 0653 02
   12946  I 09302026 0653 06
   12544  I 09302026 0653 05
   11692  I 09302026 0653 01
   03126  I 09302026 0653 06
   12456  I 09302026 0653 02
   10091  I 09302026 0653 05
   12057  I 09302026 0654 01
   12259  I 09302026 0654 05
   10598  I 09302026 0654 06
   12538  I 09302026 0654 02
   01477  I 09302026 0654 06
   12416  I 09302026 0654 06
   10046  I 09302026 0654 01
   12462  I 09302026 0654 05
   12757  I 09302026 0654 06
   12878  I 09302026 0654 02
   10788  I 09302026 0654 05
   10505  I 09302026 0655 02
   12451  I 09302026 0655 02
   10378  I 09302026 0656 02
   11408  I 09302026 0656 02
   12463  I 09302026 0656 05
   12204  I 09302026 0656 02
   12488  I 09302026 0656 06
   12357  I 09302026 0656 01
   10350  I 09302026 0656 09
   12113  I 09302026 0657 06
   12689  I 09302026 0657 06
   12652  I 09302026 0657 02
   12790  I 09302026 0658 02
   12373  I 09302026 0658 02
   12694  I 09302026 0658 02
   12706  I 09302026 0658 01
   12133  I 09302026 0659 01
   11519  I 09302026 0659 01
   12741  I 09302026 0659 01
   12184  I 09302026 0659 06
   10466  I 09302026 0659 01
   12125  I 09302026 0659 02
   11355  I 09302026 0700 01
   12461  O 09302026 0700 08
   12731  O 09302026 0700 12
   12236  O 09302026 0700 07
   12805  I 09302026 0700 05
   10809  O 09302026 0700 03
   10318  O 09302026 0700 04
   12532  O 09302026 0700 11
   10726  O 09302026 0700 08
   03010  I 09302026 0700 01
   12961  O 09302026 0700 12
   03053  O 09302026 0700 07
   12356  O 09302026 0700 03
   11879  O 09302026 0700 11
   03104  O 09302026 0700 14
   10243  O 09302026 0700 04
   11848  O 09302026 0700 12
   03037  O 09302026 0700 07
   12798  O 09302026 0700 04
   01470  O 09302026 0700 08
   12647  O 09302026 0700 03
   12415  O 09302026 0700 12
   12840  O 09302026 0700 11
   11607  O 09302026 0700 04
   12275  O 09302026 0700 07
   12668  O 09302026 0700 03
   11937  O 09302026 0700 11
   10309  O 09302026 0700 12
   01344  O 09302026 0700 08
   12049  O 09302026 0700 14
   12957  O 09302026 0700 04
   12082  O 09302026 0700 11
   03112  O 09302026 0700 07
   11650  O 09302026 0700 03
   12417  O 09302026 0700 08
   11646  O 09302026 0700 12
   12759  O 09302026 0700 04
   10224  O 09302026 0700 07
   12244  O 09302026 0700 03
   12821  O 09302026 0700 11
   10724  I 09302026 0700 02
   12720  O 09302026 0700 07
   12858  O 09302026 0700 08
   01487  O 09302026 0700 03
   12299  O 09302026 0700 11
   12863  O 09302026 0700 04
   10071  O 09302026 0700 12
   12502  O 09302026 0700 08
   11221  O 09302026 0700 03
   10581  O 09302026 0700 07
   12718  O 09302026 0700 04
   12475  O 09302026 0700 11
   12501  O 09302026 0700 08
   12949  O 09302026 0700 03
   03168  O 09302026 0700 07
   12298  O 09302026 0700 12
   11926  O 09302026 0700 11
   10641  O 09302026 0701 08
   11719  I 09302026 0701 01
   12849  O 09302026 0701 07
   12924  O 09302026 0701 03
   12485  O 09302026 0701 12
   12339  O 09302026 0701 11
   12799  I 09302026 0701 05
   03102  O 09302026 0701 08
   12894  O 09302026 0701 11
   12609  O 09302026 0701 07
   12820  O 09302026 0701 14
   12897  O 09302026 0701 03
   12598  O 09302026 0701 12
   12813  O 09302026 0701 08
   12807  O 09302026 0701 11
   03032  O 09302026 0701 07
   12762  O 09302026 0701 03
   03030  O 09302026 0701 14
   10219  O 09302026 0701 08
   12206  O 09302026 0701 07
   11392  I 09302026 0701 06
   12678  O 09302026 0701 11
   12758  O 09302026 0701 03
   11772  O 09302026 0701 07
   12486  O 09302026 0701 11
   12872  O 09302026 0701 04
   12325  I 09302026 0701 01
   11724  O 09302026 0701 03
   10385  O 09302026 0701 08
   12217  O 09302026 0701 04
   12950  O 09302026 0701 11
   10176  O 09302026 0701 07
   12611  I 09302026 0701 02
   12076  O 09302026 0701 04
   11780  O 09302026 0701 03
   12237  O 09302026 0701 08
   11765  O 09302026 0701 07
   12736  O 09302026 0701 12
   12476  O 09302026 0701 04
   11534  O 09302026 0701 08
   12302  O 09302026 0701 07
   12724  O 09302026 0701 03
   12553  O 09302026 0701 11
   12722  O 09302026 0701 08
   11538  O 09302026 0701 07
   12791  O 09302026 0701 04
   12138  O 09302026 0701 03
   12726  O 09302026 0701 11
   01320  O 09302026 0701 12
   12657  I 09302026 0701 01
   10847  O 09302026 0701 08
   12743  O 09302026 0701 07
   12530  O 09302026 0702 04
   03148  O 09302026 0702 03
   12667  O 09302026 0702 04
   10285  O 09302026 0702 07
   12763  O 09302026 0702 04
   10607  O 09302026 0702 03
   12353  O 09302026 0702 07
   12938  O 09302026 0702 12
   03122  O 09302026 0702 07
   12818  O 09302026 0702 03
   12846  O 09302026 0702 11
   12673  O 09302026 0702 12
   10500  O 09302026 0702 07
   12650  O 09302026 0702 12
   12413  O 09302026 0702 08
   12688  I 09302026 0702 06
   12255  O 09302026 0702 07
   12816  O 09302026 0702 03
   12642  O 09302026 0702 12
   12764  I 09302026 0702 06
   11942  O 09302026 0702 08
   12085  O 09302026 0702 03
   01511  I 09302026 0702 01
   12682  O 09302026 0702 12
   12629  O 09302026 0702 07
   12142  O 09302026 0702 08
   12809  O 09302026 0702 11
   10490  O 09302026 0702 07
   01425  O 09302026 0702 12
   12869  O 09302026 0702 11
   11286  O 09302026 0702 04
   10146  O 09302026 0702 08
   10573  O 09302026 0702 07
   01302  O 09302026 0702 03
   10576  O 09302026 0702 04
   12612  O 09302026 0703 03
   12861  I 09302026 0703 06
   10240  O 09302026 0703 04
   11940  O 09302026 0703 03
   11776  O 09302026 0703 08
   01351  O 09302026 0703 12
   12248  O 09302026 0703 04
   01448  O 09302026 0703 03
   01367  O 09302026 0703 07
   10232  O 09302026 0703 03
   10808  O 09302026 0703 08
   10642  O 09302026 0703 07
   12623  O 09302026 0703 03
   03062  O 09302026 0703 12
   10604  O 09302026 0703 03
   10606  O 09302026 0703 04
   10574  O 09302026 0703 12
   12096  O 09302026 0703 03
   12350  O 09302026 0703 04
   12742  O 09302026 0703 03
   12433  O 09302026 0703 04
   12372  O 09302026 0703 03
   11402  O 09302026 0703 07
   10658  O 09302026 0703 14
   12663  O 09302026 0703 08
   11787  O 09302026 0703 11
   10817  O 09302026 0703 03
   12545  O 09302026 0704 03
   10145  O 09302026 0704 04
   01428  O 09302026 0704 07
   12755  O 09302026 0704 03
   12021  O 09302026 0704 14
   12737  I 09302026 0704 01
   12670  O 09302026 0704 04
   12503  O 09302026 0704 03
   01396  I 09302026 0704 05
   12614  O 09302026 0704 03
   12500  I 09302026 0704 02
   12122  O 09302026 0704 08
   12337  O 09302026 0704 03
   12855  O 09302026 0704 04
   12926  O 09302026 0704 03
   12266  O 09302026 0704 04
   12877  I 09302026 0704 01
   10675  O 09302026 0705 03
   10712  I 09302026 0705 06
   12701  O 09302026 0705 03
   01373  O 09302026 0705 08
   11387  O 09302026 0705 07
   12341  I 09302026 0705 01
   12370  O 09302026 0705 11
   11605  O 09302026 0705 11
   12653  O 09302026 0705 12
   12496  O 09302026 0705 11
   12141  I 09302026 0705 02
   12639  O 09302026 0705 12
   12640  I 09302026 0705 02
   12359  O 09302026 0705 12
   11943  I 09302026 0706 01
   12874  I 09302026 0706 01
   12886  I 09302026 0706 02
   12471  O 09302026 0706 07
   10055  I 09302026 0706 01
   12717  I 09302026 0707 05
   12624  I 09302026 0707 02
   12355  O 09302026 0707 03
   12151  I 09302026 0707 01
   01356  O 09302026 0707 03
   10405  O 09302026 0707 11
   12919  O 09302026 0707 03
   12595  O 09302026 0707 12
   01446  O 09302026 0708 11
   03027  O 09302026 0708 07
   12375  O 09302026 0708 07
   12128  O 09302026 0708 12
   12810  O 09302026 0709 11
   12827  O 09302026 0709 03
   12208  O 09302026 0709 12
   12230  O 09302026 0709 07
   12189  O 09302026 0710 11
   10264  O 09302026 0710 12
   12349  O 09302026 0710 03
   12147  O 09302026 0710 04
   03152  O 09302026 0712 07
   10705  O 09302026 0712 11
   12180  O 09302026 0714 08
   03078  O 09302026 0714 07
   11494  O 09302026 0714 11
   11390  O 09302026 0714 08
   12472  O 09302026 0715 11
   01369  I 09302026 0716 01
   11250  O 09302026 0716 12
   12329  O 09302026 0717 04
   01483  O 09302026 0717 08
   10140  O 09302026 0717 12
   12645  I 09302026 0719 05
   03017  O 09302026 0719 11
   12153  O 09302026 0720 03
   12371  O 09302026 0721 08
   03103  O 09302026 0721 04
   03088  I 09302026 0721 01
   01459  O 09302026 0722 12
   12546  O 09302026 0731 12
   01413  O 09302026 0734 12
   01365  O 09302026 0740 08
   10026  O 09302026 0741 08
   12291  O 09302026 0742 03
   01512  O 09302026 0822 12
   10608  O 09302026 0823 12
   12188  I 09302026 0948 01
   10830  I 09302026 1050 01
   10706  I 09302026 1225 05
   10047  I 09302026 1257 01
   10369  I 09302026 1323 05
   12497  I 09302026 1325 01
   12089  I 09302026 1327 05
   12727  I 09302026 1330 06
   03029  I 09302026 1333 06
   11605  I 09302026 1344 05
   12676  I 09302026 1344 05
   01249  I 09302026 1346 05
   12192  I 09302026 1350 05
   10083  I 09302026 1351 06
   01333  I 09302026 1351 05
   12392  I 09302026 1351 05
   10456  I 09302026 1354 05
   12679  I 09302026 1354 05
   11765  I 09302026 1355 06
   10224  I 09302026 1358 05
   12583  I 09302026 1402 06
   12148  I 09302026 1402 01
   12582  I 09302026 1402 05
   10356  I 09302026 1402 05
   10287  I 09302026 1403 06
   12475  I 09302026 1404 06
   12760  I 09302026 1407 02
   12700  I 09302026 1407 01
   12831  I 09302026 1407 02
   03123  I 09302026 1407 06
   10201  I 09302026 1409 05
   03119  I 09302026 1409 06
   12844  I 09302026 1409 02
   12901  I 09302026 1409 06
   12821  I 09302026 1409 05
   12539  I 09302026 1409 06
   12887  I 09302026 1410 05
   01317  I 09302026 1411 02
   11169  I 09302026 1412 05
   11652  I 09302026 1412 01
   01320  I 09302026 1412 06
   12664  I 09302026 1413 06
   12433  I 09302026 1413 01
   10807  I 09302026 1413 01
   12072  I 09302026 1414 05
   12856  I 09302026 1414 01
   12948  I 09302026 1414 01
   12712  I 09302026 1414 05
   12561  I 09302026 1414 02
   12947  I 09302026 1415 02
   12056  I 09302026 1417 01
   12756  I 09302026 1418 06
   12644  I 09302026 1418 06
   12832  I 09302026 1420 01
   12930  I 09302026 1420 02
   12843  I 09302026 1420 01
   12723  I 09302026 1421 01
   12135  I 09302026 1422 02
   12761  I 09302026 1422 01
   12897  I 09302026 1422 01
   12140  I 09302026 1422 06
   12637  I 09302026 1422 06
   11266  I 09302026 1423 05
   12698  I 09302026 1424 02
   12783  I 09302026 1424 05
   03012  I 09302026 1425 06
   01330  I 09302026 1425 06
   11498  I 09302026 1425 05
   12625  I 09302026 1426 06
   10184  I 09302026 1426 06
   12576  I 09302026 1426 06
   12668  I 09302026 1428 01
   11646  I 09302026 1428 06
   12758  I 09302026 1428 01
   12631  I 09302026 1429 06
   03124  I 09302026 1430 06
   12458  I 09302026 1430 02
   12813  I 09302026 1431 06
   11694  I 09302026 1431 06
   12334  I 09302026 1432 02
   01449  I 09302026 1433 02
   12710  I 09302026 1433 05
   10285  I 09302026 1434 06
   01492  I 09302026 1434 06
   12275  I 09302026 1435 05
   12555  I 09302026 1435 05
   11926  I 09302026 1435 05
   12944  I 09302026 1436 01
   10231  I 09302026 1436 01
   12951  I 09302026 1438 01
   12255  I 09302026 1438 05
   12146  I 09302026 1438 02
   01432  I 09302026 1438 05
   01499  I 09302026 1438 02
   12499  O 09302026 1438 03
   12499  I 09302026 1438 02
   12247  I 09302026 1438 05
   12793  I 09302026 1439 01
   10697  I 09302026 1439 05
   12894  I 09302026 1439 05
   12356  I 09302026 1440 02
   12639  I 09302026 1440 05
   03136  I 09302026 1440 01
   12082  I 09302026 1442 06
   12116  I 09302026 1442 06
   12543  I 09302026 1444 01
   12609  I 09302026 1444 05
   12763  I 09302026 1445 02
   11724  I 09302026 1445 01
   10606  I 09302026 1445 01
   12816  I 09302026 1445 02
   11537  I 09302026 1446 06
   12067  I 09302026 1446 05
   10581  I 09302026 1446 05
   12557  I 09302026 1447 02
   11495  I 09302026 1447 02
   12662  I 09302026 1447 02
   12299  I 09302026 1448 05
   10669  I 09302026 1448 02
   11789  I 09302026 1448 06
   11687  I 09302026 1449 01
   11647  I 09302026 1449 05
   10245  I 09302026 1449 01
   12729  I 09302026 1449 05
   12926  I 09302026 1449 05
   03159  I 09302026 1449 06
   10469  I 09302026 1450 02
   12556  I 09302026 1450 01
   12569  I 09302026 1450 05
   12841  I 09302026 1450 01
   11387  I 09302026 1451 05
   01382  I 09302026 1451 05
   12614  I 09302026 1451 01
   12665  I 09302026 1451 02
   01510  I 09302026 1452 02
   11945  I 09302026 1452 05
   01296  I 09302026 1452 02
   12059  I 09302026 1453 02
   11168  I 09302026 1454 05
   10794  I 09302026 1454 06
   10700  I 09302026 1454 06
   10490  I 09302026 1454 06
   12738  I 09302026 1454 01
   12153  I 09302026 1455 01
   12241  I 09302026 1455 02
   12412  I 09302026 1455 06
   12238  I 09302026 1455 05
   12415  I 09302026 1455 06
   12076  I 09302026 1455 01
   12949  I 09302026 1456 01
   12098  I 09302026 1456 02
   01405  I 09302026 1456 01
   03001  I 09302026 1456 05
   03102  I 09302026 1457 01
   12164  I 09302026 1457 02
   12248  I 09302026 1458 02
   03161  I 09302026 1458 01
   12149  O 09302026 1500 08
   10169  O 09302026 1500 11
   10333  O 09302026 1500 07
   12531  O 09302026 1500 03
   12622  O 09302026 1500 04
   10839  O 09302026 1500 08
   10811  O 09302026 1500 07
   12732  O 09302026 1500 11
   12130  O 09302026 1500 03
   12307  O 09302026 1500 12
   12184  O 09302026 1500 14
   01402  O 09302026 1500 08
   12357  O 09302026 1500 04
   10705  I 09302026 1500 06
   12669  O 09302026 1500 07
   12456  O 09302026 1500 03
   10070  O 09302026 1500 12
   12812  O 09302026 1500 11
   01481  O 09302026 1500 08
   12601  O 09302026 1500 04
   12847  O 09302026 1500 03
   10291  O 09302026 1500 07
   10358  O 09302026 1500 11
   01471  O 09302026 1500 08
   12396  O 09302026 1500 03
   12558  O 09302026 1500 04
   11400  O 09302026 1500 11
   01335  O 09302026 1500 07
   01357  O 09302026 1500 08
   12302  I 09302026 1500 01
   12538  O 09302026 1500 03
   12540  O 09302026 1500 04
   03059  O 09302026 1500 08
   10148  I 09302026 1500 06
   10795  O 09302026 1500 07
   12578  O 09302026 1500 03
   01396  O 09302026 1500 08
   12156  O 09302026 1500 04
   10787  O 09302026 1500 07
   10306  O 09302026 1500 03
   10505  O 09302026 1500 08
   03018  O 09302026 1500 07
   12627  O 09302026 1500 11
   12786  O 09302026 1500 04
   10522  O 09302026 1500 08
   10222  O 09302026 1500 07
   10698  O 09302026 1500 03
   12293  O 09302026 1501 07
   12222  O 09302026 1501 08
   12823  O 09302026 1501 04
   12342  O 09302026 1501 12
   10054  O 09302026 1501 04
   12824  O 09302026 1501 03
   12808  O 09302026 1501 07
   12632  O 09302026 1501 08
   11392  O 09302026 1501 07
   12822  O 09302026 1501 03
   12568  O 09302026 1501 12
   12804  O 09302026 1501 04
   12069  O 09302026 1501 11
   12920  O 09302026 1501 03
   10788  O 09302026 1501 07
   10091  O 09302026 1501 08
   12594  O 09302026 1501 12
   12057  O 09302026 1501 03
   10766  O 09302026 1501 07
   12873  O 09302026 1501 04
   12651  O 09302026 1501 11
   10759  O 09302026 1501 08
   12133  O 09302026 1501 03
   12112  O 09302026 1501 12
   12711  O 09302026 1501 07
   12259  O 09302026 1501 08
   12185  O 09302026 1501 11
   12965  O 09302026 1501 04
   12628  O 09302026 1501 12
   10612  O 09302026 1501 14
   12871  O 09302026 1501 03
   12852  O 09302026 1501 07
   12416  O 09302026 1501 08
   12473  O 09302026 1501 14
   12256  O 09302026 1501 12
   12814  O 09302026 1501 04
   12862  O 09302026 1501 03
   10780  O 09302026 1501 08
   12289  O 09302026 1501 07
   10724  O 09302026 1501 04
   12638  O 09302026 1501 12
   12826  O 09302026 1501 03
   12354  O 09302026 1501 07
   12020  O 09302026 1501 08
   12943  O 09302026 1501 03
   10736  O 09302026 1501 04
   10696  I 09302026 1501 01
   12615  O 09302026 1501 07
   12815  O 09302026 1502 08
   11777  O 09302026 1502 07
   12689  O 09302026 1502 07
   12081  O 09302026 1502 08
   12764  O 09302026 1502 07
   12339  I 09302026 1502 01
   01433  O 09302026 1502 07
   11774  O 09302026 1502 08
   01345  O 09302026 1502 07
   12688  O 09302026 1502 07
   01231  O 09302026 1502 08
   12186  O 09302026 1502 07
   11933  O 09302026 1502 04
   10357  O 09302026 1502 08
   01379  O 09302026 1503 08
   10202  O 09302026 1503 07
   10765  O 09302026 1503 08
   03007  O 09302026 1503 11
   12162  O 09302026 1503 03
   12460  O 09302026 1503 04
   01477  O 09302026 1503 08
   03179  O 09302026 1503 07
   11936  O 09302026 1503 08
   10605  O 09302026 1503 07
   12587  O 09302026 1503 07
   12630  O 09302026 1503 08
   12785  O 09302026 1503 03
   12800  O 09302026 1503 04
   12890  O 09302026 1503 12
   12927  O 09302026 1503 03
   03172  O 09302026 1503 08
   12113  O 09302026 1504 11
   12802  O 09302026 1504 03
   03108  O 09302026 1504 11
   10261  O 09302026 1504 12
   11768  O 09302026 1504 08
   11928  O 09302026 1504 08
   01423  O 09302026 1504 11
   12853  O 09302026 1504 12
   12544  O 09302026 1505 11
   01369  O 09302026 1505 03
   12221  O 09302026 1506 12
   10350  O 09302026 1506 12
   12306  O 09302026 1506 07
   12674  O 09302026 1506 12
   12666  I 09302026 1506 02
   03026  O 09302026 1506 11
   10849  O 09302026 1506 03
   03058  O 09302026 1506 07
   10640  I 09302026 1507 01
   12131  O 09302026 1507 04
   10831  O 09302026 1507 12
   10407  O 09302026 1507 11
   10378  O 09302026 1507 04
   11398  O 09302026 1507 08
   01495  O 09302026 1507 12
   01339  O 09302026 1508 12
   09823  O 09302026 1508 11
   01504  O 09302026 1508 04
   11726  O 09302026 1508 03
   01339  I 09302026 1508 10
   12845  O 09302026 1509 12
   01454  O 09302026 1509 08
   01339  O 09302026 1509 12
   09833  O 09302026 1509 11
   10334  O 09302026 1509 08
   12889  O 09302026 1509 04
   12699  O 09302026 1509 03
   11222  O 09302026 1510 04
   12754  O 09302026 1510 07
   12946  O 09302026 1510 11
   03148  I 09302026 1510 02
   01422  O 09302026 1510 07
   12463  O 09302026 1511 12
   12066  O 09302026 1511 14
   10425  O 09302026 1512 03
   09704  O 09302026 1512 08
   10786  O 09302026 1513 08
   10050  O 09302026 1513 04
   11223  O 09302026 1514 08
   11166  O 09302026 1514 04
   01511  O 09302026 1514 03
   10094  O 09302026 1514 03
   11719  O 09302026 1514 04
   11519  O 09302026 1516 07
   12741  O 09302026 1516 08
   12488  O 09302026 1516 14
   10373  O 09302026 1517 12
   12115  O 09302026 1517 03
   12373  O 09302026 1520 03
   10726  I 09302026 1522 05
   11946  O 09302026 1522 07
   01341  I 09302026 1523 01
   01266  O 09302026 1525 08
   01479  O 09302026 1529 04
   01374  O 09302026 1530 04
   12489  I 09302026 1531 02
   12861  O 09302026 1533 12
   01417  O 09302026 1535 12
   12640  O 09302026 1602 08
   10449  O 09302026 1700 14
   10841  O 09302026 1700 14
   01415  O 09302026 1700 14
   12305  O 09302026 1701 08
   12805  O 09302026 1701 07
   11690  O 09302026 1703 04
   10055  O 09302026 1705 14
   10466  O 09302026 1709 11
   12368  O 09302026 1711 11
   10712  O 09302026 1720 07
   10796  O 09302026 1731 07
   10809  I 09302026 1744 05
   01234  I 09302026 1750 01
   12451  O 09302026 1800 03
   12439  O 09302026 1800 04
   03151  O 09302026 1800 04
   12191  O 09302026 1800 07
   12717  O 09302026 1800 07
   12128  I 09302026 1803 06
   12595  I 09302026 1809 06
   12532  I 09302026 1825 05
   01487  I 09302026 1828 02
   12502  I 09302026 1833 06
   01356  I 09302026 1835 01
   12123  I 09302026 1838 10
   12650  I 09302026 1838 05
   12375  I 09302026 1838 01
   10232  I 09302026 1839 01
   10264  I 09302026 1839 06
   12350  I 09302026 1843 01
   12762  I 09302026 1845 01
   12755  I 09302026 1846 01
   12670  I 09302026 1847 01
   12791  I 09302026 1847 02
   12372  I 09302026 1851 02
   12501  I 09302026 1853 06
   12798  I 09302026 1854 02
   12736  I 09302026 1854 05
   12291  I 09302026 1855 01
   12742  I 09302026 1858 01
   12230  I 09302026 1858 01
   01448  I 09302026 1859 02
   12383  O 09302026 1900 04
   11496  O 09302026 1900 12
   12854  O 09302026 1900 03
   12672  O 09302026 1900 04
   12657  O 09302026 1900 03
   12260  O 09302026 1900 11
   12693  O 09302026 1900 03
   11408  O 09302026 1900 03
   12317  O 09302026 1900 03
   12694  O 09302026 1900 03
   03088  O 09302026 1900 04
   10234  O 09302026 1900 03
   12757  O 09302026 1900 11
   01475  O 09302026 1900 04
   10221  O 09302026 1900 03
   12376  O 09302026 1901 03
   10588  O 09302026 1901 12
   12374  O 09302026 1901 03
   12735  O 09302026 1901 11
   10785  O 09302026 1901 12
   12500  O 09302026 1901 03
   12780  O 09302026 1902 12
   12249  O 09302026 1902 12
   09676  O 09302026 1902 04
   11692  O 09302026 1902 08
   01452  O 09302026 1902 07
   12246  O 09302026 1903 08
   01295  O 09302026 1903 07
   10585  O 09302026 1903 04
   12074  O 09302026 1903 04
   12878  O 09302026 1904 03
   12467  O 09302026 1904 12
   10573  I 09302026 1904 02
   12125  O 09302026 1907 07
   11411  O 09302026 1909 03
   12792  O 09302026 1909 04
   12390  O 09302026 1914 04
   12790  O 09302026 1917 03
   10663  O 09302026 1922 08
   12085  I 09302026 1941 02
   12828  I 09302026 1953 01
   12799  O 09302026 2000 04
   11784  O 09302026 2004 14
   03167  O 09302026 2004 14
   11493  O 09302026 2030 14
   12724  I 09302026 2032 05
   12851  O 09302026 2100 12
   12737  O 09302026 2101 12
   10199  O 09302026 2101 12
   03061  O 09302026 2103 12
   10642  I 09302026 2103 05
   12141  O 09302026 2104 04
   12224  I 09302026 2105 05
   12187  O 09302026 2107 12
   12325  O 09302026 2117 11
   12759  I 09302026 2120 06
   12341  O 09302026 2124 12
   12678  I 09302026 2127 06
   12898  I 09302026 2131 02
   12950  I 09302026 2132 06
   12963  I 09302026 2133 06
   12084  O 09302026 2133 03
   12205  I 09302026 2141 01
   03122  I 09302026 2143 06
   10847  I 09302026 2143 05
   12718  I 09302026 2145 05
   12924  I 09302026 2151 06
   03053  I 09302026 2151 05
   12413  I 09302026 2159 05
   12208  I 09302026 2200 05
   11688  O 09302026 2200 08
   11607  I 09302026 2202 01
   11355  O 09302026 2203 07
   11943  O 09302026 2203 08
   12929  I 09302026 2203 01
   10604  I 09302026 2203 01
   10673  I 09302026 2204 05
   12810  I 09302026 2207 05
   01413  I 09302026 2207 06
   12397  I 09302026 2208 02
   12673  I 09302026 2209 05
   12938  I 09302026 2213 06
   11538  I 09302026 2214 05
   12807  I 09302026 2215 06
   01344  I 09302026 2216 05
   11250  I 09302026 2216 06
   12461  I 09302026 2217 05
   12530  I 09302026 2218 02
   12647  I 09302026 2219 01
   11390  I 09302026 2219 06
   12840  I 09302026 2219 05
   12849  I 09302026 2219 05
   10775  I 09302026 2220 06
   12809  I 09302026 2221 05
   12957  I 09302026 2222 01
   12872  I 09302026 2222 02
   03112  I 09302026 2222 06
   01327  I 09302026 2222 01
   10140  I 09302026 2223 05
   10146  I 09302026 2225 05
   03168  I 09302026 2226 06
   12353  I 09302026 2227 05
   10240  I 09302026 2229 05
   01302  I 09302026 2229 06
   03027  I 09302026 2229 05
   11940  I 09302026 2229 06
   12731  I 09302026 2230 05
   12476  I 09302026 2231 02
   12863  I 09302026 2231 01
   12355  I 09302026 2232 02
   12612  I 09302026 2232 02
   10309  I 09302026 2232 06
   10641  I 09302026 2232 05
   12180  I 09302026 2232 06
   12486  I 09302026 2235 06
   10607  I 09302026 2236 01
   12546  I 09302026 2236 06
   10791  I 09302026 2236 02
   12682  I 09302026 2236 05
   12236  I 09302026 2237 06
   10675  I 09302026 2237 01
   10223  I 09302026 2237 05
   12663  I 09302026 2238 06
   12553  I 09302026 2238 05
   11402  I 09302026 2238 05
   01446  I 09302026 2238 05
   12472  I 09302026 2238 06
   11787  I 09302026 2238 06
   12642  I 09302026 2239 06
   12743  I 09302026 2239 05
   01470  I 09302026 2239 05
   12726  I 09302026 2239 05
   12142  I 09302026 2239 06
   11776  I 09302026 2240 05
   12217  I 09302026 2240 02
   03078  I 09302026 2240 06
   12701  I 09302026 2240 01
   12496  I 09302026 2240 06
   03017  I 09302026 2240 05
   10243  I 09302026 2240 02
   10318  I 09302026 2240 01
   03152  I 09302026 2240 02
   10026  I 09302026 2241 05
   12189  I 09302026 2241 05
   03037  I 09302026 2241 06
   11937  I 09302026 2241 06
   10825  I 09302026 2241 06
   12138  I 09302026 2241 02
   11534  I 09302026 2241 06
   12266  I 09302026 2242 02
   11848  I 09302026 2242 06
   12503  I 09302026 2242 06
   12858  I 09302026 2243 05
   12206  I 09302026 2243 01
   12855  I 09302026 2243 02
   12417  I 09302026 2243 06
   12485  I 09302026 2243 05
   12629  I 09302026 2244 05
   11221  I 09302026 2244 01
   11780  I 09302026 2244 06
   03030  I 09302026 2245 02
   12610  I 09302026 2245 06
   12359  I 09302026 2245 01
   12818  I 09302026 2245 01
   12090  I 09302026 2245 06
   11772  I 09302026 2246 05
   12349  I 09302026 2246 01
   12919  I 09302026 2246 02
   12298  I 09302026 2246 05
   12827  I 09302026 2246 01
   01373  I 09302026 2247 05
   12598  I 09302026 2247 05
   12049  I 09302026 2247 05
   11942  I 09302026 2247 05
   03104  I 09302026 2248 02
   12471  I 09302026 2248 02
   12244  I 09302026 2248 01
   10808  I 09302026 2248 06
   12021  I 09302026 2249 02
   12122  I 09302026 2250 06
   10608  I 09302026 2250 01
   03080  I 09302026 2250 06
   12720  I 09302026 2250 05
   03103  I 09302026 2250 02
   11494  I 09302026 2251 06
   12545  I 09302026 2252 01
   03032  I 09302026 2252 02
   12961  I 09302026 2252 06
   11650  I 09302026 2253 01
   12237  I 09302026 2254 05
   10500  I 09302026 2254 06
   12820  I 09302026 2255 05
   10658  I 09302026 2255 05
   12337  I 09302026 2255 01
   11879  I 09302026 2255 06
   10574  I 09302026 2255 05
   12371  I 09302026 2256 05
   12846  I 09302026 2257 05
   11286  I 09302026 2257 05
   12667  I 09302026 2259 01
   01367  I 09302026 2259 06
   01249  O 09302026 2300 11
   10285  O 09302026 2300 08
   10201  O 09302026 2300 07
   03123  O 09302026 2300 12
   12756  O 09302026 2300 11
   10754  O 09302026 2300 14
   12662  O 09302026 2300 04
   12700  O 09302026 2300 03
   10490  O 09302026 2300 07
   12080  O 09302026 2300 11
   10310  O 09302026 2300 12
   12056  O 09302026 2300 08
   12692  O 09302026 2300 03
   12146  O 09302026 2300 04
   11694  O 09302026 2300 07
   12710  O 09302026 2300 11
   12539  O 09302026 2300 12
   12097  O 09302026 2300 08
   12561  O 09302026 2300 03
   11498  O 09302026 2300 11
   12637  O 09302026 2300 12
   03012  O 09302026 2300 07
   12832  O 09302026 2300 04
   03047  O 09302026 2300 08
   03029  O 09302026 2300 12
   10706  O 09302026 2300 11
   10807  O 09302026 2300 03
   12664  O 09302026 2300 07
   12729  O 09302026 2300 11
   12887  O 09302026 2300 03
   12843  O 09302026 2300 04
   10609  O 09302026 2300 12
   11537  O 09302026 2300 08
   10794  O 09302026 2300 07
   12727  O 09302026 2300 11
   01330  O 09302026 2300 04
   12089  O 09302026 2300 11
   12930  O 09302026 2300 03
   10830  O 09302026 2300 07
   12645  O 09302026 2300 11
   12698  O 09302026 2300 03
   12679  O 09302026 2300 12
   10469  O 09302026 2300 04
   12625  O 09302026 2300 07
   12712  O 09302026 2300 03
   12556  O 09302026 2300 04
   03010  O 09302026 2300 08
   12644  O 09302026 2300 07
   12576  O 09302026 2300 04
   10386  O 09302026 2300 03
   12753  O 09302026 2300 08
   12188  O 09302026 2301 03
   10669  O 09302026 2301 04
   12783  O 09302026 2301 07
   10697  O 09302026 2301 11
   12059  O 09302026 2301 04
   12793  O 09302026 2301 03
   12614  O 09302026 2301 04
   12951  O 09302026 2301 03
   01333  O 09302026 2301 12
   12457  O 09302026 2301 07
   12825  O 09302026 2301 04
   10640  O 09302026 2301 03
   10720  O 09302026 2301 11
   12725  O 09302026 2301 04
   12098  O 09302026 2301 07
   03119  O 09302026 2301 11
   10083  O 09302026 2301 08
   12897  O 09302026 2301 03
   12497  O 09302026 2301 04
   12247  O 09302026 2301 11
   12356  O 09302026 2301 03
   12722  I 09302026 2301 02
   12695  O 09302026 2301 04
   12192  O 09302026 2301 07
   12140  O 09302026 2301 08
   12238  O 09302026 2301 11
   12392  O 09302026 2301 03
   03120  O 09302026 2301 11
   12557  O 09302026 2301 07
   12813  O 09302026 2301 08
   10245  O 09302026 2301 03
   12888  O 09302026 2301 07
   10356  O 09302026 2302 08
   10231  O 09302026 2302 04
   12582  O 09302026 2302 07
   01510  O 09302026 2302 03
   12462  O 09302026 2302 12
   12716  O 09302026 2302 08
   03173  O 09302026 2302 04
   11725  O 09302026 2302 03
   01405  O 09302026 2302 07
   12489  O 09302026 2302 08
   12058  O 09302026 2302 03
   10726  O 09302026 2302 03
   10696  O 09302026 2302 08
   11647  O 09302026 2302 07
   12623  I 09302026 2302 02
   03077  O 09302026 2302 03
   11168  O 09302026 2302 12
   10177  O 09302026 2302 03
   11266  O 09302026 2302 11
   03102  O 09302026 2302 08
   12275  O 09302026 2302 07
   12948  O 09302026 2302 03
   10598  O 09302026 2302 04
   10384  O 09302026 2302 07
   10456  O 09302026 2302 08
   10581  O 09302026 2302 04
   12844  O 09302026 2302 03
   12543  O 09302026 2302 04
   12761  O 09302026 2302 03
   12903  O 09302026 2303 03
   11945  O 09302026 2303 12
   11495  O 09302026 2303 04
   12067  O 09302026 2303 08
   12241  O 09302026 2303 04
   12760  O 09302026 2303 04
   01296  O 09302026 2303 14
   12072  O 09302026 2303 03
   12831  O 09302026 2303 07
   12856  O 09302026 2303 03
   12151  O 09302026 2303 04
   10145  I 09302026 2303 01
   10148  O 09302026 2303 07
   10617  O 09302026 2303 03
   12877  O 09302026 2303 04
   12096  I 09302026 2303 02
   12153  O 09302026 2303 03
   11926  O 09302026 2303 11
   12135  O 09302026 2303 04
   03136  O 09302026 2303 03
   10467  O 09302026 2304 04
   10817  I 09302026 2304 01
   11652  O 09302026 2304 04
   12164  O 09302026 2304 03
   10046  O 09302026 2304 03
   12631  O 09302026 2304 11
   12665  O 09302026 2304 03
   01317  O 09302026 2304 12
   10184  O 09302026 2304 04
   11267  O 09302026 2304 03
   12886  O 09302026 2304 04
   12676  O 09302026 2304 11
   12763  O 09302026 2304 03
   12874  O 09302026 2305 04
   12147  I 09302026 2305 02
   12841  O 09302026 2305 03
   12947  O 09302026 2305 03
   10383  O 09302026 2305 11
   12758  O 09302026 2305 03
   12076  O 09302026 2305 03
   12204  O 09302026 2305 04
   10073  O 09302026 2305 11
   03161  O 09302026 2305 03
   12624  O 09302026 2305 04
   03159  O 09302026 2305 11
   12652  O 09302026 2305 12
   12611  O 09302026 2306 03
   03098  O 09302026 2306 07
   12555  O 09302026 2307 07
   03141  O 09302026 2307 12
   03126  O 09302026 2307 03
   12706  O 09302026 2307 08
   12116  O 09302026 2307 07
   12819  O 09302026 2307 08
   12199  I 09302026 2307 02
   12738  O 09302026 2307 03
   10369  O 09302026 2308 12
   12183  O 09302026 2308 11
   11935  O 09302026 2308 11
   11789  O 09302026 2308 07
   12499  O 09302026 2308 03
   03124  O 09302026 2309 03
   12723  O 09302026 2310 11
   12666  O 09302026 2310 04
   12458  O 09302026 2311 03
   10606  O 09302026 2313 03
   01499  O 09302026 2316 08
   12248  O 09302026 2316 03
   03135  O 09302026 2318 04
   01432  O 09302026 2320 08
   12569  O 09302026 2321 12
   12334  O 09302026 2323 12
   01382  O 09302026 2324 08
   01449  O 09302026 2325 08
   12690  O 09302026 2326 08
   11687  O 09302026 2326 03
   12088  O 09302026 2331 12
