   01454  I 08312026 0508 01
   11690  I 08312026 0529 05
   12307  I 08312026 0552 06
   12532  I 08312026 0605 05
   12890  I 08312026 0605 06
   03141  I 08312026 0607 05
   11848  I 08312026 0607 06
   11493  I 08312026 0611 05
   11267  I 08312026 0612 01
   10127  I 08312026 0612 06
   01355  I 08312026 0612 05
   12291  I 08312026 0615 01
   12632  I 08312026 0616 05
   12792  I 08312026 0616 01
   12711  I 08312026 0617 06
   01481  I 08312026 0617 05
   12812  I 08312026 0619 06
   11400  I 08312026 0623 05
   12668  I 08312026 0623 01
   01339  I 08312026 0624 06
   12938  I 08312026 0624 06
   10021  I 08312026 0624 05
   12692  I 08312026 0624 02
   10847  I 08312026 0625 05
   12840  I 08312026 0625 06
   01495  I 08312026 0625 05
   12627  I 08312026 0626 06
   03152  I 08312026 0627 02
   11498  I 08312026 0627 05
   12854  I 08312026 0628 06
   10425  I 08312026 0628 02
   11936  I 08312026 0629 06
   10720  I 08312026 0630 05
   11250  I 08312026 0630 06
   03035  I 08312026 0631 05
   10605  I 08312026 0634 06
   10054  I 08312026 0634 01
   12376  I 08312026 0634 02
   10607  I 08312026 0634 01
   12693  I 08312026 0635 06
   12829  I 08312026 0636 02
   10754  I 08312026 0636 06
   12066  I 08312026 0636 06
   10697  I 08312026 0636 05
   12374  I 08312026 0637 01
   12674  I 08312026 0637 06
   10786  I 08312026 0638 05
   12810  I 08312026 0638 06
   12732  I 08312026 0638 06
   12669  I 08312026 0638 05
   03104  I 08312026 0638 06
   01356  I 08312026 0639 01
   03027  I 08312026 0639 05
   12804  I 08312026 0639 01
   12069  I 08312026 0639 06
   12578  I 08312026 0639 02
   11787  I 08312026 0639 06
   01446  I 08312026 0639 05
   12183  I 08312026 0639 06
   10611  I 08312026 0640 09
   12926  I 08312026 0640 05
   11724  I 08312026 0640 01
   11402  I 08312026 0640 05
   12128  I 08312026 0640 06
   12488  I 08312026 0641 06
   10070  I 08312026 0641 05
   10759  I 08312026 0641 06
   12663  I 08312026 0641 06
   12217  I 08312026 0641 01
   10050  I 08312026 0642 02
   12191  I 08312026 0643 02
   12084  I 08312026 0643 01
   11387  I 08312026 0643 05
   10827  I 08312026 0643 01
   12080  I 08312026 0643 06
   11166  I 08312026 0644 01
   12082  I 08312026 0645 06
   12486  I 08312026 0645 06
   03151  I 08312026 0645 01
   11937  I 08312026 0645 06
   12439  I 08312026 0645 02
   01504  I 08312026 0646 02
   10071  I 08312026 0647 05
   12762  I 08312026 0647 01
   12409  I 08312026 0647 06
   12805  I 08312026 0648 05
   11879  I 08312026 0648 06
   10261  I 08312026 0649 05
   12638  I 08312026 0649 06
   10073  I 08312026 0649 05
   12208  I 08312026 0649 05
   10449  I 08312026 0649 05
   12260  I 08312026 0649 06
   10026  I 08312026 0650 06
   10588  I 08312026 0650 05
   12855  I 08312026 0650 02
   12206  I 08312026 0650 01
   12761  I 08312026 0650 02
   12222  I 08312026 0650 05
   10585  I 08312026 0650 01
   12539  I 08312026 0650 06
   11784  I 08312026 0651 06
   10604  I 08312026 0652 01
   01415  I 08312026 0652 05
   12584  I 08312026 0652 05
   12156  I 08312026 0652 06
   01510  I 08312026 0653 02
   11286  I 08312026 0653 01
   11494  I 08312026 0653 06
   10669  I 08312026 0653 02
   12254  I 08312026 0653 06
   12349  I 08312026 0653 01
   12820  I 08312026 0654 06
   12451  I 08312026 0654 02
   10574  I 08312026 0654 05
   12569  I 08312026 0655 05
   12790  I 08312026 0656 01
   12474  I 08312026 0656 05
   12657  I 08312026 0656 02
   12670  I 08312026 0656 01
   12577  I 08312026 0656 01
   11943  I 08312026 0656 05
   10712  I 08312026 0656 06
   12803  I 08312026 0657 01
   11719  I 08312026 0657 02
   12742  I 08312026 0657 01
   11408  I 08312026 0657 02
   11767  I 08312026 0657 05
   12545  I 08312026 0657 01
   10407  I 08312026 0658 05
   01232  I 08312026 0658 06
   11496  I 08312026 0658 01
   12699  I 08312026 0659 01
   12122  I 08312026 0659 02
   11650  I 08312026 0659 01
   01499  I 08312026 0659 05
   03058  I 08312026 0659 06
   10350  I 08312026 0659 02
   10796  I 08312026 0659 01
   11789  I 08312026 0659 06
   10817  I 08312026 0659 01
   12059  I 08312026 0659 01
   11522  I 08312026 0700 02
   10333  O 08312026 0700 07
   10466  I 08312026 0700 01
   12188  O 08312026 0700 03
   12473  O 08312026 0700 08
   12475  O 08312026 0700 07
   01487  O 08312026 0700 03
   12672  O 08312026 0700 04
   12097  I 08312026 0700 01
   03012  O 08312026 0700 08
   12698  O 08312026 0700 03
   03182  O 08312026 0700 07
   12667  I 08312026 0700 01
   12622  O 08312026 0700 04
   12085  I 08312026 0700 02
   10581  O 08312026 0700 08
   12293  I 08312026 0700 05
   01475  O 08312026 0700 04
   10617  O 08312026 0700 07
   12666  O 08312026 0700 04
   03047  O 08312026 0700 07
   10573  I 08312026 0700 01
   12783  O 08312026 0700 12
   01319  O 08312026 0700 03
   01330  O 08312026 0700 04
   12094  O 08312026 0700 04
   12096  I 08312026 0700 02
   10589  O 08312026 0700 07
   01374  I 08312026 0700 01
   11248  O 08312026 0700 11
   12501  O 08312026 0700 07
   12679  O 08312026 0701 12
   10698  O 08312026 0701 08
   12727  O 08312026 0701 11
   12730  O 08312026 0701 12
   12057  O 08312026 0701 03
   11652  O 08312026 0701 04
   12370  O 08312026 0701 12
   10201  O 08312026 0701 11
   12460  O 08312026 0701 03
   12224  O 08312026 0701 12
   12620  O 08312026 0701 11
   01306  O 08312026 0701 12
   03167  O 08312026 0701 14
   12799  O 08312026 0701 03
   11266  O 08312026 0701 11
   03102  O 08312026 0701 08
   10612  O 08312026 0701 14
   12487  O 08312026 0701 12
   12074  O 08312026 0701 04
   10697  O 08312026 0701 11
   10849  O 08312026 0701 03
   10780  O 08312026 0701 12
   01369  I 08312026 0701 02
   10678  O 08312026 0701 04
   12049  O 08312026 0701 14
   10369  O 08312026 0701 12
   12334  O 08312026 0701 12
   01295  O 08312026 0701 03
   01459  O 08312026 0701 12
   12337  I 08312026 0701 01
   12458  O 08312026 0701 03
   03062  O 08312026 0701 11
   10385  O 08312026 0702 07
   10201  I 08312026 0702 10
   11355  I 08312026 0702 02
   11646  O 08312026 0702 12
   12135  O 08312026 0702 04
   11688  O 08312026 0702 07
   12721  O 08312026 0702 08
   12945  O 08312026 0702 12
   10378  I 08312026 0702 01
   10133  O 08312026 0702 12
   10245  O 08312026 0702 03
   12375  O 08312026 0702 12
   03068  O 08312026 0703 04
   10383  O 08312026 0703 11
   12463  O 08312026 0703 12
   01249  O 08312026 0703 12
   10116  O 08312026 0703 12
   12706  I 08312026 0703 02
   12440  O 08312026 0703 07
   12687  O 08312026 0703 08
   11647  O 08312026 0703 07
   10144  O 08312026 0703 08
   10055  I 08312026 0703 01
   10231  O 08312026 0703 03
   11519  I 08312026 0703 02
   11167  O 08312026 0703 03
   10356  O 08312026 0703 07
   12354  O 08312026 0704 08
   12582  O 08312026 0704 07
   11725  O 08312026 0704 03
   12369  I 08312026 0704 02
   12372  O 08312026 0704 04
   10148  O 08312026 0704 07
   01512  O 08312026 0704 12
   12189  O 08312026 0705 03
   11926  O 08312026 0705 11
   12368  I 08312026 0705 01
   12496  O 08312026 0705 07
   09676  O 08312026 0705 04
   11726  O 08312026 0705 03
   01425  O 08312026 0706 12
   12877  I 08312026 0706 01
   12623  I 08312026 0706 02
   12717  I 08312026 0706 01
   12021  O 08312026 0706 14
   03176  O 08312026 0706 03
   03101  I 08312026 0706 02
   03135  O 08312026 0707 03
   12131  O 08312026 0707 11
   12371  O 08312026 0707 08
   10176  O 08312026 0707 07
   01448  O 08312026 0708 03
   10640  O 08312026 0708 04
   10094  O 08312026 0708 03
   12067  O 08312026 0709 14
   10200  O 08312026 0709 11
   12489  I 08312026 0710 02
   11935  O 08312026 0711 14
   01296  O 08312026 0711 14
   12110  O 08312026 0712 04
   10843  O 08312026 0713 07
   12325  O 08312026 0714 11
   10658  O 08312026 0719 14
   11388  O 08312026 0720 08
   12546  O 08312026 0720 12
   11779  O 08312026 0725 07
   12136  O 08312026 0728 03
   01276  I 08312026 0730 02
   01276  O 08312026 0731 03
   10017  O 08312026 0731 08
   01468  O 08312026 0744 12
   12667  O 08312026 0904 03
   12670  O 08312026 1115 04
   12877  O 08312026 1116 03
   12742  O 08312026 1118 03
   12337  O 08312026 1119 03
   12623  O 08312026 1120 03
   11650  O 08312026 1122 03
   03152  O 08312026 1130 04
   03039  I 08312026 1247 05
   12081  I 08312026 1347 05
   12475  I 08312026 1354 06
   10333  I 08312026 1357 05
   01333  I 08312026 1407 05
   03098  I 08312026 1407 05
   03167  I 08312026 1407 05
   12390  I 08312026 1423 01
   01382  I 08312026 1427 05
   01423  I 08312026 1427 05
   12058  I 08312026 1428 01
   12873  I 08312026 1428 01
   10046  I 08312026 1433 02
   12904  I 08312026 1433 01
   10386  I 08312026 1434 02
   12821  I 08312026 1437 06
   12299  I 08312026 1438 05
   11926  I 08312026 1438 05
   12020  I 08312026 1439 06
   10383  I 08312026 1441 05
   12894  I 08312026 1441 06
   12710  I 08312026 1444 05
   12460  I 08312026 1445 02
   12473  I 08312026 1445 05
   12886  I 08312026 1446 02
   12874  I 08312026 1446 01
   11222  I 08312026 1447 01
   12825  I 08312026 1448 01
   10612  I 08312026 1448 13
   09676  I 08312026 1449 02
   12601  I 08312026 1450 02
   12716  I 08312026 1452 06
   12248  I 08312026 1453 02
   12184  I 08312026 1454 06
   12189  I 08312026 1455 01
   10765  I 08312026 1457 06
   01296  I 08312026 1457 13
   12669  O 08312026 1500 07
   12638  O 08312026 1500 04
   12692  O 08312026 1500 03
   12532  O 08312026 1500 11
   10847  O 08312026 1500 08
   01481  O 08312026 1500 07
   12657  O 08312026 1500 04
   10054  O 08312026 1500 03
   12254  O 08312026 1500 11
   10574  O 08312026 1500 12
   11879  O 08312026 1500 11
   11408  O 08312026 1500 03
   12208  O 08312026 1500 12
   12307  O 08312026 1500 12
   10070  O 08312026 1500 11
   12128  O 08312026 1500 11
   01232  O 08312026 1500 03
   12732  O 08312026 1500 12
   12804  O 08312026 1500 04
   11848  O 08312026 1500 11
   12632  O 08312026 1500 12
   12829  O 08312026 1500 03
   12260  O 08312026 1500 12
   12810  O 08312026 1500 11
   11250  O 08312026 1500 12
   12085  O 08312026 1500 03
   12627  O 08312026 1500 11
   10607  O 08312026 1500 04
   03104  O 08312026 1500 14
   12711  O 08312026 1500 07
   12539  O 08312026 1500 12
   11724  O 08312026 1500 03
   12854  O 08312026 1500 11
   12569  O 08312026 1500 11
   03027  O 08312026 1500 12
   12890  O 08312026 1501 11
   12206  O 08312026 1501 04
   01504  O 08312026 1501 04
   12474  O 08312026 1501 07
   11402  O 08312026 1501 11
   11494  O 08312026 1501 08
   01339  O 08312026 1501 12
   03141  O 08312026 1501 12
   10585  O 08312026 1501 04
   12706  O 08312026 1502 11
   12082  O 08312026 1502 08
   12938  O 08312026 1502 07
   12812  O 08312026 1502 08
   01356  O 08312026 1502 03
   12840  O 08312026 1502 08
   10605  O 08312026 1502 07
   11937  O 08312026 1502 08
   12761  O 08312026 1502 03
   12762  O 08312026 1502 04
   12069  O 08312026 1502 08
   10071  O 08312026 1502 12
   11936  O 08312026 1502 08
   03058  O 08312026 1502 08
   12578  O 08312026 1503 08
   01446  O 08312026 1503 08
   10720  O 08312026 1503 11
   11690  O 08312026 1503 08
   12926  O 08312026 1503 03
   12855  O 08312026 1504 04
   01510  O 08312026 1504 12
   10407  O 08312026 1504 12
   10350  O 08312026 1504 12
   10127  O 08312026 1505 12
   12674  O 08312026 1506 12
   12486  O 08312026 1506 12
   10588  O 08312026 1507 12
   12663  O 08312026 1507 11
   10201  O 08312026 1508 07
   01415  O 08312026 1508 14
   11387  O 08312026 1509 07
   10021  O 08312026 1509 12
   12409  O 08312026 1509 11
   12584  O 08312026 1510 12
   11767  O 08312026 1510 12
   10573  O 08312026 1510 03
   12349  O 08312026 1510 03
   10050  O 08312026 1511 04
   11166  O 08312026 1511 04
   12374  O 08312026 1512 03
   11400  O 08312026 1512 12
   11286  O 08312026 1513 04
   10073  O 08312026 1514 12
   12122  O 08312026 1515 08
   03035  O 08312026 1515 12
   12488  O 08312026 1515 14
   10786  O 08312026 1515 08
   11789  O 08312026 1516 08
   12803  O 08312026 1516 07
   10759  O 08312026 1516 07
   01454  O 08312026 1517 08
   10261  O 08312026 1517 11
   12291  O 08312026 1517 03
   12183  O 08312026 1518 14
   01495  O 08312026 1518 11
   01499  O 08312026 1519 08
   10026  O 08312026 1519 07
   12066  O 08312026 1519 14
   01374  O 08312026 1520 04
   12489  O 08312026 1521 12
   12805  O 08312026 1524 07
   12471  I 08312026 1541 06
   10449  O 08312026 1600 08
   01355  O 08312026 1600 03
   12376  O 08312026 1600 08
   11519  O 08312026 1605 07
   10611  O 08312026 1700 07
   10796  O 08312026 1700 04
   03151  O 08312026 1701 03
   11493  O 08312026 1703 07
   01369  O 08312026 1705 03
   11355  O 08312026 1709 08
   11943  O 08312026 1717 07
   12460  O 08312026 1743 03
   10386  O 08312026 1743 04
   12601  O 08312026 1744 03
   10046  O 08312026 1744 03
   12293  O 08312026 1800 07
   12439  O 08312026 1800 04
   12222  O 08312026 1800 08
   12191  O 08312026 1800 07
   12451  O 08312026 1802 03
   10055  O 08312026 1802 14
   12874  O 08312026 1803 04
   12886  O 08312026 1803 03
   11693  I 08312026 1809 05
   12248  O 08312026 1811 03
   10378  O 08312026 1830 04
   12501  I 08312026 1844 06
   12502  I 08312026 1850 06
   12546  I 08312026 1855 06
   12373  I 08312026 1855 01
   12375  I 08312026 1857 01
   10669  O 08312026 1900 03
   12059  O 08312026 1900 03
   12693  O 08312026 1900 04
   12369  O 08312026 1900 08
   12897  I 08312026 1900 02
   12897  O 08312026 1900 03
   12096  O 08312026 1901 03
   10604  O 08312026 1901 03
   12545  O 08312026 1901 03
   10425  O 08312026 1902 03
   12097  O 08312026 1902 04
   10817  O 08312026 1902 03
   12717  O 08312026 1902 07
   12577  O 08312026 1902 12
   12368  O 08312026 1902 11
   12370  I 08312026 1902 05
   12084  O 08312026 1904 03
   10827  O 08312026 1905 04
   11784  O 08312026 1906 14
   12790  O 08312026 1907 03
   11522  O 08312026 1907 08
   10466  O 08312026 1909 11
   11719  O 08312026 1912 04
   10712  O 08312026 1951 12
   11267  O 08312026 2008 11
   03068  I 08312026 2047 05
   12497  I 08312026 2128 01
   12371  I 08312026 2128 02
   10706  I 08312026 2145 05
   11169  I 08312026 2147 06
   10264  I 08312026 2213 06
   01432  I 08312026 2214 05
   12136  I 08312026 2215 01
   12832  I 08312026 2218 05
   12496  I 08312026 2220 06
   10083  I 08312026 2221 06
   01295  I 08312026 2222 01
   01449  I 08312026 2225 05
   12664  I 08312026 2228 06
   03062  I 08312026 2233 06
   12813  I 08312026 2234 06
   10794  I 08312026 2236 06
   12472  I 08312026 2237 06
   12625  I 08312026 2237 05
   12819  I 08312026 2237 06
   10490  I 08312026 2237 06
   12372  I 08312026 2239 02
   12098  I 08312026 2240 01
   10825  I 08312026 2240 06
   11687  I 08312026 2241 01
   12049  I 08312026 2242 06
   12951  I 08312026 2242 01
   11694  I 08312026 2243 05
   03030  I 08312026 2243 06
   12503  I 08312026 2246 06
   03124  I 08312026 2247 06
   12057  I 08312026 2249 01
   01276  I 08312026 2249 01
   10094  I 08312026 2250 02
   01365  I 08312026 2251 06
   12339  I 08312026 2253 05
   10658  I 08312026 2253 06
   12543  I 08312026 2254 01
   12298  I 08312026 2255 06
   11652  I 08312026 2255 01
   11537  I 08312026 2255 06
   12021  I 08312026 2256 01
   10133  I 08312026 2256 10
   12325  I 08312026 2256 01
   01512  I 08312026 2259 01
   10640  I 08312026 2259 01
   12710  O 08312026 2300 11
   12080  O 08312026 2300 08
   03167  O 08312026 2300 14
   11498  O 08312026 2300 12
   12081  O 08312026 2300 07
   12668  O 08312026 2300 03
   11496  O 08312026 2300 11
   11725  I 08312026 2300 01
   12716  O 08312026 2300 08
   12825  O 08312026 2300 03
   01296  O 08312026 2300 14
   10754  O 08312026 2300 14
   12058  O 08312026 2300 03
   12217  O 08312026 2300 04
   12473  O 08312026 2300 14
   10612  O 08312026 2300 14
   01456  I 08312026 2300 01
   09676  O 08312026 2300 04
   03161  I 08312026 2301 01
   12792  O 08312026 2301 03
   10765  O 08312026 2302 07
   01333  O 08312026 2302 12
   11222  O 08312026 2302 04
   12820  O 08312026 2302 11
   03039  O 08312026 2303 08
   01423  O 08312026 2303 11
   12904  O 08312026 2303 04
   10245  I 08312026 2303 01
   11787  O 08312026 2304 08
   11688  I 08312026 2304 02
   01382  O 08312026 2305 08
   12390  O 08312026 2308 04
   12873  O 08312026 2308 03
   11926  O 08312026 2310 11
