   01319  O 09212026 0000 04
   03098  O 09212026 0002 07
   10663  O 09212026 0010 08
   12375  O 09212026 0100 03
   01454  I 09212026 0455 01
   10642  I 09212026 0510 05
   12089  I 09212026 0525 05
   09823  I 09212026 0525 06
   10809  I 09212026 0532 01
   11690  I 09212026 0537 06
   12678  I 09212026 0542 06
   10841  I 09212026 0542 05
   03007  I 09212026 0553 06
   12644  I 09212026 0556 06
   12929  I 09212026 0558 01
   12725  I 09212026 0558 06
   03148  I 09212026 0559 02
   12799  O 09212026 0600 04
   01231  I 09212026 0601 05
   01339  I 09212026 0601 06
   12205  I 09212026 0602 02
   11267  I 09212026 0602 05
   12249  I 09212026 0603 05
   01413  I 09212026 0605 05
   12823  I 09212026 0606 02
   12824  I 09212026 0606 01
   11848  I 09212026 0607 06
   12632  I 09212026 0608 05
   03029  I 09212026 0608 06
   10310  I 09212026 0608 06
   12759  I 09212026 0608 01
   01355  I 09212026 0609 05
   12903  I 09212026 0609 01
   12583  I 09212026 0609 06
   01423  I 09212026 0610 05
   12645  I 09212026 0610 05
   10224  I 09212026 0614 05
   12957  I 09212026 0615 01
   09704  I 09212026 0615 06
   12595  I 09212026 0615 06
   10140  I 09212026 0615 05
   01428  I 09212026 0616 05
   03173  I 09212026 0617 06
   12692  I 09212026 0617 02
   12668  I 09212026 0617 01
   12192  I 09212026 0617 05
   12898  I 09212026 0618 02
   12963  I 09212026 0618 01
   12334  I 09212026 0618 02
   11767  I 09212026 0618 05
   12919  I 09212026 0619 01
   12950  I 09212026 0619 02
   12637  I 09212026 0619 06
   12924  I 09212026 0620 01
   11250  I 09212026 0620 06
   12889  I 09212026 0620 05
   12872  I 09212026 0621 01
   12700  I 09212026 0621 01
   03053  I 09212026 0622 05
   01344  I 09212026 0622 05
   10736  I 09212026 0622 01
   12461  I 09212026 0623 05
   12156  I 09212026 0623 06
   12397  I 09212026 0623 02
   12140  I 09212026 0623 06
   12532  I 09212026 0624 06
   11928  I 09212026 0624 05
   03122  I 09212026 0624 05
   12938  I 09212026 0624 06
   12863  I 09212026 0624 01
   12758  I 09212026 0624 01
   12809  I 09212026 0625 06
   10117  I 09212026 0625 05
   10309  I 09212026 0625 06
   12962  I 09212026 0625 02
   12291  I 09212026 0625 01
   12928  I 09212026 0625 02
   12821  I 09212026 0625 06
   01495  I 09212026 0626 05
   03152  I 09212026 0626 06
   11605  I 09212026 0626 05
   03153  I 09212026 0627 06
   10766  I 09212026 0627 06
   11940  I 09212026 0627 06
   10240  I 09212026 0628 06
   10726  I 09212026 0628 02
   12267  I 09212026 0628 05
   12810  I 09212026 0628 06
   12812  I 09212026 0628 06
   12756  I 09212026 0629 06
   01266  I 09212026 0630 05
   11390  I 09212026 0630 06
   10199  I 09212026 0631 05
   12485  I 09212026 0631 05
   11498  I 09212026 0631 06
   12699  O 09212026 0631 03
   12699  I 09212026 0631 02
   10607  I 09212026 0631 01
   12081  I 09212026 0631 05
   11538  I 09212026 0632 05
   10425  I 09212026 0632 02
   12673  I 09212026 0632 05
   10786  I 09212026 0632 05
   12128  I 09212026 0632 06
   03061  I 09212026 0633 06
   12153  I 09212026 0633 02
   12840  I 09212026 0634 06
   12236  I 09212026 0634 05
   10839  I 09212026 0635 06
   12945  I 09212026 0635 06
   12718  I 09212026 0636 01
   12639  I 09212026 0636 05
   12355  I 09212026 0636 02
   10177  I 09212026 0637 05
   12116  I 09212026 0637 05
   10775  I 09212026 0637 06
   10791  I 09212026 0637 02
   10641  I 09212026 0637 05
   12056  I 09212026 0637 06
   10287  I 09212026 0637 06
   12653  I 09212026 0637 05
   10169  I 09212026 0637 02
   10047  I 09212026 0638 02
   12833  I 09212026 0638 06
   12222  I 09212026 0638 05
   12894  I 09212026 0638 06
   10054  I 09212026 0638 02
   03037  I 09212026 0638 05
   12690  I 09212026 0639 05
   10357  I 09212026 0639 06
   01356  I 09212026 0639 01
   12476  I 09212026 0639 02
   01345  I 09212026 0639 06
   12351  I 09212026 0639 02
   01302  I 09212026 0639 06
   10026  I 09212026 0640 05
   12669  I 09212026 0640 06
   10383  I 09212026 0640 05
   10219  I 09212026 0640 05
   12804  I 09212026 0640 01
   10847  I 09212026 0640 05
   03027  I 09212026 0640 05
   12058  I 09212026 0641 01
   12142  I 09212026 0641 06
   12869  I 09212026 0641 05
   12855  I 09212026 0641 02
   12642  I 09212026 0641 05
   12731  I 09212026 0641 06
   11724  I 09212026 0641 01
   03168  I 09212026 0641 05
   10523  I 09212026 0641 06
   01317  I 09212026 0641 02
   12208  I 09212026 0642 05
   01232  I 09212026 0642 06
   10223  I 09212026 0642 05
   11607  I 09212026 0642 06
   10243  I 09212026 0642 01
   10318  I 09212026 0642 02
   10232  I 09212026 0642 01
   12138  I 09212026 0643 02
   12084  I 09212026 0643 02
   12191  I 09212026 0643 01
   12682  I 09212026 0643 05
   10576  I 09212026 0643 02
   12184  I 09212026 0643 05
   12049  I 09212026 0643 06
   12598  I 09212026 0643 05
   11863  I 09212026 0644 06
   10449  I 09212026 0644 05
   10754  I 09212026 0644 06
   12090  I 09212026 0644 06
   12693  I 09212026 0644 05
   03058  I 09212026 0644 06
   12066  I 09212026 0644 06
   11387  I 09212026 0644 05
   03120  I 09212026 0645 05
   11726  I 09212026 0645 01
   12341  I 09212026 0645 06
   12807  I 09212026 0645 06
   03104  I 09212026 0645 06
   12610  I 09212026 0646 05
   10050  I 09212026 0646 02
   11166  I 09212026 0646 01
   12961  I 09212026 0646 06
   12376  I 09212026 0646 01
   10830  I 09212026 0646 02
   01433  I 09212026 0646 06
   10135  I 09212026 0646 05
   12350  I 09212026 0646 01
   03077  I 09212026 0646 06
   11879  I 09212026 0646 06
   12629  I 09212026 0646 02
   11168  I 09212026 0646 06
   12724  I 09212026 0646 05
   12612  I 09212026 0646 02
   12575  I 09212026 0647 06
   12753  I 09212026 0647 05
   12433  I 09212026 0647 01
   10759  I 09212026 0647 06
   10673  I 09212026 0648 05
   12670  I 09212026 0648 01
   12221  I 09212026 0648 09
   10598  I 09212026 0648 06
   12650  I 09212026 0648 05
   10588  I 09212026 0649 05
   12439  I 09212026 0650 02
   12085  I 09212026 0650 02
   01373  I 09212026 0650 05
   01374  I 09212026 0650 01
   10261  I 09212026 0650 06
   12716  I 09212026 0650 05
   12359  I 09212026 0650 06
   03001  I 09212026 0650 05
   12349  I 09212026 0650 01
   12638  I 09212026 0651 05
   10609  I 09212026 0651 06
   12353  I 09212026 0651 05
   11784  I 09212026 0651 06
   12374  I 09212026 0651 01
   10611  I 09212026 0651 09
   11411  I 09212026 0652 02
   01436  I 09212026 0651 05
   12755  I 09212026 0652 02
   12413  I 09212026 0652 06
   12858  I 09212026 0652 05
   12862  I 09212026 0652 01
   12305  I 09212026 0652 06
   12237  I 09212026 0652 05
   12082  I 09212026 0652 06
   12790  I 09212026 0652 01
   12474  I 09212026 0653 05
   12339  I 09212026 0653 05
   12587  I 09212026 0653 05
   10796  I 09212026 0653 02
   12726  I 09212026 0653 06
   01415  I 09212026 0653 05
   12878  I 09212026 0653 01
   10827  I 09212026 0653 01
   12204  I 09212026 0654 02
   12299  I 09212026 0654 05
   12317  I 09212026 0654 01
   12742  I 09212026 0654 02
   10728  I 09212026 0654 06
   12076  I 09212026 0654 01
   12293  I 09212026 0654 05
   12187  I 09212026 0655 06
   12451  I 09212026 0655 02
   01492  I 09212026 0655 06
   12798  I 09212026 0655 02
   12729  I 09212026 0655 05
   12369  I 09212026 0655 06
   11402  I 09212026 0655 05
   12298  I 09212026 0655 02
   12206  I 09212026 0655 01
   11408  I 09212026 0655 02
   11787  I 09212026 0655 06
   10500  I 09212026 0655 05
   12663  I 09212026 0655 06
   11496  I 09212026 0656 05
   01446  I 09212026 0656 06
   01483  I 09212026 0656 02
   10405  I 09212026 0656 01
   10146  I 09212026 0656 02
   11286  I 09212026 0656 01
   12743  I 09212026 0656 06
   12926  I 09212026 0656 05
   03080  I 09212026 0656 02
   11765  I 09212026 0656 01
   11519  I 09212026 0656 06
   03103  I 09212026 0656 02
   12764  I 09212026 0656 06
   12819  I 09212026 0657 02
   12841  I 09212026 0657 01
   01470  I 09212026 0657 05
   12125  I 09212026 0657 02
   12846  I 09212026 0657 01
   12805  I 09212026 0657 05
   11943  I 09212026 0657 05
   03078  I 09212026 0657 06
   12827  I 09212026 0657 01
   11776  I 09212026 0658 06
   12657  I 09212026 0658 06
   12530  I 09212026 0658 02
   12816  I 09212026 0658 01
   03159  I 09212026 0658 09
   12577  I 09212026 0658 06
   12694  I 09212026 0658 05
   10407  I 09212026 0658 06
   10574  I 09212026 0659 05
   11534  I 09212026 0659 02
   03105  I 09212026 0659 01
   12720  I 09212026 0659 05
   12164  I 09212026 0659 02
   11650  I 09212026 0659 01
   12828  I 09212026 0659 02
   10817  I 09212026 0659 01
   10712  I 09212026 0700 06
   10116  O 09212026 0700 12
   10333  O 09212026 0700 07
   12672  O 09212026 0700 03
   11693  O 09212026 0700 11
   11355  I 09212026 0700 05
   10127  O 09212026 0700 12
   12357  O 09212026 0700 04
   03167  O 09212026 0700 08
   10720  O 09212026 0700 07
   12260  O 09212026 0700 12
   12130  O 09212026 0700 03
   10201  O 09212026 0700 04
   10369  O 09212026 0700 12
   12845  O 09212026 0700 11
   12055  O 09212026 0700 03
   10780  O 09212026 0700 12
   01367  I 09212026 0700 01
   12254  O 09212026 0700 11
   10221  O 09212026 0700 03
   03012  O 09212026 0700 08
   10385  O 09212026 0700 04
   10808  I 09212026 0700 02
   01487  O 09212026 0700 03
   12967  O 09212026 0700 12
   12409  O 09212026 0700 11
   11780  I 09212026 0700 01
   11266  O 09212026 0700 11
   12467  O 09212026 0700 12
   12622  O 09212026 0700 04
   12665  I 09212026 0700 01
   12057  O 09212026 0700 03
   11772  I 09212026 0700 05
   10658  O 09212026 0700 14
   10700  I 09212026 0700 06
   12074  O 09212026 0700 04
   12337  I 09212026 0700 01
   12627  O 09212026 0700 11
   01475  O 09212026 0700 03
   10176  O 09212026 0700 08
   01351  I 09212026 0700 06
   11935  O 09212026 0700 14
   10617  O 09212026 0700 07
   10640  O 09212026 0700 04
   10669  O 09212026 0700 03
   10581  O 09212026 0700 08
   12370  O 09212026 0700 12
   12224  O 09212026 0700 11
   12064  O 09212026 0700 04
   12545  I 09212026 0700 01
   10698  O 09212026 0700 07
   03030  O 09212026 0700 14
   12487  O 09212026 0701 11
   10589  O 09212026 0701 08
   12783  O 09212026 0701 12
   10017  O 09212026 0701 07
   12094  O 09212026 0701 11
   12475  O 09212026 0701 08
   01369  I 09212026 0701 01
   01330  O 09212026 0701 03
   10466  I 09212026 0701 02
   12677  O 09212026 0701 07
   12372  O 09212026 0701 03
   12135  O 09212026 0701 04
   10604  I 09212026 0701 02
   12096  I 09212026 0701 01
   01306  O 09212026 0701 12
   11522  I 09212026 0701 02
   11248  O 09212026 0701 11
   12698  O 09212026 0701 03
   12325  O 09212026 0701 11
   10350  I 09212026 0701 02
   03176  O 09212026 0701 03
   12371  O 09212026 0701 08
   12701  O 09212026 0701 04
   03047  O 09212026 0701 07
   12496  O 09212026 0701 11
   10231  O 09212026 0701 03
   12133  O 09212026 0702 04
   11167  O 09212026 0702 03
   10849  O 09212026 0702 03
   10245  O 09212026 0702 03
   12131  O 09212026 0702 04
   10202  O 09212026 0702 07
   12740  O 09212026 0702 03
   03101  I 09212026 0702 01
   12093  I 09212026 0702 06
   12189  O 09212026 0702 03
   10705  I 09212026 0702 02
   03068  O 09212026 0702 04
   12503  I 09212026 0702 06
   10573  I 09212026 0702 02
   01459  O 09212026 0702 12
   10608  I 09212026 0703 01
   12877  I 09212026 0703 02
   12667  I 09212026 0703 01
   12666  O 09212026 0703 04
   12723  I 09212026 0703 02
   09676  O 09212026 0703 04
   12851  O 09212026 0703 11
   11646  O 09212026 0703 12
   10133  O 09212026 0703 11
   12679  O 09212026 0703 12
   10070  O 09212026 0703 12
   11221  I 09212026 0703 01
   12727  O 09212026 0703 11
   10145  I 09212026 0703 02
   12416  I 09212026 0703 05
   10148  O 09212026 0704 08
   11926  O 09212026 0704 11
   12302  I 09212026 0704 02
   11652  O 09212026 0704 03
   03182  O 09212026 0704 07
   03032  I 09212026 0704 02
   12737  I 09212026 0704 01
   12122  I 09212026 0704 02
   10612  O 09212026 0704 14
   11725  O 09212026 0704 03
   01425  O 09212026 0704 12
   12722  I 09212026 0704 02
   03062  O 09212026 0704 11
   10356  O 09212026 0704 08
   12354  O 09212026 0704 07
   12886  O 09212026 0704 03
   12582  O 09212026 0704 07
   12818  I 09212026 0704 01
   12097  I 09212026 0705 01
   12738  O 09212026 0705 03
   10144  O 09212026 0705 07
   10334  I 09212026 0705 02
   10055  I 09212026 0705 01
   01448  O 09212026 0705 03
   01320  O 09212026 0705 12
   10071  O 09212026 0705 12
   12147  I 09212026 0706 02
   10606  O 09212026 0706 04
   12248  O 09212026 0706 03
   11647  O 09212026 0706 08
   12687  O 09212026 0706 07
   12640  I 09212026 0706 02
   12584  O 09212026 0706 12
   11779  O 09212026 0706 03
   12623  I 09212026 0706 02
   12620  O 09212026 0706 11
   12151  I 09212026 0706 01
   03035  O 09212026 0706 11
   12721  O 09212026 0706 08
   12199  I 09212026 0706 02
   12717  I 09212026 0707 05
   01295  O 09212026 0708 07
   12458  O 09212026 0709 03
   01512  O 09212026 0709 12
   11388  O 09212026 0712 07
   12230  I 09212026 0712 05
   12021  O 09212026 0713 14
   10306  O 09212026 0713 03
   12463  O 09212026 0715 12
   12539  O 09212026 0717 04
   12638  O 09212026 0717 08
   12546  O 09212026 0720 12
   12569  O 09212026 0721 12
   11765  O 09212026 0726 12
   01249  O 09212026 0726 12
   03135  O 09212026 0728 07
   01276  O 09212026 0729 03
   12136  O 09212026 0732 03
   01468  O 09212026 0747 12
   12587  O 09212026 0816 12
   10678  I 09212026 1037 02
   03105  O 09212026 1104 03
   12737  O 09212026 1203 07
   12066  O 09212026 1216 14
   12457  I 09212026 1235 05
   03098  I 09212026 1250 05
   12822  I 09212026 1307 05
   12688  I 09212026 1309 06
   12657  O 09212026 1313 07
   03172  I 09212026 1316 05
   03039  I 09212026 1325 05
   12256  I 09212026 1326 05
   01312  I 09212026 1326 05
   12260  I 09212026 1327 05
   01402  I 09212026 1327 06
   10663  I 09212026 1336 05
   12628  I 09212026 1336 05
   03141  I 09212026 1337 05
   12396  I 09212026 1338 02
   12307  I 09212026 1339 06
   10765  I 09212026 1346 06
   01422  I 09212026 1346 05
   12531  I 09212026 1349 06
   12847  I 09212026 1350 06
   03179  I 09212026 1350 05
   12890  I 09212026 1350 05
   12162  I 09212026 1352 02
   10787  I 09212026 1353 06
   12802  I 09212026 1353 02
   01357  I 09212026 1354 06
   10021  I 09212026 1355 05
   01511  I 09212026 1356 02
   03177  I 09212026 1357 06
   03018  I 09212026 1358 05
   12544  I 09212026 1359 05
   11933  I 09212026 1359 01
   10795  I 09212026 1400 06
   12496  I 09212026 1403 06
   01335  I 09212026 1404 05
   12342  I 09212026 1404 06
   12922  I 09212026 1405 01
   10849  I 09212026 1405 01
   10070  I 09212026 1405 05
   03167  I 09212026 1406 05
   03135  I 09212026 1406 01
   12808  I 09212026 1407 05
   12845  I 09212026 1409 06
   01481  I 09212026 1410 05
   12965  I 09212026 1410 02
   12785  I 09212026 1411 02
   12800  I 09212026 1411 01
   12927  I 09212026 1411 01
   01333  I 09212026 1412 05
   12246  I 09212026 1413 05
   12920  I 09212026 1413 02
   01417  I 09212026 1415 06
   12786  I 09212026 1416 01
   12123  I 09212026 1417 05
   12080  I 09212026 1417 06
   10306  I 09212026 1417 02
   03026  I 09212026 1419 01
   11936  I 09212026 1419 05
   10831  I 09212026 1420 05
   12674  I 09212026 1420 06
   11774  I 09212026 1421 02
   10333  I 09212026 1421 05
   11223  I 09212026 1421 06
   10386  I 09212026 1422 02
   10605  I 09212026 1422 05
   12149  I 09212026 1422 05
   12241  I 09212026 1422 02
   12873  I 09212026 1424 01
   12486  I 09212026 1426 06
   11400  I 09212026 1426 05
   12069  I 09212026 1426 06
   10358  I 09212026 1427 05
   09833  I 09212026 1427 05
   12185  I 09212026 1428 01
   12711  I 09212026 1428 06
   10091  I 09212026 1429 05
   10373  I 09212026 1430 01
   01325  I 09212026 1431 01
   12390  I 09212026 1431 02
   12754  I 09212026 1431 05
   10073  I 09212026 1431 05
   12306  I 09212026 1431 06
   12186  I 09212026 1431 06
   12502  I 09212026 1432 06
   12558  I 09212026 1432 06
   11777  I 09212026 1432 05
   12473  I 09212026 1432 06
   12540  I 09212026 1432 05
   12130  I 09212026 1432 02
   12826  I 09212026 1432 01
   10234  I 09212026 1433 02
   10467  I 09212026 1433 01
   12289  I 09212026 1433 06
   12259  I 09212026 1433 06
   12888  I 09212026 1434 05
   12615  I 09212026 1434 05
   11688  I 09212026 1434 02
   10585  I 09212026 1434 01
   12849  I 09212026 1434 05
   12814  I 09212026 1434 02
   12115  I 09212026 1435 01
   12689  I 09212026 1435 06
   12440  I 09212026 1435 05
   11404  I 09212026 1435 06
   12488  I 09212026 1436 05
   12651  I 09212026 1436 05
   12460  I 09212026 1437 02
   11942  I 09212026 1437 05
   11222  I 09212026 1437 02
   10291  I 09212026 1438 05
   01471  I 09212026 1438 05
   10612  I 09212026 1438 06
   12815  I 09212026 1438 05
   12871  I 09212026 1438 01
   12074  I 09212026 1438 02
   03108  I 09212026 1439 05
   11926  I 09212026 1440 05
   12343  I 09212026 1440 06
   12594  I 09212026 1440 06
   10698  I 09212026 1440 05
   12710  I 09212026 1441 05
   10811  I 09212026 1442 05
   10780  I 09212026 1442 05
   12269  I 09212026 1442 05
   10046  I 09212026 1442 01
   12852  I 09212026 1442 05
   12661  I 09212026 1442 05
   12851  I 09212026 1443 05
   12020  I 09212026 1443 06
   10522  I 09212026 1443 05
   10788  I 09212026 1443 05
   11392  I 09212026 1443 06
   10222  I 09212026 1443 05
   10785  I 09212026 1443 06
   12568  I 09212026 1444 06
   12622  I 09212026 1444 01
   12943  I 09212026 1446 01
   12695  I 09212026 1446 02
   12538  I 09212026 1446 01
   01327  I 09212026 1446 01
   12055  I 09212026 1446 02
   10094  I 09212026 1447 02
   11398  I 09212026 1447 06
   12946  I 09212026 1447 06
   11946  I 09212026 1447 05
   12904  I 09212026 1448 02
   01477  I 09212026 1448 05
   03059  I 09212026 1449 05
   01479  I 09212026 1449 06
   12735  I 09212026 1449 05
   12057  I 09212026 1450 01
   01382  I 09212026 1450 05
   12553  I 09212026 1451 05
   03102  I 09212026 1451 01
   12652  I 09212026 1451 06
   01510  I 09212026 1451 01
   10505  I 09212026 1451 02
   03030  I 09212026 1451 02
   12556  I 09212026 1452 01
   12630  I 09212026 1452 02
   12792  I 09212026 1452 01
   12738  I 09212026 1452 02
   10086  I 09212026 1452 05
   12601  I 09212026 1452 02
   12854  I 09212026 1452 06
   11789  I 09212026 1453 06
   09676  I 09212026 1453 02
   12357  I 09212026 1455 02
   12456  I 09212026 1456 01
   12741  I 09212026 1456 02
   12238  I 09212026 1457 02
   01379  I 09212026 1457 01
   12736  I 09212026 1457 02
   12799  I 09212026 1457 01
   12059  I 09212026 1457 02
   03126  I 09212026 1457 06
   12375  I 09212026 1458 01
   12500  I 09212026 1458 02
   12820  I 09212026 1458 06
   12133  I 09212026 1459 01
   11607  O 09212026 1500 12
   12938  O 09212026 1500 11
   10700  O 09212026 1500 07
   10054  O 09212026 1500 04
   10809  O 09212026 1500 03
   12673  O 09212026 1500 11
   12461  O 09212026 1500 08
   12644  O 09212026 1500 12
   03037  O 09212026 1500 07
   12961  O 09212026 1500 11
   10318  O 09212026 1500 04
   12298  O 09212026 1500 14
   01470  O 09212026 1500 08
   01351  O 09212026 1500 07
   12082  O 09212026 1500 11
   12164  O 09212026 1500 03
   12753  O 09212026 1500 12
   10243  O 09212026 1500 04
   12049  O 09212026 1500 14
   12474  O 09212026 1500 11
   03122  O 09212026 1500 12
   10726  O 09212026 1500 03
   03053  O 09212026 1500 07
   01492  O 09212026 1500 08
   11879  O 09212026 1500 11
   03168  O 09212026 1500 07
   11650  O 09212026 1500 03
   12790  O 09212026 1500 04
   12807  O 09212026 1500 12
   12113  I 09212026 1500 06
   12821  O 09212026 1500 11
   01344  O 09212026 1500 08
   03080  O 09212026 1500 04
   01355  O 09212026 1500 03
   10728  O 09212026 1500 07
   12299  O 09212026 1500 11
   10310  O 09212026 1500 12
   12236  O 09212026 1500 08
   11498  O 09212026 1500 11
   10598  O 09212026 1500 04
   10641  O 09212026 1500 07
   12192  O 09212026 1500 12
   12339  O 09212026 1500 11
   11780  O 09212026 1500 03
   10642  O 09212026 1500 08
   12894  O 09212026 1500 11
   01436  O 09212026 1500 07
   11411  O 09212026 1500 04
   11221  O 09212026 1500 03
   03001  O 09212026 1500 12
   12731  O 09212026 1500 11
   12353  O 09212026 1500 08
   12112  I 09212026 1500 01
   12722  O 09212026 1500 07
   11724  O 09212026 1500 03
   03029  O 09212026 1500 12
   12812  O 09212026 1501 11
   10523  O 09212026 1501 03
   12056  O 09212026 1501 08
   11848  O 09212026 1501 12
   12724  O 09212026 1501 11
   12397  O 09212026 1501 04
   11776  O 09212026 1501 08
   12645  O 09212026 1501 11
   12823  O 09212026 1501 03
   12759  O 09212026 1501 04
   12810  O 09212026 1501 12
   11534  O 09212026 1501 08
   12718  O 09212026 1501 04
   12140  O 09212026 1501 12
   03007  O 09212026 1501 11
   12824  O 09212026 1501 03
   10224  O 09212026 1501 07
   12928  O 09212026 1501 04
   12637  O 09212026 1501 12
   12957  O 09212026 1501 03
   03010  I 09212026 1501 01
   01232  O 09212026 1501 11
   12485  O 09212026 1501 12
   12863  O 09212026 1501 04
   12898  O 09212026 1501 03
   12089  O 09212026 1501 11
   12237  O 09212026 1501 07
   12869  O 09212026 1501 12
   12950  O 09212026 1501 03
   12678  O 09212026 1501 11
   12872  O 09212026 1501 04
   12756  O 09212026 1501 12
   01345  O 09212026 1501 07
   12729  O 09212026 1501 11
   12963  O 09212026 1501 03
   11605  O 09212026 1501 11
   11168  O 09212026 1501 12
   11772  O 09212026 1501 08
   12743  O 09212026 1501 07
   12205  O 09212026 1501 03
   10609  O 09212026 1501 12
   01369  O 09212026 1501 03
   12122  O 09212026 1501 08
   12413  O 09212026 1501 11
   12598  O 09212026 1501 12
   12222  O 09212026 1501 07
   12503  O 09212026 1501 08
   12206  O 09212026 1501 03
   12610  O 09212026 1502 12
   12293  O 09212026 1502 07
   12840  O 09212026 1502 11
   10839  O 09212026 1502 08
   12076  O 09212026 1502 03
   12924  O 09212026 1502 04
   12723  O 09212026 1502 03
   12142  O 09212026 1502 08
   11928  O 09212026 1502 04
   12629  O 09212026 1502 08
   12670  O 09212026 1502 03
   10775  O 09212026 1502 07
   12530  O 09212026 1502 03
   10673  O 09212026 1502 08
   12846  O 09212026 1502 12
   12650  O 09212026 1502 11
   12623  O 09212026 1502 03
   10791  O 09212026 1502 07
   12682  O 09212026 1502 12
   10607  O 09212026 1502 03
   12090  O 09212026 1502 08
   12116  O 09212026 1502 07
   03032  O 09212026 1502 04
   12720  O 09212026 1502 07
   10766  O 09212026 1502 08
   12085  O 09212026 1502 03
   12819  O 09212026 1502 11
   12575  O 09212026 1502 04
   12962  O 09212026 1502 03
   10830  O 09212026 1502 07
   12416  O 09212026 1502 08
   12642  O 09212026 1502 07
   12612  O 09212026 1502 03
   12818  O 09212026 1502 04
   10357  O 09212026 1502 07
   03077  O 09212026 1502 08
   12929  O 09212026 1503 03
   01231  O 09212026 1503 08
   10177  O 09212026 1503 07
   10145  O 09212026 1503 04
   11719  I 09212026 1503 02
   03148  O 09212026 1503 03
   12302  O 09212026 1503 11
   03078  O 09212026 1503 07
   12138  O 09212026 1503 03
   12147  O 09212026 1503 04
   12351  O 09212026 1503 08
   10223  O 09212026 1503 07
   03159  O 09212026 1503 11
   11538  O 09212026 1503 07
   10724  I 09212026 1503 02
   12878  O 09212026 1503 03
   01302  O 09212026 1503 07
   10240  O 09212026 1503 08
   10050  O 09212026 1504 04
   12858  O 09212026 1504 08
   12874  I 09212026 1504 01
   12374  O 09212026 1504 03
   11166  O 09212026 1504 04
   12919  O 09212026 1504 03
   12889  O 09212026 1504 04
   10808  O 09212026 1504 07
   12827  O 09212026 1504 03
   10604  O 09212026 1504 03
   12665  O 09212026 1504 04
   12886  I 09212026 1504 01
   12476  O 09212026 1504 03
   12903  O 09212026 1504 04
   12545  O 09212026 1504 03
   12096  O 09212026 1504 04
   10817  O 09212026 1504 03
   01495  O 09212026 1504 12
   03120  O 09212026 1504 11
   03153  O 09212026 1505 11
   01356  O 09212026 1505 03
   12758  O 09212026 1505 03
   12489  I 09212026 1505 02
   01423  O 09212026 1505 11
   12726  O 09212026 1505 12
   10611  O 09212026 1506 12
   11390  O 09212026 1506 08
   12653  O 09212026 1506 11
   11402  O 09212026 1506 12
   12841  O 09212026 1506 03
   01367  O 09212026 1506 07
   12153  O 09212026 1506 04
   12359  O 09212026 1506 12
   11286  O 09212026 1506 03
   10759  O 09212026 1506 08
   12230  O 09212026 1506 07
   10140  O 09212026 1507 08
   12532  O 09212026 1507 03
   01483  O 09212026 1507 08
   12337  O 09212026 1507 03
   01339  O 09212026 1507 12
   09823  O 09212026 1507 11
   12249  O 09212026 1507 12
   12583  O 09212026 1507 11
   10047  O 09212026 1507 03
   03027  O 09212026 1507 12
   12855  O 09212026 1507 11
   12376  O 09212026 1508 12
   12926  O 09212026 1508 11
   10847  O 09212026 1508 11
   10350  O 09212026 1508 12
   12221  O 09212026 1508 12
   03173  O 09212026 1508 03
   10407  O 09212026 1509 12
   12877  O 09212026 1509 03
   03058  O 09212026 1510 07
   10219  O 09212026 1510 08
   12690  O 09212026 1510 08
   12349  O 09212026 1510 03
   01317  O 09212026 1511 12
   12595  O 09212026 1512 12
   01446  O 09212026 1512 11
   12199  O 09212026 1513 04
   12151  O 09212026 1513 04
   10425  O 09212026 1513 03
   01234  I 09212026 1513 02
   01234  O 09212026 1513 03
   10287  O 09212026 1513 11
   01454  O 09212026 1514 08
   10705  O 09212026 1515 11
   03152  O 09212026 1516 07
   01413  O 09212026 1516 11
   11250  O 09212026 1516 12
   10199  O 09212026 1517 07
   12833  O 09212026 1517 08
   01428  O 09212026 1518 07
   12204  O 09212026 1518 07
   10405  O 09212026 1518 11
   03103  O 09212026 1518 04
   12334  O 09212026 1518 07
   10117  O 09212026 1519 08
   10261  O 09212026 1519 11
   11355  O 09212026 1520 08
   10786  O 09212026 1521 08
   11519  O 09212026 1524 07
   01266  O 09212026 1525 08
   10334  O 09212026 1526 08
   11943  O 09212026 1527 07
   10135  O 09212026 1528 12
   11267  O 09212026 1528 11
   12543  I 09212026 1530 01
   01374  O 09212026 1531 04
   01373  O 09212026 1531 08
   12700  O 09212026 1533 07
   10608  O 09212026 1541 12
   12291  O 09212026 1600 03
   12640  O 09212026 1602 08
   12093  O 09212026 1603 11
   03061  O 09212026 1604 07
   12945  O 09212026 1608 12
   12577  O 09212026 1609 12
   10026  O 09212026 1611 07
   12187  O 09212026 1613 12
   12341  O 09212026 1613 11
   12632  O 09212026 1618 12
   12764  O 09212026 1700 08
   12669  O 09212026 1700 07
   10449  O 09212026 1700 14
   10841  O 09212026 1700 14
   10466  O 09212026 1701 11
   10588  O 09212026 1701 12
   12369  O 09212026 1701 12
   10796  O 09212026 1702 03
   01415  O 09212026 1703 14
   10055  O 09212026 1704 14
   12805  O 09212026 1704 07
   12451  O 09212026 1730 03
   12717  O 09212026 1730 07
   10712  O 09212026 1738 07
   11693  I 09212026 1759 05
   12191  O 09212026 1800 03
   12439  O 09212026 1800 04
   03101  O 09212026 1806 04
   12305  O 09212026 1808 08
   03123  I 09212026 1812 06
   10083  I 09212026 1819 06
   12701  I 09212026 1819 01
   01452  I 09212026 1822 02
   12627  I 09212026 1823 06
   11522  O 09212026 1823 04
   12131  I 09212026 1828 01
   12763  I 09212026 1833 05
   12732  I 09212026 1835 06
   12383  I 09212026 1836 02
   11167  I 09212026 1836 01
   03088  I 09212026 1837 02
   01276  I 09212026 1843 01
   12501  I 09212026 1843 06
   12829  I 09212026 1845 02
   12373  I 09212026 1847 01
   12569  I 09212026 1847 05
   12188  I 09212026 1848 09
   12698  I 09212026 1848 01
   12463  I 09212026 1852 05
   12620  I 09212026 1853 06
   01448  I 09212026 1854 02
   12415  I 09212026 1857 01
   12693  O 09212026 1900 03
   12804  O 09212026 1900 04
   12097  O 09212026 1900 08
   10309  O 09212026 1900 12
   10232  O 09212026 1900 03
   03104  O 09212026 1900 14
   10574  O 09212026 1900 12
   11408  O 09212026 1900 03
   12350  O 09212026 1900 03
   01433  O 09212026 1901 07
   10573  O 09212026 1901 03
   12663  O 09212026 1901 08
   12128  O 09212026 1901 07
   12317  O 09212026 1901 04
   12208  O 09212026 1901 12
   11726  O 09212026 1901 03
   12355  O 09212026 1901 07
   11690  O 09212026 1901 08
   12084  O 09212026 1902 03
   12248  I 09212026 1902 01
   11496  O 09212026 1902 11
   12267  O 09212026 1902 12
   12742  O 09212026 1904 03
   12624  I 09212026 1904 02
   12667  O 09212026 1904 03
   12828  O 09212026 1904 04
   10576  O 09212026 1905 03
   10827  O 09212026 1906 03
   12694  O 09212026 1907 03
   09704  O 09212026 1907 08
   12755  O 09212026 1908 03
   10736  O 09212026 1915 04
   11784  O 09212026 1918 11
   03068  I 09212026 2045 05
   12760  I 09212026 2046 05
   10133  I 09212026 2059 06
   11387  O 09212026 2105 07
   11646  I 09212026 2116 06
   12497  I 09212026 2123 01
   03062  I 09212026 2125 05
   01320  I 09212026 2127 06
   03062  O 09212026 2127 11
   10202  I 09212026 2127 06
   12475  I 09212026 2127 06
   12679  I 09212026 2129 05
   12947  I 09212026 2137 06
   01425  I 09212026 2137 06
   12392  I 09212026 2138 05
   03182  I 09212026 2143 06
   10127  I 09212026 2149 06
   11935  I 09212026 2151 06
   01468  I 09212026 2151 05
   01459  I 09212026 2154 05
   12088  I 09212026 2154 06
   10456  I 09212026 2154 05
   01306  I 09212026 2159 02
   11266  I 09212026 2159 05
   01319  I 09212026 2159 01
   11863  O 09212026 2201 12
   10706  I 09212026 2201 05
   12148  I 09212026 2202 01
   12677  I 09212026 2202 05
   10807  I 09212026 2203 01
   12825  I 09212026 2204 01
   12856  I 09212026 2204 06
   12897  I 09212026 2204 05
   12791  I 09212026 2205 01
   11647  I 09212026 2205 05
   12136  I 09212026 2206 01
   12664  I 09212026 2207 05
   10658  I 09212026 2207 06
   12727  I 09212026 2208 06
   12832  I 09212026 2209 05
   12844  I 09212026 2211 01
   12584  I 09212026 2211 02
   12948  I 09212026 2211 01
   10201  I 09212026 2211 02
   03170  I 09212026 2212 01
   10100  I 09212026 2215 06
   01475  I 09212026 2216 01
   01432  I 09212026 2216 05
   01487  I 09212026 2216 02
   10221  I 09212026 2217 02
   03176  I 09212026 2218 05
   03035  I 09212026 2218 05
   12072  I 09212026 2219 05
   12458  I 09212026 2219 02
   12780  I 09212026 2219 06
   03047  I 09212026 2220 05
   10369  I 09212026 2220 05
   12887  I 09212026 2221 05
   12761  I 09212026 2221 02
   01295  I 09212026 2221 01
   10200  I 09212026 2222 05
   12712  I 09212026 2222 06
   01449  I 09212026 2224 02
   12094  I 09212026 2225 05
   12576  I 09212026 2225 06
   10720  I 09212026 2225 05
   03012  I 09212026 2226 06
   12676  I 09212026 2226 05
   12110  I 09212026 2228 01
   12967  I 09212026 2228 06
   12783  I 09212026 2229 05
   10264  I 09212026 2229 06
   12247  I 09212026 2229 05
   10697  I 09212026 2229 05
   12949  I 09212026 2229 01
   01330  I 09212026 2230 06
   10116  I 09212026 2230 05
   12625  I 09212026 2230 06
   12793  I 09212026 2230 01
   12762  I 09212026 2231 01
   12254  I 09212026 2231 05
   12499  I 09212026 2231 02
   01249  I 09212026 2231 05
   12467  I 09212026 2231 02
   12944  I 09212026 2232 01
   12757  I 09212026 2232 06
   03119  I 09212026 2233 06
   12266  I 09212026 2233 02
   11169  I 09212026 2234 05
   10231  I 09212026 2234 01
   10144  I 09212026 2236 05
   12609  I 09212026 2236 06
   10176  I 09212026 2236 05
   12672  I 09212026 2236 02
   10843  O 09212026 2237 07
   10843  I 09212026 2237 05
   01499  I 09212026 2237 06
   10825  I 09212026 2237 06
   10606  I 09212026 2237 01
   12135  I 09212026 2237 01
   12487  I 09212026 2237 05
   12662  I 09212026 2238 02
   12354  I 09212026 2238 05
   10356  I 09212026 2238 05
   12372  I 09212026 2238 02
   10617  I 09212026 2239 05
   12843  I 09212026 2239 02
   10581  I 09212026 2239 05
   10017  I 09212026 2239 06
   12647  I 09212026 2239 01
   10669  I 09212026 2239 02
   10285  I 09212026 2239 06
   10490  I 09212026 2239 06
   11248  I 09212026 2240 06
   12183  I 09212026 2240 06
   12472  I 09212026 2240 06
   10469  I 09212026 2240 02
   12539  I 09212026 2240 06
   10378  I 09212026 2240 01
   12951  I 09212026 2240 02
   12064  I 09212026 2241 01
   12930  I 09212026 2241 01
   12417  I 09212026 2241 06
   03112  I 09212026 2242 06
   12275  I 09212026 2242 06
   12370  I 09212026 2242 06
   12631  I 09212026 2243 06
   11495  I 09212026 2243 02
   10385  I 09212026 2244 05
   12813  I 09212026 2244 06
   11694  I 09212026 2245 06
   10071  I 09212026 2245 05
   12853  I 09212026 2245 06
   12356  I 09212026 2246 02
   12146  I 09212026 2246 01
   10384  I 09212026 2247 05
   10794  I 09212026 2247 06
   12412  I 09212026 2247 05
   03124  I 09212026 2247 06
   12409  I 09212026 2248 06
   12721  I 09212026 2248 02
   12901  I 09212026 2248 06
   12557  I 09212026 2249 02
   12462  I 09212026 2249 05
   03136  I 09212026 2250 01
   12098  I 09212026 2250 02
   01365  I 09212026 2251 05
   01296  I 09212026 2253 02
   11779  I 09212026 2253 01
   11687  I 09212026 2253 01
   01341  I 09212026 2253 02
   12861  I 09212026 2254 05
   11652  I 09212026 2255 01
   12555  I 09212026 2256 05
   12371  I 09212026 2256 05
   01405  I 09212026 2256 01
   11537  I 09212026 2256 06
   12325  I 09212026 2257 01
   01456  I 09212026 2257 06
   12687  I 09212026 2257 06
   12611  I 09212026 2257 02
   12329  I 09212026 2257 02
   12021  I 09212026 2258 02
   10245  I 09212026 2258 01
   12546  I 09212026 2258 06
   10589  I 09212026 2259 05
   01512  I 09212026 2259 01
   11725  I 09212026 2259 02
   12582  I 09212026 2259 02
   12666  I 09212026 2300 01
   12189  I 09212026 2300 02
   12149  O 09212026 2300 04
   12692  O 09212026 2300 03
   03059  O 09212026 2300 07
   01357  O 09212026 2300 08
   12260  O 09212026 2300 12
   03177  O 09212026 2300 04
   12130  O 09212026 2300 03
   12854  O 09212026 2300 11
   12357  O 09212026 2300 04
   03167  O 09212026 2300 07
   11940  O 09212026 2300 03
   12736  O 09212026 2300 12
   01481  O 09212026 2300 08
   12628  O 09212026 2300 11
   12946  O 09212026 2300 07
   12307  O 09212026 2300 12
   12456  O 09212026 2300 03
   03018  O 09212026 2300 07
   12808  O 09212026 2300 11
   10386  O 09212026 2300 04
   12460  O 09212026 2300 03
   12020  O 09212026 2300 08
   12184  O 09212026 2300 11
   12125  O 09212026 2300 12
   10222  O 09212026 2300 07
   12890  O 09212026 2300 08
   12668  O 09212026 2300 03
   12826  O 09212026 2300 04
   12716  O 09212026 2300 07
   10780  O 09212026 2300 04
   12943  O 09212026 2300 03
   01402  O 09212026 2300 08
   10788  O 09212026 2300 08
   03161  I 09212026 2300 01
   11392  O 09212026 2300 07
   12852  O 09212026 2300 03
   12814  O 09212026 2300 04
   10383  O 09212026 2300 11
   10522  O 09212026 2300 07
   12904  O 09212026 2300 04
   12112  O 09212026 2300 12
   12238  O 09212026 2300 11
   12786  O 09212026 2300 03
   12538  O 09212026 2300 03
   12256  O 09212026 2300 12
   12651  O 09212026 2301 11
   10612  O 09212026 2301 14
   12851  O 09212026 2301 04
   12055  O 09212026 2301 03
   12113  O 09212026 2301 11
   12473  O 09212026 2301 14
   12081  O 09212026 2301 07
   12965  O 09212026 2301 04
   12540  O 09212026 2301 03
   11926  O 09212026 2301 11
   12847  O 09212026 2301 04
   01335  O 09212026 2301 03
   10358  O 09212026 2301 11
   10500  O 09212026 2301 04
   10724  O 09212026 2301 03
   12558  O 09212026 2301 04
   12849  O 09212026 2301 07
   10148  I 09212026 2301 05
   12133  O 09212026 2301 03
   12396  O 09212026 2301 04
   03085  I 09212026 2301 01
   10678  O 09212026 2301 04
   10467  O 09212026 2301 03
   10169  O 09212026 2301 11
   12306  O 09212026 2301 04
   10306  O 09212026 2301 03
   12259  O 09212026 2301 04
   12342  O 09212026 2301 11
   12058  O 09212026 2301 03
   12706  I 09212026 2301 02
   01325  O 09212026 2302 07
   10698  O 09212026 2302 04
   09833  O 09212026 2302 11
   10795  O 09212026 2302 08
   12594  O 09212026 2302 12
   12695  O 09212026 2302 04
   03126  O 09212026 2302 03
   10086  O 09212026 2302 07
   12652  O 09212026 2302 12
   12798  O 09212026 2302 04
   12433  O 09212026 2302 03
   12440  O 09212026 2302 08
   12568  O 09212026 2302 12
   12661  O 09212026 2302 07
   12622  O 09212026 2302 04
   12269  O 09212026 2302 12
   12531  O 09212026 2302 03
   09676  O 09212026 2302 04
   11404  O 09212026 2302 12
   12289  O 09212026 2302 07
   10754  O 09212026 2302 14
   10505  O 09212026 2302 08
   10234  O 09212026 2302 03
   01333  O 09212026 2302 12
   12725  O 09212026 2302 03
   11223  O 09212026 2302 07
   12816  O 09212026 2302 04
   10091  O 09212026 2302 08
   01479  O 09212026 2302 04
   12556  O 09212026 2302 03
   03102  O 09212026 2302 07
   01327  O 09212026 2302 12
   12862  O 09212026 2302 04
   12871  O 09212026 2302 03
   10046  O 09212026 2303 03
   12735  O 09212026 2303 07
   12845  O 09212026 2303 11
   03179  O 09212026 2303 12
   12457  O 09212026 2303 07
   12799  O 09212026 2303 04
   12486  O 09212026 2303 11
   01477  O 09212026 2303 12
   10640  I 09212026 2303 02
   10585  O 09212026 2303 04
   03030  O 09212026 2303 14
   11933  O 09212026 2303 03
   12246  O 09212026 2303 08
   12754  O 09212026 2303 07
   12162  O 09212026 2303 03
   12615  O 09212026 2304 08
   12123  O 09212026 2304 07
   10070  O 09212026 2304 12
   11777  O 09212026 2304 07
   12815  O 09212026 2304 08
   03108  O 09212026 2304 11
   10021  O 09212026 2304 12
   11787  O 09212026 2304 07
   11767  O 09212026 2304 12
   12922  O 09212026 2304 03
   11942  O 09212026 2304 08
   12186  O 09212026 2304 07
   12785  O 09212026 2304 04
   12822  O 09212026 2304 03
   12920  O 09212026 2304 03
   12800  O 09212026 2304 04
   12802  O 09212026 2304 03
   12792  O 09212026 2304 04
   12927  O 09212026 2304 04
   03172  O 09212026 2304 08
   10146  O 09212026 2305 08
   10811  O 09212026 2305 07
   10785  O 09212026 2305 12
   11688  O 09212026 2306 07
   03141  O 09212026 2306 12
   11388  I 09212026 2306 02
   12674  O 09212026 2306 11
   12630  O 09212026 2306 07
   12809  O 09212026 2306 11
   12343  O 09212026 2306 08
   12375  O 09212026 2306 07
   03098  O 09212026 2306 07
   12873  O 09212026 2306 03
   12390  O 09212026 2306 03
   12544  O 09212026 2307 11
   12241  O 09212026 2307 03
   11222  O 09212026 2307 04
   01379  O 09212026 2307 07
   10765  O 09212026 2307 08
   12741  O 09212026 2307 07
   01511  O 09212026 2307 03
   11398  O 09212026 2307 08
   01471  O 09212026 2308 07
   12738  O 09212026 2308 03
   03039  O 09212026 2308 08
   10073  O 09212026 2308 12
   10094  O 09212026 2309 03
   11719  O 09212026 2309 04
   12059  O 09212026 2309 04
   11789  O 09212026 2309 07
   01417  O 09212026 2309 12
   12115  O 09212026 2310 12
   01422  O 09212026 2310 07
   10663  O 09212026 2312 08
   12688  O 09212026 2312 07
   12689  O 09212026 2312 08
   10373  O 09212026 2312 08
   11946  O 09212026 2312 12
   01510  O 09212026 2313 03
   03026  O 09212026 2313 11
   01382  O 09212026 2318 08
   03010  O 09212026 2321 08
   01312  O 09212026 2323 12
   03135  O 09212026 2324 04
   12553  O 09212026 2324 11
   12740  I 09212026 2347 02
