   10094  O 09282026 0005 03
   01454  I 09282026 0257 05
   03098  I 09282026 0457 05
   09823  I 09282026 0523 05
   10333  I 09282026 0530 05
   11690  I 09282026 0530 05
   10202  I 09282026 0531 06
   12457  I 09282026 0531 05
   10094  I 09282026 0534 05
   12307  I 09282026 0546 06
   03039  I 09282026 0548 05
   12249  I 09282026 0549 05
   03007  I 09282026 0550 06
   12628  I 09282026 0552 05
   11935  I 09282026 0553 06
   12725  I 09282026 0555 01
   03018  I 09282026 0558 05
   12289  I 09282026 0559 05
   01402  I 09282026 0559 06
   01335  I 09282026 0600 05
   12890  I 09282026 0601 05
   10021  I 09282026 0601 05
   12677  I 09282026 0602 05
   12965  I 09282026 0602 02
   12785  I 09282026 0603 01
   03141  I 09282026 0603 05
   03179  I 09282026 0604 05
   11167  I 09282026 0606 01
   03026  I 09282026 0607 01
   10766  I 09282026 0608 06
   01231  I 09282026 0608 05
   12845  I 09282026 0608 06
   01423  I 09282026 0609 05
   10127  I 09282026 0610 06
   12854  I 09282026 0611 06
   12627  I 09282026 0611 05
   12531  I 09282026 0612 06
   11933  I 09282026 0613 01
   12922  I 09282026 0614 01
   12824  I 09282026 0614 02
   12710  I 09282026 0615 05
   11267  I 09282026 0615 01
   01306  I 09282026 0616 02
   12800  I 09282026 0617 02
   12812  I 09282026 0617 06
   11493  I 09282026 0618 05
   11936  I 09282026 0618 06
   12594  I 09282026 0618 06
   12241  I 09282026 0619 02
   10425  I 09282026 0619 02
   10612  I 09282026 0619 13
   10605  I 09282026 0619 05
   11768  I 09282026 0619 06
   12222  I 09282026 0620 05
   01481  I 09282026 0620 05
   12783  I 09282026 0620 05
   12808  I 09282026 0620 05
   10083  I 09282026 0620 06
   12674  I 09282026 0620 06
   03177  I 09282026 0621 02
   12873  I 09282026 0621 01
   10736  I 09282026 0622 01
   12825  I 09282026 0623 02
   12693  I 09282026 0623 06
   10849  I 09282026 0623 02
   12149  I 09282026 0623 05
   11223  I 09282026 0623 05
   01495  I 09282026 0624 06
   03172  I 09282026 0624 05
   01320  I 09282026 0624 06
   03135  I 09282026 0625 01
   10070  I 09282026 0625 05
   10169  I 09282026 0625 02
   12802  I 09282026 0625 01
   01357  I 09282026 0625 05
   12256  I 09282026 0626 05
   12889  I 09282026 0626 01
   12814  I 09282026 0626 02
   12080  I 09282026 0626 06
   10373  I 09282026 0626 01
   12851  I 09282026 0627 05
   12162  I 09282026 0627 02
   12246  I 09282026 0627 02
   12699  O 09282026 0628 03
   12699  I 09282026 0629 02
   12833  I 09282026 0629 06
   12342  I 09282026 0629 06
   03167  I 09282026 0629 05
   09704  I 09282026 0629 06
   12615  I 09282026 0629 06
   12651  I 09282026 0629 06
   10467  I 09282026 0630 01
   03118  I 09282026 0630 05
   12260  I 09282026 0630 05
   03061  I 09282026 0631 06
   11928  I 09282026 0631 05
   12732  I 09282026 0631 06
   12185  I 09282026 0632 05
   10589  I 09282026 0633 05
   10839  I 09282026 0633 06
   10698  I 09282026 0633 05
   12343  I 09282026 0633 06
   12792  I 09282026 0633 01
   12920  I 09282026 0634 01
   11400  I 09282026 0634 05
   12390  I 09282026 0634 02
   12672  I 09282026 0634 06
   10234  I 09282026 0634 02
   10754  I 09282026 0634 06
   12657  I 09282026 0635 06
   12945  I 09282026 0635 06
   11774  I 09282026 0635 02
   12066  I 09282026 0636 06
   10046  I 09282026 0636 01
   10050  I 09282026 0636 02
   01504  I 09282026 0636 02
   12055  I 09282026 0636 01
   12544  I 09282026 0637 05
   10585  I 09282026 0637 02
   12156  O 09282026 0637 03
   11169  I 09282026 0637 05
   12156  I 09282026 0637 02
   12700  I 09282026 0638 05
   12112  I 09282026 0638 02
   12853  I 09282026 0638 06
   12695  I 09282026 0638 01
   01266  I 09282026 0639 05
   12081  I 09282026 0639 05
   12069  I 09282026 0639 06
   01471  I 09282026 0639 05
   12688  I 09282026 0639 06
   10449  I 09282026 0639 05
   10291  I 09282026 0640 05
   10765  I 09282026 0640 01
   11166  I 09282026 0640 02
   03126  I 09282026 0640 01
   12652  I 09282026 0640 05
   01511  I 09282026 0640 02
   12058  I 09282026 0640 01
   12131  I 09282026 0640 02
   12115  I 09282026 0641 01
   03059  I 09282026 0641 05
   12113  I 09282026 0641 06
   03151  I 09282026 0641 01
   12903  I 09282026 0641 02
   12020  I 09282026 0641 06
   12306  I 09282026 0642 05
   10609  I 09282026 0642 06
   12191  I 09282026 0642 02
   10386  I 09282026 0642 01
   12084  I 09282026 0642 02
   12057  I 09282026 0642 01
   11404  I 09282026 0642 06
   12259  I 09282026 0642 05
   12622  I 09282026 0642 01
   12074  I 09282026 0643 02
   12540  I 09282026 0643 06
   01339  I 09282026 0643 05
   12439  I 09282026 0643 01
   12804  I 09282026 0643 01
   12556  I 09282026 0643 01
   10383  I 09282026 0643 05
   01396  I 09282026 0644 06
   10135  I 09282026 0644 06
   03120  I 09282026 0644 05
   11222  I 09282026 0644 02
   12416  I 09282026 0645 05
   10358  I 09282026 0645 05
   12357  I 09282026 0645 01
   10841  I 09282026 0645 05
   12943  I 09282026 0645 01
   12826  I 09282026 0645 02
   12871  I 09282026 0645 01
   10231  I 09282026 0645 02
   12577  I 09282026 0646 09
   12558  I 09282026 0646 06
   12946  I 09282026 0646 06
   12183  I 09282026 0646 06
   12376  I 09282026 0646 01
   12568  I 09282026 0646 06
   12374  I 09282026 0646 01
   12877  I 09282026 0647 01
   12184  I 09282026 0647 06
   12451  I 09282026 0647 02
   10261  I 09282026 0647 05
   03108  I 09282026 0648 09
   12754  I 09282026 0648 05
   10759  I 09282026 0648 06
   12186  I 09282026 0648 06
   12488  I 09282026 0648 05
   11398  I 09282026 0648 06
   09676  I 09282026 0649 02
   12221  I 09282026 0649 09
   12601  I 09282026 0649 02
   01452  I 09282026 0649 01
   10407  I 09282026 0649 10
   12741  I 09282026 0649 01
   12500  I 09282026 0649 06
   12059  I 09282026 0649 02
   12829  I 09282026 0650 01
   10811  I 09282026 0650 05
   01477  I 09282026 0650 06
   12815  I 09282026 0650 05
   10222  I 09282026 0650 05
   10522  I 09282026 0650 06
   11496  I 09282026 0651 05
   12716  I 09282026 0651 06
   11767  I 09282026 0651 05
   12463  I 09282026 0651 05
   01374  I 09282026 0651 02
   10780  I 09282026 0651 05
   12852  I 09282026 0652 06
   12305  I 09282026 0652 06
   12088  I 09282026 0652 06
   11784  I 09282026 0652 06
   10505  I 09282026 0652 02
   10796  I 09282026 0652 01
   12368  I 09282026 0652 06
   09833  I 09282026 0652 05
   12692  I 09282026 0653 01
   12293  I 09282026 0653 05
   11688  I 09282026 0653 06
   11946  I 09282026 0653 02
   12125  I 09282026 0653 01
   12538  I 09282026 0653 02
   01422  I 09282026 0654 05
   03010  I 09282026 0654 05
   10611  I 09282026 0654 09
   12587  I 09282026 0654 05
   10091  I 09282026 0655 05
   12805  I 09282026 0655 05
   03058  I 09282026 0655 06
   12738  I 09282026 0655 01
   01479  I 09282026 0656 06
   12862  I 09282026 0656 02
   12130  I 09282026 0656 02
   03088  I 09282026 0656 01
   12717  I 09282026 0657 05
   12341  I 09282026 0657 01
   12638  I 09282026 0657 02
   12799  I 09282026 0658 02
   12737  I 09282026 0658 01
   10466  I 09282026 0658 01
   12133  I 09282026 0659 01
   10712  I 09282026 0659 06
   10350  I 09282026 0659 01
   10724  I 09282026 0659 02
   01415  I 09282026 0659 05
   10334  I 09282026 0659 01
   03101  I 09282026 0659 02
   12630  I 09282026 0659 01
   03136  O 09282026 0700 03
   12475  O 09282026 0700 11
   10318  O 09282026 0700 04
   12664  O 09282026 0700 08
   10224  O 09282026 0700 07
   10232  O 09282026 0700 03
   10221  O 09282026 0700 04
   12067  O 09282026 0700 08
   12668  O 09282026 0700 03
   10133  O 09282026 0700 12
   12275  O 09282026 0700 07
   12164  O 09282026 0700 03
   12861  I 09282026 0700 06
   11692  I 09282026 0700 02
   12790  I 09282026 0700 01
   12576  O 09282026 0700 04
   12375  O 09282026 0700 12
   12093  I 09282026 0700 10
   12654  I 09282026 0700 05
   12545  O 09282026 0700 03
   12049  O 09282026 0700 14
   03105  I 09282026 0700 01
   10604  O 09282026 0700 03
   12383  O 09282026 0700 04
   12325  I 09282026 0700 02
   11687  O 09282026 0701 03
   11355  I 09282026 0701 02
   12356  O 09282026 0701 03
   12123  O 09282026 0701 11
   11411  O 09282026 0701 04
   12701  O 09282026 0701 03
   11392  I 09282026 0701 06
   12096  O 09282026 0701 04
   11942  O 09282026 0702 07
   12151  I 09282026 0702 01
   12694  I 09282026 0702 02
   12763  O 09282026 0702 03
   12122  O 09282026 0702 08
   12886  O 09282026 0702 03
   12583  O 09282026 0703 12
   12816  O 09282026 0703 03
   12667  O 09282026 0703 04
   12369  I 09282026 0703 05
   03032  O 09282026 0703 07
   11789  O 09282026 0703 08
   12624  O 09282026 0703 04
   12561  O 09282026 0703 03
   12373  I 09282026 0703 01
   11522  I 09282026 0703 02
   12874  I 09282026 0704 02
   12640  I 09282026 0704 05
   11719  I 09282026 0704 02
   12204  O 09282026 0705 03
   12097  I 09282026 0705 01
   12141  I 09282026 0705 02
   12543  O 09282026 0705 04
   01234  O 09282026 0706 04
   11863  I 09282026 0706 01
   12623  O 09282026 0706 03
   12647  O 09282026 0710 03
   12822  O 09282026 0711 11
   12823  O 09282026 0712 12
   01369  I 09282026 0714 01
   12706  I 09282026 0715 05
   01365  O 09282026 0720 08
   10817  O 09282026 0724 03
   10831  I 09282026 0727 05
   10831  O 09282026 0727 07
   10831  I 09282026 0727 05
   01432  O 09282026 0730 04
   01456  O 09282026 0742 08
   10026  O 09282026 0753 07
   12654  O 09282026 0754 07
   10663  I 09282026 0826 05
   01373  I 09282026 0829 05
   10369  I 09282026 0929 05
   12967  I 09282026 1018 06
   10678  I 09282026 1044 02
   01510  I 09282026 1046 02
   12460  I 09282026 1100 02
   12055  O 09282026 1104 03
   10135  O 09282026 1120 12
   03122  I 09282026 1244 05
   11646  I 09282026 1252 06
   10201  I 09282026 1253 05
   12238  I 09282026 1320 02
   01468  I 09282026 1324 05
   01312  I 09282026 1325 05
   03176  I 09282026 1330 05
   12392  I 09282026 1337 05
   11266  I 09282026 1339 05
   10200  I 09282026 1341 05
   03062  I 09282026 1341 06
   10224  I 09282026 1341 05
   03047  I 09282026 1347 05
   12679  I 09282026 1351 05
   03124  I 09282026 1352 02
   10176  I 09282026 1353 05
   01319  I 09282026 1354 05
   03123  I 09282026 1356 06
   01249  I 09282026 1357 05
   10384  I 09282026 1358 05
   12497  I 09282026 1358 01
   01295  I 09282026 1359 05
   10184  I 09282026 1400 06
   03104  I 09282026 1401 05
   12760  I 09282026 1401 01
   03119  I 09282026 1403 05
   11647  I 09282026 1404 05
   03012  I 09282026 1405 06
   12843  I 09282026 1406 01
   12712  I 09282026 1406 05
   10100  I 09282026 1406 06
   12887  I 09282026 1407 05
   12595  I 09282026 1407 06
   01317  I 09282026 1408 02
   12897  I 09282026 1408 05
   03170  I 09282026 1409 10
   12832  I 09282026 1411 05
   12539  I 09282026 1412 06
   10807  I 09282026 1412 01
   12948  I 09282026 1412 01
   12761  I 09282026 1413 02
   12664  I 09282026 1413 05
   12856  I 09282026 1413 01
   10221  I 09282026 1416 02
   01487  I 09282026 1417 02
   12475  I 09282026 1417 05
   12668  I 09282026 1418 01
   10606  I 09282026 1418 01
   12561  I 09282026 1419 01
   12780  I 09282026 1420 06
   12188  I 09282026 1420 05
   12944  I 09282026 1422 01
   12822  I 09282026 1422 05
   12762  I 09282026 1422 01
   12930  I 09282026 1422 06
   01333  I 09282026 1422 05
   12334  I 09282026 1423 02
   12383  I 09282026 1423 02
   12620  I 09282026 1424 06
   12821  I 09282026 1424 06
   12064  I 09282026 1425 01
   12831  I 09282026 1425 01
   01475  I 09282026 1425 01
   10144  I 09282026 1425 05
   12458  I 09282026 1426 01
   12609  I 09282026 1428 06
   12135  I 09282026 1428 01
   10456  I 09282026 1429 05
   12625  I 09282026 1430 05
   01432  I 09282026 1430 05
   10617  I 09282026 1430 05
   01330  I 09282026 1431 06
   03182  I 09282026 1431 06
   10500  I 09282026 1432 05
   12499  I 09282026 1432 02
   01449  I 09282026 1432 02
   12757  O 09282026 1432 07
   12757  I 09282026 1432 05
   01276  I 09282026 1433 01
   12735  I 09282026 1433 05
   12110  I 09282026 1433 05
   12721  I 09282026 1433 02
   12354  I 09282026 1434 05
   10116  I 09282026 1434 06
   12823  I 09282026 1435 05
   12740  I 09282026 1435 02
   12791  I 09282026 1435 01
   12356  I 09282026 1435 02
   10071  I 09282026 1436 06
   12247  I 09282026 1436 05
   11538  I 09282026 1437 06
   11248  I 09282026 1437 06
   10697  I 09282026 1437 05
   11495  I 09282026 1438 02
   12555  I 09282026 1438 05
   01499  I 09282026 1439 06
   11779  I 09282026 1439 02
   12951  I 09282026 1439 01
   12676  I 09282026 1439 05
   12576  I 09282026 1439 06
   11652  I 09282026 1440 01
   10581  I 09282026 1440 05
   12687  I 09282026 1440 06
   12624  I 09282026 1441 02
   12816  I 09282026 1441 01
   12610  I 09282026 1441 06
   12098  I 09282026 1442 02
   10285  I 09282026 1443 06
   12067  I 09282026 1444 06
   12440  I 09282026 1444 05
   12275  I 09282026 1444 06
   12412  I 09282026 1444 05
   11537  I 09282026 1444 06
   12763  I 09282026 1445 02
   12234  I 09282026 1445 01
   12409  I 09282026 1445 06
   12557  I 09282026 1446 01
   12614  I 09282026 1446 01
   03102  I 09282026 1448 01
   01365  I 09282026 1448 06
   12894  I 09282026 1448 06
   12698  I 09282026 1448 02
   12543  I 09282026 1449 01
   01448  I 09282026 1449 02
   11725  I 09282026 1450 01
   12412  O 09282026 1451 07
   12412  I 09282026 1451 05
   01296  I 09282026 1452 02
   10469  I 09282026 1452 01
   11687  I 09282026 1452 02
   12471  I 09282026 1452 02
   01456  I 09282026 1453 01
   12730  I 09282026 1453 02
   12146  I 09282026 1454 05
   03136  I 09282026 1455 01
   12886  I 09282026 1455 01
   12569  I 09282026 1456 05
   12666  I 09282026 1456 02
   12662  I 09282026 1456 02
   12820  I 09282026 1456 06
   01405  I 09282026 1457 01
   10245  I 09282026 1457 01
   10669  I 09282026 1457 02
   03161  I 09282026 1457 01
   12370  I 09282026 1459 06
   12149  O 09282026 1500 08
   10839  O 09282026 1500 07
   10386  O 09282026 1500 04
   01402  O 09282026 1500 08
   10640  I 09282026 1500 01
   12357  O 09282026 1500 03
   01335  O 09282026 1500 07
   12558  O 09282026 1500 04
   12130  O 09282026 1500 03
   03059  O 09282026 1500 07
   12627  O 09282026 1500 11
   12808  O 09282026 1500 08
   12693  O 09282026 1500 03
   10333  O 09282026 1500 07
   12540  O 09282026 1500 04
   01357  O 09282026 1500 08
   12852  O 09282026 1500 12
   10373  O 09282026 1500 11
   12622  O 09282026 1500 04
   10490  I 09282026 1500 01
   12531  O 09282026 1500 03
   10780  O 09282026 1500 12
   03018  O 09282026 1500 07
   01481  O 09282026 1500 08
   10700  I 09282026 1500 01
   03177  O 09282026 1500 04
   10609  O 09282026 1500 12
   10222  O 09282026 1500 07
   12741  O 09282026 1500 03
   10358  O 09282026 1500 11
   10794  I 09282026 1500 01
   03061  O 09282026 1500 08
   12538  O 09282026 1500 04
   12903  O 09282026 1500 03
   12269  I 09282026 1500 05
   10724  O 09282026 1500 04
   12825  O 09282026 1500 03
   12854  O 09282026 1500 11
   11355  O 09282026 1500 04
   12184  O 09282026 1500 14
   12804  O 09282026 1501 03
   10766  O 09282026 1501 07
   10696  I 09282026 1501 01
   12259  O 09282026 1501 08
   12133  O 09282026 1501 03
   12638  O 09282026 1501 12
   11767  O 09282026 1501 11
   12416  O 09282026 1501 07
   12657  O 09282026 1501 03
   12946  O 09282026 1501 12
   12093  O 09282026 1501 08
   12814  O 09282026 1501 04
   12057  O 09282026 1501 03
   10385  I 09282026 1501 01
   10234  O 09282026 1501 04
   12058  O 09282026 1501 03
   12812  O 09282026 1501 12
   01479  O 09282026 1501 04
   10291  O 09282026 1501 07
   10611  O 09282026 1501 12
   12221  O 09282026 1501 12
   12824  O 09282026 1501 03
   01471  O 09282026 1501 07
   12965  O 09282026 1501 04
   10407  O 09282026 1501 11
   10350  O 09282026 1501 12
   12293  O 09282026 1501 07
   12871  O 09282026 1501 08
   12222  O 09282026 1501 07
   12862  O 09282026 1501 08
   10148  I 09282026 1502 05
   11392  O 09282026 1502 07
   03105  O 09282026 1502 03
   12628  O 09282026 1502 07
   12305  O 09282026 1502 08
   12694  O 09282026 1502 03
   12162  O 09282026 1502 04
   12185  O 09282026 1502 11
   01495  O 09282026 1502 12
   01423  O 09282026 1502 11
   12785  O 09282026 1502 03
   12826  O 09282026 1502 04
   10261  O 09282026 1502 12
   12688  O 09282026 1502 08
   12943  O 09282026 1502 03
   01231  O 09282026 1502 07
   12677  O 09282026 1503 07
   03172  O 09282026 1503 08
   10202  O 09282026 1503 07
   01341  I 09282026 1503 02
   12651  O 09282026 1503 11
   10736  O 09282026 1503 04
   12113  O 09282026 1503 11
   11936  O 09282026 1503 08
   10605  O 09282026 1503 07
   10811  O 09282026 1503 07
   12833  O 09282026 1503 12
   12457  O 09282026 1503 07
   03120  O 09282026 1503 11
   10841  O 09282026 1503 07
   11789  I 09282026 1503 06
   01396  O 09282026 1504 08
   12115  O 09282026 1504 11
   12306  O 09282026 1504 12
   09676  O 09282026 1504 04
   12799  O 09282026 1504 07
   12112  O 09282026 1504 12
   10698  O 09282026 1504 03
   12615  O 09282026 1504 08
   12815  O 09282026 1504 07
   12256  O 09282026 1504 12
   12587  O 09282026 1504 07
   11398  O 09282026 1504 12
   12343  O 09282026 1504 08
   12922  O 09282026 1504 03
   12630  O 09282026 1504 07
   12800  O 09282026 1504 04
   12873  O 09282026 1504 03
   03010  O 09282026 1504 08
   12289  O 09282026 1504 07
   01504  O 09282026 1504 04
   12802  O 09282026 1505 03
   12241  O 09282026 1505 04
   12920  O 09282026 1505 03
   11928  O 09282026 1505 04
   11768  O 09282026 1505 08
   11388  I 09282026 1505 02
   11404  O 09282026 1505 12
   10505  O 09282026 1505 07
   11688  O 09282026 1505 08
   12141  O 09282026 1505 12
   01454  O 09282026 1506 08
   11933  O 09282026 1506 04
   12376  O 09282026 1506 12
   09833  O 09282026 1506 11
   09704  O 09282026 1506 08
   12700  O 09282026 1506 04
   10765  O 09282026 1506 07
   10831  O 09282026 1506 07
   01373  O 09282026 1506 08
   12577  O 09282026 1507 12
   12792  O 09282026 1507 07
   01339  O 09282026 1507 12
   09823  O 09282026 1507 11
   12249  O 09282026 1507 12
   03141  O 09282026 1507 12
   03179  O 09282026 1507 12
   01477  O 09282026 1507 11
   12889  O 09282026 1507 03
   11222  O 09282026 1508 07
   12246  O 09282026 1508 08
   12374  O 09282026 1508 04
   10425  O 09282026 1508 03
   10050  O 09282026 1508 04
   11166  O 09282026 1508 04
   11719  O 09282026 1509 03
   10094  O 09282026 1509 03
   12186  O 09282026 1509 08
   03118  O 09282026 1509 07
   03108  O 09282026 1509 11
   12861  O 09282026 1510 12
   10663  O 09282026 1510 08
   12674  O 09282026 1511 12
   12568  O 09282026 1511 08
   12754  O 09282026 1512 07
   10585  O 09282026 1515 03
   10759  O 09282026 1515 08
   01511  O 09282026 1515 03
   12737  O 09282026 1515 12
   10449  O 09282026 1516 14
   11223  O 09282026 1516 08
   12945  O 09282026 1518 12
   10169  O 09282026 1518 11
   12488  O 09282026 1518 14
   12183  O 09282026 1520 14
   03026  O 09282026 1522 11
   12088  O 09282026 1523 12
   10334  O 09282026 1524 08
   01266  O 09282026 1525 08
   01422  O 09282026 1526 07
   03135  O 09282026 1532 03
   01374  O 09282026 1535 04
   11946  O 09282026 1538 07
   12373  O 09282026 1541 03
   12790  O 09282026 1541 03
   12375  I 09282026 1550 01
   03135  I 09282026 1550 02
   12299  I 09282026 1552 05
   12612  I 09282026 1601 02
   12640  O 09282026 1603 08
   12451  O 09282026 1700 03
   12191  O 09282026 1700 04
   12341  O 09282026 1700 11
   12439  O 09282026 1700 04
   03007  O 09282026 1700 11
   01369  O 09282026 1702 03
   01415  O 09282026 1703 14
   03098  O 09282026 1705 07
   12805  O 09282026 1706 07
   03101  O 09282026 1706 03
   10712  O 09282026 1708 11
   11522  O 09282026 1712 04
   12756  I 09282026 1738 06
   12192  I 09282026 1747 05
   12128  I 09282026 1755 06
   12136  I 09282026 1756 01
   03098  I 09282026 1758 05
   03151  O 09282026 1802 04
   12355  I 09282026 1805 05
   11267  O 09282026 1809 12
   11411  I 09282026 1814 02
   10576  I 09282026 1816 02
   12502  I 09282026 1820 06
   12644  I 09282026 1828 06
   11493  O 09282026 1830 14
   11848  I 09282026 1832 06
   12637  I 09282026 1832 06
   12639  I 09282026 1832 05
   11724  I 09282026 1836 01
   12467  O 09282026 1837 04
   12467  I 09282026 1837 02
   11926  I 09282026 1839 05
   12701  I 09282026 1840 01
   12755  I 09282026 1841 02
   10047  I 09282026 1842 02
   12501  I 09282026 1845 06
   10796  O 09282026 1850 07
   12372  I 09282026 1850 02
   12623  I 09282026 1850 02
   12742  I 09282026 1850 01
   12189  I 09282026 1851 01
   12415  I 09282026 1852 06
   10232  I 09282026 1852 01
   12164  I 09282026 1857 02
   12828  I 09282026 1859 01
   12307  O 09282026 1900 07
   11167  O 09282026 1900 03
   12890  O 09282026 1900 11
   12829  O 09282026 1900 04
   12732  O 09282026 1900 08
   03058  O 09282026 1900 03
   12260  O 09282026 1900 08
   03088  O 09282026 1900 04
   12672  O 09282026 1900 03
   10843  I 09282026 1900 05
   10843  O 09282026 1900 07
   12097  O 09282026 1900 11
   11690  O 09282026 1900 11
   12342  O 09282026 1900 11
   12369  O 09282026 1900 12
   12594  O 09282026 1901 11
   12652  O 09282026 1901 03
   12074  O 09282026 1901 04
   12845  O 09282026 1901 12
   10466  O 09282026 1901 11
   12877  O 09282026 1902 03
   12368  O 09282026 1902 08
   12717  O 09282026 1902 07
   03167  O 09282026 1902 08
   12738  O 09282026 1902 03
   12084  O 09282026 1903 03
   12131  O 09282026 1903 03
   12125  O 09282026 1904 07
   12066  O 09282026 1904 14
   01452  O 09282026 1906 04
   11784  O 09282026 1906 14
   12390  O 09282026 1909 03
   12463  O 09282026 1911 12
   12851  O 09282026 1911 12
   12325  O 09282026 1914 11
   11863  O 09282026 1916 12
   01234  I 09282026 1932 01
   01512  I 09282026 1934 02
   12725  O 09282026 2002 03
   12059  O 09282026 2011 03
   03135  O 09282026 2015 04
   10133  I 09282026 2045 10
   12020  O 09282026 2100 08
   11692  O 09282026 2100 07
   12089  I 09282026 2119 05
   12759  I 09282026 2120 06
   12678  I 09282026 2129 06
   10847  I 09282026 2130 05
   03053  I 09282026 2134 05
   01351  I 09282026 2134 06
   10809  I 09282026 2138 05
   10608  I 09282026 2138 01
   11168  I 09282026 2146 06
   03148  I 09282026 2147 02
   01428  I 09282026 2149 05
   11605  I 09282026 2151 05
   12718  I 09282026 2151 05
   12924  I 09282026 2151 01
   12266  I 09282026 2152 02
   12919  I 09282026 2155 01
   12461  I 09282026 2156 05
   12583  I 09282026 2156 10
   12645  I 09282026 2158 05
   12056  I 09282026 2159 01
   01425  I 09282026 2200 06
   01459  I 09282026 2201 05
   12148  I 09282026 2202 05
   10287  I 09282026 2205 06
   10604  I 09282026 2206 01
   01344  I 09282026 2208 05
   12598  I 09282026 2209 05
   03029  I 09282026 2210 06
   12140  I 09282026 2210 06
   10310  I 09282026 2210 06
   12753  I 09282026 2210 05
   10177  I 09282026 2213 05
   12647  I 09282026 2213 02
   12329  I 09282026 2214 02
   03112  I 09282026 2215 06
   12807  I 09282026 2215 05
   11390  I 09282026 2216 06
   12950  I 09282026 2216 01
   11940  I 09282026 2218 06
   12840  I 09282026 2219 05
   12813  I 09282026 2219 06
   12872  I 09282026 2219 01
   12690  I 09282026 2219 06
   12496  I 09282026 2219 06
   10607  I 09282026 2220 01
   12530  I 09282026 2221 01
   10830  I 09282026 2221 01
   12869  I 09282026 2222 05
   12397  I 09282026 2223 02
   10140  I 09282026 2223 05
   12359  I 09282026 2223 01
   10117  I 09282026 2224 05
   12863  I 09282026 2225 01
   03168  I 09282026 2225 06
   12682  I 09282026 2227 05
   12731  I 09282026 2227 05
   03027  I 09282026 2227 05
   10146  I 09282026 2227 06
   12858  I 09282026 2227 05
   12758  I 09282026 2228 01
   12723  I 09282026 2228 02
   01302  I 09282026 2229 06
   12650  I 09282026 2229 05
   12350  I 09282026 2229 01
   10240  I 09282026 2230 06
   12433  I 09282026 2231 02
   12476  I 09282026 2231 01
   10309  I 09282026 2233 06
   12809  I 09282026 2234 05
   01492  I 09282026 2234 06
   03152  I 09282026 2236 02
   12665  I 09282026 2237 01
   12726  I 09282026 2237 05
   12142  I 09282026 2237 06
   01356  I 09282026 2237 01
   12729  I 09282026 2237 05
   12663  I 09282026 2237 06
   03001  I 09282026 2237 05
   11402  I 09282026 2237 05
   12472  I 09282026 2238 06
   12743  I 09282026 2238 05
   11787  I 09282026 2238 06
   12926  I 09282026 2238 05
   03037  I 09282026 2238 06
   12217  I 09282026 2238 01
   01470  I 09282026 2239 05
   12236  I 09282026 2239 06
   11776  I 09282026 2239 05
   03078  I 09282026 2239 06
   11387  I 09282026 2239 05
   03077  I 09282026 2239 06
   03159  I 09282026 2239 09
   11937  I 09282026 2239 06
   12642  I 09282026 2240 06
   12798  I 09282026 2240 02
   11534  I 09282026 2240 06
   12138  I 09282026 2240 02
   11942  I 09282026 2241 05
   12827  I 09282026 2241 01
   12049  I 09282026 2242 06
   12546  I 09282026 2242 06
   10243  I 09282026 2242 02
   12298  I 09282026 2243 05
   12720  I 09282026 2243 05
   12503  I 09282026 2243 06
   11772  I 09282026 2244 05
   12349  I 09282026 2244 01
   11780  I 09282026 2244 06
   12153  I 09282026 2244 02
   03173  I 09282026 2244 06
   12082  I 09282026 2245 06
   11494  I 09282026 2245 06
   12855  I 09282026 2246 01
   10026  I 09282026 2246 06
   10318  I 09282026 2246 01
   11286  I 09282026 2247 01
   10808  I 09282026 2248 06
   10219  I 09282026 2248 05
   12224  I 09282026 2248 05
   11650  I 09282026 2248 01
   12085  I 09282026 2248 02
   03032  I 09282026 2249 02
   12076  I 09282026 2250 01
   01373  I 09282026 2251 05
   10705  I 09282026 2251 06
   12204  I 09282026 2251 02
   12722  I 09282026 2251 06
   12961  I 09282026 2252 06
   12878  I 09282026 2253 01
   12147  I 09282026 2253 02
   12237  I 09282026 2254 05
   12371  I 09282026 2254 05
   12846  I 09282026 2255 05
   12545  I 09282026 2256 01
   03080  I 09282026 2256 05
   12180  I 09282026 2256 06
   12670  I 09282026 2256 01
   12339  I 09282026 2256 06
   12736  I 09282026 2257 05
   01367  I 09282026 2257 05
   12248  I 09282026 2257 01
   12230  I 09282026 2258 01
   11879  I 09282026 2258 06
   10658  I 09282026 2258 02
   12021  I 09282026 2259 02
   12337  I 09282026 2259 01
   12664  O 09282026 2300 07
   10127  O 09282026 2300 12
   12692  O 09282026 2300 03
   12098  O 09282026 2300 08
   12662  O 09282026 2300 04
   10116  O 09282026 2300 12
   01320  O 09282026 2300 11
   10083  O 09282026 2300 07
   12556  O 09282026 2300 03
   12576  O 09282026 2300 04
   10200  O 09282026 2300 12
   11496  O 09282026 2300 11
   10754  O 09282026 2300 14
   03123  O 09282026 2300 12
   11774  O 09282026 2300 04
   10469  O 09282026 2300 03
   12679  O 09282026 2300 12
   12080  O 09282026 2300 11
   12497  O 09282026 2300 04
   01296  O 09282026 2300 14
   12948  O 09282026 2300 07
   10100  O 09282026 2300 04
   12730  O 09282026 2300 12
   12897  O 09282026 2300 03
   12409  O 09282026 2300 11
   12735  O 09282026 2300 12
   01487  O 09282026 2300 04
   12712  O 09282026 2300 03
   12610  O 09282026 2300 11
   11537  O 09282026 2300 07
   01341  O 09282026 2300 12
   12698  O 09282026 2300 04
   10817  I 09282026 2300 01
   12561  O 09282026 2300 11
   10807  O 09282026 2300 03
   12122  I 09282026 2300 02
   12275  O 09282026 2300 07
   12721  O 09282026 2300 04
   12238  O 09282026 2300 11
   10794  O 09282026 2300 08
   12460  O 09282026 2300 03
   10697  O 09282026 2300 11
   12783  O 09282026 2300 12
   12135  O 09282026 2300 04
   03119  O 09282026 2300 11
   10467  O 09282026 2300 03
   10522  O 09282026 2300 07
   01319  O 09282026 2300 04
   12716  O 09282026 2300 08
   12620  O 09282026 2300 11
   10700  O 09282026 2300 07
   12740  O 09282026 2300 03
   01330  O 09282026 2300 04
   11266  O 09282026 2300 11
   01405  O 09282026 2301 03
   10369  O 09282026 2300 07
   03102  O 09282026 2301 08
   12539  O 09282026 2301 11
   01306  O 09282026 2301 04
   10598  I 09282026 2301 06
   10669  O 09282026 2301 03
   11248  O 09282026 2301 11
   12234  O 09282026 2301 04
   12710  O 09282026 2301 11
   12967  O 09282026 2301 07
   03030  I 09282026 2301 02
   10640  O 09282026 2301 04
   01475  O 09282026 2301 03
   11169  O 09282026 2301 11
   12780  O 09282026 2301 12
   12081  O 09282026 2301 08
   12069  O 09282026 2301 11
   12064  O 09282026 2301 03
   01333  O 09282026 2301 12
   11652  O 09282026 2301 04
   12499  O 09282026 2301 04
   10383  O 09282026 2301 11
   01317  O 09282026 2301 12
   12146  O 09282026 2301 04
   10384  O 09282026 2301 07
   11400  O 09282026 2301 11
   03126  O 09282026 2301 03
   03182  O 09282026 2301 04
   12601  O 09282026 2301 03
   12823  O 09282026 2301 04
   12302  I 09282026 2301 01
   10581  O 09282026 2301 04
   12392  O 09282026 2302 03
   03176  O 09282026 2302 04
   12354  O 09282026 2302 07
   12188  O 09282026 2302 03
   12440  O 09282026 2302 08
   10617  O 09282026 2302 04
   12687  O 09282026 2302 08
   10245  O 09282026 2302 03
   10070  O 09282026 2302 12
   10091  O 09282026 2302 04
   11647  O 09282026 2302 07
   11388  O 09282026 2302 08
   10021  O 09282026 2302 12
   12822  O 09282026 2302 03
   10696  O 09282026 2302 04
   10589  O 09282026 2302 03
   12151  O 09282026 2302 04
   12383  O 09282026 2302 03
   12614  O 09282026 2302 03
   12856  O 09282026 2302 03
   12760  O 09282026 2302 03
   11725  O 09282026 2303 03
   03047  O 09282026 2303 08
   12667  I 09282026 2303 01
   12761  O 09282026 2303 04
   12831  O 09282026 2303 04
   10184  O 09282026 2303 04
   10678  O 09282026 2303 03
   10456  O 09282026 2303 04
   01249  O 09282026 2303 12
   10145  I 09282026 2303 01
   01510  O 09282026 2303 03
   11687  O 09282026 2303 03
   12557  O 09282026 2304 03
   10144  O 09282026 2304 07
   03062  O 09282026 2304 08
   03161  O 09282026 2304 03
   11646  O 09282026 2304 12
   03124  O 09282026 2304 03
   03012  O 09282026 2304 07
   10176  O 09282026 2304 08
   03170  O 09282026 2304 03
   10201  O 09282026 2304 03
   12096  I 09282026 2304 01
   12676  O 09282026 2304 11
   12555  O 09282026 2304 03
   10046  O 09282026 2305 03
   11935  O 09282026 2305 14
   03098  O 09282026 2305 07
   12763  O 09282026 2305 04
   12793  I 09282026 2305 02
   12793  O 09282026 2305 03
   12886  O 09282026 2305 04
   12695  O 09282026 2305 03
   12666  O 09282026 2305 04
   10849  O 09282026 2305 03
   03136  O 09282026 2305 03
   12853  O 09282026 2305 12
   12269  O 09282026 2305 12
   12458  O 09282026 2306 03
   12930  O 09282026 2306 03
   12887  O 09282026 2306 03
   12843  O 09282026 2306 04
   12832  O 09282026 2306 03
   12944  O 09282026 2306 04
   11495  O 09282026 2306 03
   12874  O 09282026 2306 04
   12624  O 09282026 2306 03
   12544  O 09282026 2307 11
   12706  O 09282026 2307 11
   10148  O 09282026 2307 07
   10606  O 09282026 2307 04
   10231  O 09282026 2307 03
   12500  O 09282026 2308 03
   01276  O 09282026 2309 03
   01499  O 09282026 2311 07
   01295  O 09282026 2311 04
   11779  O 09282026 2312 07
   01432  O 09282026 2313 08
   10612  O 09282026 2313 14
   11789  O 09282026 2316 07
   12334  O 09282026 2319 12
   12110  O 09282026 2319 11
   01312  O 09282026 2322 12
   01449  O 09282026 2324 08
   12798  O 09282026 2329 04
   01456  O 09282026 2345 07
   01468  O 09282026 2348 12
