10712  O 09102026 0043 07
10201  O 09102026 0300 11
03068  I 09102026 0442 05
01454  I 09102026 0459 01
09823  I 09102026 0527 06
12457  I 09102026 0531 05
01468  I 09102026 0531 05
10333  I 09102026 0541 05
03182  I 09102026 0542 06
12249  I 09102026 0544 05
11690  I 09102026 0545 05
11928  I 09102026 0547 05
12558  I 09102026 0547 06
03007  I 09102026 0552 06
03179  I 09102026 0554 05
12540  I 09102026 0555 05
12080  I 09102026 0556 06
12756  I 09102026 0557 06
01495  I 09102026 0557 09
12890  I 09102026 0558 05
01402  I 09102026 0558 05
12844  I 09102026 0559 02
03062  I 09102026 0559 06
10202  I 09102026 0559 06
12725  I 09102026 0602 01
01231  I 09102026 0602 05
12854  I 09102026 0604 06
03135  I 09102026 0605 01
01335  I 09102026 0605 05
10127  I 09102026 0605 06
12897  I 09102026 0606 01
12692  I 09102026 0607 01
01319  I 09102026 0607 05
12785  I 09102026 0608 01
12644  I 09102026 0608 06
12920  I 09102026 0609 01
10736  O 09102026 0610 03
03172  I 09102026 0610 05
09704  I 09102026 0611 01
10736  I 09102026 0611 02
10071  I 09102026 0611 05
12651  I 09102026 0611 06
12965  I 09102026 0612 02
12821  I 09102026 0612 05
12808  I 09102026 0612 05
01339  I 09102026 0612 06
12967  I 09102026 0613 06
01295  I 09102026 0614 02
01481  I 09102026 0614 05
10310  I 09102026 0614 06
12814  I 09102026 0616 05
11768  I 09102026 0617 06
11774  I 09102026 0618 02
12922  I 09102026 0619 01
12822  I 09102026 0619 02
12847  I 09102026 0619 02
12396  I 09102026 0620 02
12927  I 09102026 0621 02
03120  I 09102026 0621 05
12256  I 09102026 0621 05
10787  I 09102026 0621 06
11935  I 09102026 0621 06
10795  I 09102026 0621 06
03026  I 09102026 0622 01
01306  I 09102026 0622 02
12341  I 09102026 0622 05
12409  I 09102026 0622 05
11223  I 09102026 0622 06
10169  I 09102026 0622 06
12802  I 09102026 0623 02
12162  I 09102026 0623 02
10199  I 09102026 0623 05
01423  I 09102026 0623 05
11493  I 09102026 0623 05
10843  I 09102026 0623 06
11267  I 09102026 0624 01
10221  I 09102026 0625 02
12149  I 09102026 0625 05
10021  I 09102026 0625 05
12637  I 09102026 0625 06
12246  I 09102026 0626 01
12786  I 09102026 0626 02
11933  I 09102026 0627 01
12888  I 09102026 0627 06
12390  I 09102026 0628 02
03018  I 09102026 0628 05
12531  I 09102026 0628 06
12833  I 09102026 0629 06
11167  I 09102026 0630 01
10386  I 09102026 0630 02
12094  I 09102026 0630 05
11498  I 09102026 0630 05
12343  I 09102026 0630 06
01266  I 09102026 0631 05
12140  I 09102026 0631 06
12222  I 09102026 0632 05
01417  I 09102026 0632 06
12826  I 09102026 0633 01
12943  I 09102026 0633 01
12845  I 09102026 0633 06
12289  I 09102026 0633 06
12825  I 09102026 0634 01
10357  I 09102026 0634 02
12674  I 09102026 0634 06
12871  I 09102026 0635 01
12625  I 09102026 0635 05
12693  I 09102026 0635 06
12945  I 09102026 0635 06
10766  I 09102026 0635 06
12115  I 09102026 0636 01
12440  I 09102026 0636 05
10135  I 09102026 0636 06
12792  I 09102026 0637 01
12234  I 09102026 0637 01
12791  I 09102026 0637 02
10054  I 09102026 0637 02
12081  I 09102026 0637 05
03167  I 09102026 0637 05
12647  I 09102026 0637 06
12594  I 09102026 0637 06
10576  I 09102026 0638 02
11400  I 09102026 0638 05
10606  I 09102026 0639 01
12058  I 09102026 0639 01
12064  I 09102026 0639 01
10849  I 09102026 0639 01
11166  I 09102026 0639 01
12873  I 09102026 0639 02
10759  I 09102026 0639 06
10612  I 09102026 0639 06
11222  I 09102026 0640 01
11726  I 09102026 0640 01
12451  I 09102026 0640 02
03176  I 09102026 0640 05
12688  I 09102026 0640 05
03059  I 09102026 0640 05
12020  I 09102026 0640 06
11863  I 09102026 0640 06
11688  I 09102026 0640 06
12376  I 09102026 0640 06
12055  I 09102026 0641 01
10050  I 09102026 0641 02
12383  I 09102026 0641 02
10698  I 09102026 0641 06
12183  I 09102026 0641 06
12472  I 09102026 0641 06
11787  I 09102026 0641 06
12350  I 09102026 0642 01
01504  I 09102026 0642 02
12800  I 09102026 0642 02
10176  I 09102026 0642 05
12716  I 09102026 0642 06
12754  I 09102026 0642 06
12110  I 09102026 0643 01
10796  I 09102026 0643 01
12191  I 09102026 0643 02
12904  I 09102026 0643 02
12084  I 09102026 0643 02
01317  I 09102026 0643 02
12894  I 09102026 0643 05
03108  I 09102026 0643 09
03108  O 09102026 0643 11
10827  I 09102026 0644 01
10830  I 09102026 0644 01
12374  I 09102026 0644 02
10094  I 09102026 0644 02
12130  I 09102026 0644 02
10609  I 09102026 0644 05
10449  I 09102026 0644 05
01477  I 09102026 0644 05
12669  I 09102026 0644 05
10385  I 09102026 0644 05
10222  I 09102026 0644 05
11248  I 09102026 0644 06
01345  I 09102026 0644 06
12473  I 09102026 0644 06
11784  I 09102026 0644 06
12066  I 09102026 0644 06
10811  I 09102026 0644 06
01232  I 09102026 0645 01
12578  I 09102026 0645 02
12267  I 09102026 0645 05
10291  I 09102026 0645 06
12862  I 09102026 0646 01
12832  I 09102026 0646 02
01511  I 09102026 0646 02
10841  I 09102026 0646 05
10522  I 09102026 0646 06
12305  I 09102026 0646 06
12057  I 09102026 0647 01
03151  I 09102026 0647 01
12652  I 09102026 0647 01
12601  I 09102026 0647 01
12456  I 09102026 0647 01
01422  I 09102026 0647 01
10234  I 09102026 0647 02
01452  I 09102026 0647 02
12074  I 09102026 0647 02
12329  I 09102026 0647 02
10144  I 09102026 0647 05
10786  I 09102026 0647 05
11404  I 09102026 0647 06
12439  I 09102026 0648 02
09833  I 09102026 0648 05
12615  I 09102026 0648 05
11767  I 09102026 0648 05
01357  I 09102026 0648 06
10383  I 09102026 0648 06
12732  I 09102026 0648 06
12568  I 09102026 0648 06
12622  I 09102026 0649 01
11725  I 09102026 0649 01
12841  I 09102026 0649 01
12156  I 09102026 0649 02
01374  I 09102026 0649 02
12538  I 09102026 0649 02
10678  I 09102026 0649 02
12156  O 09102026 0649 03
12661  I 09102026 0649 05
10086  I 09102026 0649 05
01433  I 09102026 0649 06
10765  I 09102026 0649 06
12853  I 09102026 0649 06
12878  I 09102026 0650 02
12372  I 09102026 0650 02
11519  I 09102026 0650 05
10589  I 09102026 0650 05
10091  I 09102026 0650 05
12056  I 09102026 0650 06
11398  I 09102026 0650 06
12185  I 09102026 0650 06
10588  I 09102026 0650 06
11946  I 09102026 0651 05
01415  I 09102026 0651 05
01479  I 09102026 0651 06
12373  I 09102026 0652 01
12672  I 09102026 0652 01
10785  I 09102026 0652 06
12221  I 09102026 0652 09
12189  I 09102026 0653 01
12689  I 09102026 0653 01
09676  I 09102026 0653 02
12357  I 09102026 0653 02
12687  I 09102026 0653 05
10831  I 09102026 0653 05
12852  I 09102026 0653 05
12293  I 09102026 0653 05
12368  I 09102026 0653 06
12187  I 09102026 0653 06
12339  I 09102026 0653 06
10611  I 09102026 0653 09
11789  I 09102026 0654 01
12259  I 09102026 0654 01
11408  I 09102026 0654 02
12737  I 09102026 0654 02
01396  I 09102026 0654 05
11777  I 09102026 0654 05
12805  I 09102026 0654 05
11692  I 09102026 0654 06
03126  I 09102026 0654 06
10425  I 09102026 0654 06
12638  I 09102026 0655 02
12846  I 09102026 0655 02
12946  I 09102026 0655 02
01471  I 09102026 0655 05
12815  I 09102026 0655 05
12088  I 09102026 0655 06
10407  I 09102026 0655 09
01276  I 09102026 0656 01
12799  I 09102026 0656 01
01379  I 09102026 0656 02
03088  I 09102026 0656 02
11943  I 09102026 0656 05
12325  I 09102026 0657 01
11522  I 09102026 0657 02
11496  I 09102026 0657 05
11779  I 09102026 0657 06
10046  I 09102026 0658 01
12735  I 09102026 0658 05
12730  I 09102026 0658 05
10788  I 09102026 0658 06
10350  I 09102026 0659 01
10334  I 09102026 0659 01
12164  I 09102026 0659 02
12828  I 09102026 0700 01
11719  I 09102026 0700 01
10505  I 09102026 0700 02
12819  I 09102026 0700 06
12299  I 09102026 0700 06
12764  I 09102026 0700 06
11392  I 09102026 0700 06
12059  I 09102026 0701 01
12630  I 09102026 0701 01
10466  I 09102026 0701 01
12699  I 09102026 0701 02
12699  O 09102026 0701 03
10724  I 09102026 0702 01
11388  I 09102026 0702 01
12877  I 09102026 0702 01
12694  I 09102026 0702 02
03010  I 09102026 0702 02
12740  I 09102026 0702 02
12657  I 09102026 0702 06
12133  I 09102026 0703 01
10055  I 09102026 0703 01
01369  I 09102026 0703 01
03105  I 09102026 0703 02
03101  I 09102026 0703 02
12093  I 09102026 0705 01
12886  I 09102026 0705 02
12141  I 09102026 0705 02
12640  I 09102026 0705 02
12500  I 09102026 0706 02
12717  I 09102026 0706 05
10231  I 09102026 0742 01
12489  I 09102026 0757 02
12624  I 09102026 0800 01
10712  I 09102026 0900 05
10127  O 09102026 0900 11
03029  I 09102026 1012 10
10306  I 09102026 1024 02
12188  I 09102026 1040 01
12375  I 09102026 1054 02
10047  I 09102026 1254 06
12089  I 09102026 1305 05
12924  I 09102026 1305 06
11646  I 09102026 1312 06
01234  I 09102026 1314 01
12497  I 09102026 1327 01
01249  I 09102026 1333 05
03177  I 09102026 1340 06
12645  I 09102026 1341 05
03123  I 09102026 1344 06
12392  I 09102026 1347 05
10201  I 09102026 1348 01
03047  I 09102026 1351 05
10720  I 09102026 1351 06
12724  I 09102026 1352 05
12496  I 09102026 1352 06
12192  I 09102026 1353 05
12148  I 09102026 1354 06
12135  I 09102026 1356 01
12903  I 09102026 1356 01
11169  I 09102026 1358 02
11266  I 09102026 1359 05
12710  I 09102026 1359 05
03077  I 09102026 1359 06
03119  I 09102026 1400 05
12679  I 09102026 1400 06
12583  I 09102026 1400 06
12254  I 09102026 1404 06
10807  I 09102026 1406 01
12458  I 09102026 1406 02
11647  I 09102026 1406 05
12947  I 09102026 1407 01
12856  I 09102026 1407 02
01333  I 09102026 1407 05
10706  I 09102026 1408 05
10083  I 09102026 1409 06
12928  I 09102026 1410 01
03170  I 09102026 1410 05
10117  I 09102026 1410 05
10285  I 09102026 1410 06
12887  I 09102026 1411 05
12072  I 09102026 1412 02
12760  I 09102026 1413 01
12948  I 09102026 1413 01
12962  I 09102026 1413 02
12467  I 09102026 1413 02
12700  I 09102026 1414 05
12831  I 09102026 1416 01
10100  I 09102026 1417 05
10116  I 09102026 1417 05
03173  I 09102026 1417 06
12824  I 09102026 1419 02
12780  I 09102026 1420 05
10184  I 09102026 1420 06
01432  I 09102026 1421 05
03012  I 09102026 1421 06
12151  I 09102026 1421 06
01449  I 09102026 1422 02
10223  I 09102026 1422 05
12690  I 09102026 1422 06
12727  I 09102026 1423 06
12762  I 09102026 1424 01
12761  I 09102026 1424 02
12783  I 09102026 1424 05
10261  I 09102026 1424 06
12712  I 09102026 1424 06
12664  I 09102026 1424 06
12723  I 09102026 1425 01
01330  I 09102026 1425 06
01320  I 09102026 1426 06
12576  I 09102026 1428 05
12813  I 09102026 1428 06
01475  I 09102026 1429 01
12949  I 09102026 1429 01
12930  I 09102026 1430 01
12753  I 09102026 1430 05
12116  I 09102026 1431 05
01365  I 09102026 1431 05
12412  I 09102026 1431 06
12793  I 09102026 1433 01
12247  I 09102026 1433 05
10697  I 09102026 1434 05
03030  I 09102026 1434 05
10456  I 09102026 1434 05
11694  I 09102026 1434 06
01492  I 09102026 1434 06
12944  I 09102026 1435 01
12701  I 09102026 1435 01
12676  I 09102026 1435 05
12631  I 09102026 1436 06
12662  I 09102026 1437 02
12843  I 09102026 1437 06
12146  I 09102026 1438 05
12809  I 09102026 1438 05
12609  I 09102026 1438 05
12539  I 09102026 1438 06
12665  I 09102026 1439 01
10669  I 09102026 1439 02
12354  I 09102026 1439 05
10356  I 09102026 1439 05
12729  I 09102026 1439 05
10617  I 09102026 1439 05
12415  I 09102026 1439 06
10581  I 09102026 1440 06
10598  I 09102026 1440 06
10017  I 09102026 1440 06
11411  I 09102026 1441 02
12356  I 09102026 1441 02
10469  I 09102026 1441 02
12757  I 09102026 1441 06
11945  I 09102026 1441 06
03159  I 09102026 1441 09
12556  I 09102026 1442 01
11937  I 09102026 1442 06
12067  I 09102026 1442 06
11687  I 09102026 1443 01
03136  I 09102026 1443 01
01448  I 09102026 1443 02
12901  I 09102026 1443 06
01327  I 09102026 1444 01
12951  I 09102026 1444 01
12569  I 09102026 1444 05
12462  I 09102026 1444 05
12487  I 09102026 1444 06
11652  I 09102026 1445 01
10794  I 09102026 1445 06
10700  I 09102026 1445 06
10490  I 09102026 1445 06
01456  I 09102026 1445 06
12577  I 09102026 1445 09
12204  I 09102026 1446 01
11926  I 09102026 1446 05
12049  I 09102026 1446 06
10287  I 09102026 1446 06
11495  I 09102026 1448 02
12371  I 09102026 1448 05
12555  I 09102026 1448 05
03102  I 09102026 1449 01
12698  I 09102026 1449 02
12561  I 09102026 1449 02
10384  I 09102026 1449 05
03001  I 09102026 1449 05
12224  I 09102026 1449 05
03124  I 09102026 1449 06
12543  I 09102026 1450 01
12763  I 09102026 1450 05
03080  I 09102026 1450 06
01382  I 09102026 1452 05
12584  I 09102026 1452 05
01499  I 09102026 1452 06
12820  I 09102026 1453 06
10148  I 09102026 1454 05
11537  I 09102026 1454 06
11168  I 09102026 1454 06
12076  I 09102026 1455 01
10245  I 09102026 1455 01
12499  I 09102026 1455 02
12125  I 09102026 1455 02
12417  I 09102026 1455 06
01405  I 09102026 1456 01
12874  I 09102026 1456 01
03085  I 09102026 1456 01
12098  I 09102026 1456 02
12611  I 09102026 1457 01
10378  I 09102026 1457 01
12582  I 09102026 1457 06
12557  I 09102026 1458 02
10500  I 09102026 1458 05
12238  I 09102026 1458 09
12614  I 09102026 1459 01
01341  I 09102026 1500 01
12357  O 09102026 1500 03
12130  O 09102026 1500 03
10221  O 09102026 1500 03
12825  O 09102026 1500 03
12844  O 09102026 1500 03
12786  O 09102026 1500 03
12847  O 09102026 1500 03
12057  O 09102026 1500 03
10386  O 09102026 1500 04
12055  O 09102026 1500 04
12692  O 09102026 1500 04
12396  O 09102026 1500 04
11774  O 09102026 1500 04
12149  O 09102026 1500 04
12558  O 09102026 1500 04
12540  O 09102026 1500 04
01319  O 09102026 1500 04
12669  O 09102026 1500 07
03059  O 09102026 1500 07
12638  O 09102026 1500 07
12615  O 09102026 1500 07
12888  O 09102026 1500 07
10795  O 09102026 1500 07
10333  O 09102026 1500 07
12808  O 09102026 1500 07
10222  O 09102026 1500 07
01357  O 09102026 1500 08
11777  O 09102026 1500 08
12815  O 09102026 1500 08
01402  O 09102026 1500 08
11223  O 09102026 1500 08
10787  O 09102026 1500 08
10385  O 09102026 1500 08
10202  O 09102026 1500 08
03182  O 09102026 1500 08
10071  O 09102026 1500 12
10696  I 09102026 1501 01
12531  O 09102026 1501 03
12058  O 09102026 1501 03
10231  O 09102026 1501 03
03126  O 09102026 1501 03
12672  O 09102026 1501 03
12538  O 09102026 1501 03
12965  O 09102026 1501 03
12456  O 09102026 1501 04
12601  O 09102026 1501 04
12259  O 09102026 1501 04
12064  O 09102026 1501 04
12904  O 09102026 1501 04
12814  O 09102026 1501 04
03068  O 09102026 1501 04
10522  O 09102026 1501 07
11392  O 09102026 1501 07
01345  O 09102026 1501 07
10589  O 09102026 1501 07
12440  O 09102026 1501 07
10144  O 09102026 1501 07
12020  O 09102026 1501 08
01433  O 09102026 1501 08
01481  O 09102026 1501 08
11388  O 09102026 1501 08
10086  O 09102026 1501 08
10091  O 09102026 1501 08
10383  O 09102026 1501 11
12221  O 09102026 1501 11
01232  O 09102026 1501 11
11767  O 09102026 1501 12
12890  O 09102026 1501 12
01477  O 09102026 1501 12
03179  O 09102026 1501 12
10612  O 09102026 1501 14
03161  I 09102026 1502 01
11167  O 09102026 1502 03
12699  O 09102026 1502 03
12841  O 09102026 1502 03
10678  O 09102026 1502 04
01479  O 09102026 1502 04
01452  O 09102026 1502 04
12661  O 09102026 1502 07
03018  O 09102026 1502 07
10766  O 09102026 1502 07
10811  O 09102026 1502 07
01471  O 09102026 1502 07
10505  O 09102026 1502 08
01335  O 09102026 1502 08
12056  O 09102026 1502 08
10291  O 09102026 1502 08
12409  O 09102026 1502 11
12732  O 09102026 1502 11
12594  O 09102026 1502 11
12185  O 09102026 1502 11
10176  O 09102026 1502 11
03007  O 09102026 1502 12
12854  O 09102026 1502 12
11404  O 09102026 1502 12
12568  O 09102026 1502 12
12730  O 09102026 1502 12
10831  O 09102026 1502 12
11946  O 09102026 1502 12
12473  O 09102026 1502 14
10640  I 09102026 1503 01
10576  O 09102026 1503 03
10357  O 09102026 1503 07
01396  O 09102026 1503 07
12897  O 09102026 1503 07
12094  O 09102026 1503 07
01231  O 09102026 1503 08
10788  O 09102026 1503 08
12189  O 09102026 1503 11
09833  O 09102026 1503 11
12489  O 09102026 1503 12
12110  O 09102026 1503 12
12074  O 09102026 1504 04
12133  O 09102026 1504 04
12289  O 09102026 1504 07
12267  O 09102026 1504 07
12688  O 09102026 1504 08
12689  O 09102026 1504 08
12852  O 09102026 1504 08
11768  O 09102026 1504 08
10169  O 09102026 1504 11
12845  O 09102026 1504 11
03062  O 09102026 1504 12
03172  O 09102026 1504 12
11863  O 09102026 1504 12
01317  O 09102026 1504 12
12350  O 09102026 1505 03
12329  O 09102026 1505 03
12873  O 09102026 1505 04
09676  O 09102026 1505 04
10724  O 09102026 1505 04
12246  O 09102026 1505 08
11398  O 09102026 1505 08
11787  O 09102026 1505 11
01495  O 09102026 1505 12
12153  I 09102026 1506 02
12822  O 09102026 1506 03
12802  O 09102026 1506 03
12694  O 09102026 1506 03
03105  O 09102026 1506 03
12059  O 09102026 1506 04
12800  O 09102026 1506 04
12927  O 09102026 1506 04
11933  O 09102026 1506 04
03108  O 09102026 1506 11
03026  O 09102026 1506 11
12706  I 09102026 1507 02
12862  O 09102026 1507 03
11779  O 09102026 1507 04
12630  O 09102026 1507 07
12754  O 09102026 1507 08
12343  O 09102026 1507 08
12325  O 09102026 1507 11
11400  O 09102026 1507 12
12785  O 09102026 1508 03
12922  O 09102026 1508 03
12162  O 09102026 1508 03
12920  O 09102026 1508 03
01504  O 09102026 1508 04
12374  O 09102026 1508 07
12457  O 09102026 1508 07
01379  O 09102026 1508 07
12164  O 09102026 1509 03
10765  O 09102026 1509 07
09823  O 09102026 1509 12
12249  O 09102026 1509 12
10350  O 09102026 1509 12
11726  O 09102026 1510 03
12826  O 09102026 1512 03
12943  O 09102026 1512 03
12246  I 09102026 1512 05
12246  O 09102026 1512 07
11928  O 09102026 1513 08
11935  O 09102026 1514 14
01306  O 09102026 1515 04
01276  O 09102026 1516 03
10841  O 09102026 1516 14
10843  O 09102026 1518 07
12373  O 09102026 1519 03
01511  O 09102026 1519 03
12687  O 09102026 1522 07
03176  O 09102026 1522 08
11267  O 09102026 1522 11
12115  O 09102026 1523 12
01454  O 09102026 1525 08
01266  O 09102026 1525 08
12737  O 09102026 1528 03
01417  O 09102026 1531 08
01374  O 09102026 1532 04
10135  O 09102026 1538 12
03135  O 09102026 1542 04
09704  O 09102026 1542 08
10786  O 09102026 1549 11
01468  O 09102026 1556 12
10050  O 09102026 1600 04
11688  O 09102026 1600 07
11166  O 09102026 1601 04
12799  O 09102026 1601 07
01415  O 09102026 1601 14
12640  O 09102026 1604 08
01422  O 09102026 1605 07
12376  O 09102026 1613 11
10407  O 09102026 1613 12
11789  O 09102026 1617 07
10759  O 09102026 1617 08
12764  O 09102026 1621 07
10611  O 09102026 1700 07
12293  O 09102026 1700 07
12222  O 09102026 1700 08
12946  O 09102026 1700 11
10588  O 09102026 1700 12
10449  O 09102026 1700 14
11943  O 09102026 1702 07
10055  O 09102026 1702 14
10054  O 09102026 1703 04
12805  O 09102026 1706 07
10796  O 09102026 1709 03
01413  I 09102026 1738 06
10663  I 09102026 1740 01
11693  I 09102026 1752 05
12136  I 09102026 1753 01
12451  O 09102026 1800 03
12439  O 09102026 1800 04
12191  O 09102026 1800 08
10466  O 09102026 1801 11
03151  O 09102026 1803 03
12717  O 09102026 1803 07
11493  O 09102026 1804 07
03101  O 09102026 1806 04
01459  I 09102026 1808 06
10585  I 09102026 1811 02
12502  I 09102026 1811 06
11607  I 09102026 1813 06
12938  I 09102026 1814 06
12208  I 09102026 1816 05
01487  I 09102026 1817 02
12486  I 09102026 1818 06
12738  I 09102026 1823 01
12532  I 09102026 1827 05
12433  I 09102026 1829 01
12084  O 09102026 1832 04
12869  I 09102026 1832 05
12501  I 09102026 1836 06
12123  I 09102026 1838 05
12804  I 09102026 1842 01
12670  I 09102026 1846 01
10232  I 09102026 1849 02
12829  I 09102026 1851 02
12337  I 09102026 1855 01
11221  I 09102026 1856 01
12647  O 09102026 1900 03
11408  O 09102026 1900 03
12693  O 09102026 1900 03
10234  O 09102026 1900 03
12657  O 09102026 1900 03
03088  O 09102026 1900 03
12234  O 09102026 1900 03
12383  O 09102026 1900 04
12622  O 09102026 1900 04
11692  O 09102026 1900 04
12578  O 09102026 1900 07
11784  O 09102026 1900 07
12894  O 09102026 1900 08
11690  O 09102026 1900 08
12368  O 09102026 1900 08
12637  O 09102026 1900 11
11496  O 09102026 1900 11
12140  O 09102026 1900 11
03167  O 09102026 1900 14
12066  O 09102026 1900 14
12828  O 09102026 1901 03
10698  O 09102026 1901 03
01295  O 09102026 1901 04
10830  O 09102026 1901 12
12644  O 09102026 1901 12
12725  O 09102026 1902 03
12877  O 09102026 1902 04
12846  O 09102026 1902 07
01339  O 09102026 1902 07
10785  O 09102026 1902 12
10827  O 09102026 1903 03
10425  O 09102026 1903 03
10606  O 09102026 1903 04
01423  O 09102026 1903 11
11519  O 09102026 1903 12
12816  I 09102026 1904 01
12819  O 09102026 1904 07
12967  O 09102026 1904 11
12756  O 09102026 1904 12
01369  O 09102026 1905 03
10849  O 09102026 1905 03
12878  O 09102026 1905 04
12735  O 09102026 1905 07
12372  O 09102026 1906 03
12390  O 09102026 1910 03
11522  O 09102026 1910 04
12620  I 09102026 1910 10
12620  O 09102026 1910 11
12871  O 09102026 1913 03
11719  O 09102026 1914 03
10094  O 09102026 1914 03
12093  O 09102026 2002 11
12853  O 09102026 2004 12
10199  O 09102026 2100 07
12945  O 09102026 2100 07
12833  O 09102026 2100 08
12141  O 09102026 2100 12
10712  O 09102026 2101 07
12305  O 09102026 2101 08
10334  O 09102026 2101 08
12187  O 09102026 2104 11
12341  O 09102026 2104 11
12674  O 09102026 2106 12
10642  I 09102026 2108 05
03098  I 09102026 2122 05
12759  I 09102026 2124 06
12307  I 09102026 2132 06
03141  I 09102026 2133 05
10224  I 09102026 2135 05
12950  I 09102026 2135 06
01428  I 09102026 2136 01
10604  I 09102026 2140 01
12711  I 09102026 2141 06
12677  I 09102026 2143 05
10809  I 09102026 2144 05
12530  I 09102026 2146 02
01425  I 09102026 2149 06
12673  I 09102026 2150 05
12475  I 09102026 2151 06
12929  I 09102026 2152 01
12266  I 09102026 2152 02
03053  I 09102026 2153 05
12342  I 09102026 2153 06
01355  I 09102026 2156 05
12963  I 09102026 2158 01
12898  I 09102026 2158 02
12260  I 09102026 2158 05
10070  I 09102026 2159 05
12256  O 09102026 2200 08
11250  I 09102026 2202 06
03035  I 09102026 2204 05
12255  I 09102026 2204 05
12205  I 09102026 2205 02
12823  I 09102026 2205 05
11538  I 09102026 2207 05
12069  I 09102026 2207 06
12851  I 09102026 2209 05
10177  I 09102026 2209 05
12627  I 09102026 2210 05
03122  I 09102026 2212 06
01344  I 09102026 2214 05
10605  I 09102026 2215 05
11390  I 09102026 2215 06
12810  I 09102026 2216 06
12595  I 09102026 2216 06
12889  I 09102026 2217 01
10358  I 09102026 2217 05
12718  I 09102026 2220 01
12872  I 09102026 2221 01
12334  I 09102026 2221 02
10146  I 09102026 2221 05
11936  I 09102026 2221 06
12682  I 09102026 2222 05
10309  I 09102026 2222 06
12612  I 09102026 2222 06
10373  I 09102026 2223 02
12840  I 09102026 2223 06
10726  I 09102026 2224 01
03152  I 09102026 2224 02
10264  I 09102026 2224 06
03153  I 09102026 2224 06
12359  I 09102026 2225 01
12306  I 09102026 2225 05
12241  I 09102026 2226 01
01325  I 09102026 2226 01
10140  I 09102026 2226 05
11765  I 09102026 2226 06
12919  I 09102026 2227 01
12397  I 09102026 2227 01
12131  I 09102026 2227 02
03037  I 09102026 2227 05
12355  I 09102026 2228 02
12849  I 09102026 2229 05
11879  I 09102026 2230 06
12957  I 09102026 2232 01
10791  I 09102026 2232 02
10243  I 09102026 2233 02
10641  I 09102026 2233 05
10675  I 09102026 2234 01
12353  I 09102026 2234 05
12803  I 09102026 2234 05
12858  I 09102026 2234 05
12236  I 09102026 2234 05
10825  I 09102026 2234 06
12863  I 09102026 2235 01
01483  I 09102026 2235 02
01296  I 09102026 2235 13
10780  I 09102026 2236 05
01470  I 09102026 2236 05
12369  I 09102026 2236 05
12544  I 09102026 2236 05
12639  I 09102026 2236 05
12926  I 09102026 2236 06
12743  I 09102026 2236 06
03112  I 09102026 2236 06
12206  I 09102026 2237 02
12485  I 09102026 2237 05
12610  I 09102026 2237 06
01446  I 09102026 2237 06
12217  I 09102026 2238 01
01436  I 09102026 2238 05
10754  I 09102026 2238 06
10523  I 09102026 2239 01
10318  I 09102026 2240 01
12755  I 09102026 2240 02
12741  I 09102026 2240 02
11772  I 09102026 2240 05
12827  I 09102026 2241 01
12476  I 09102026 2241 02
12413  I 09102026 2241 05
11780  I 09102026 2241 06
12460  I 09102026 2242 02
11942  I 09102026 2242 05
12090  I 09102026 2242 06
12575  I 09102026 2242 06
11286  I 09102026 2243 01
03017  I 09102026 2243 05
11387  I 09102026 2243 05
10673  I 09102026 2243 05
10574  I 09102026 2243 05
12097  I 09102026 2243 06
12642  I 09102026 2243 06
12184  I 09102026 2243 06
12721  I 09102026 2244 02
12726  I 09102026 2244 05
12720  I 09102026 2244 05
12545  I 09102026 2245 01
12790  I 09102026 2245 01
03103  I 09102026 2245 02
12553  I 09102026 2245 05
12598  I 09102026 2245 05
03118  I 09102026 2245 06
12082  I 09102026 2246 06
03032  I 09102026 2246 06
10808  I 09102026 2246 06
12349  I 09102026 2247 01
12855  I 09102026 2247 02
12818  I 09102026 2247 02
11494  I 09102026 2247 06
12695  I 09102026 2248 01
12653  I 09102026 2248 05
12650  I 09102026 2249 05
01373  I 09102026 2249 05
10026  I 09102026 2249 06
10728  I 09102026 2249 06
12113  I 09102026 2249 06
12370  I 09102026 2249 06
12666  I 09102026 2250 01
03104  I 09102026 2250 05
12488  I 09102026 2251 05
12298  I 09102026 2251 06
01351  I 09102026 2251 06
12629  I 09102026 2252 05
12463  I 09102026 2252 06
12742  I 09102026 2253 01
12474  I 09102026 2253 05
10073  I 09102026 2254 05
12546  I 09102026 2254 06
12237  I 09102026 2255 05
12112  I 09102026 2256 01
12244  I 09102026 2256 01
10658  I 09102026 2256 06
10608  I 09102026 2257 01
01512  I 09102026 2257 01
12471  I 09102026 2257 02
12861  I 09102026 2257 05
12248  I 09102026 2258 01
10573  I 09102026 2258 02
12021  I 09102026 2259 01
01367  I 09102026 2259 01
10817  I 09102026 2259 02
12122  I 09102026 2259 06
11650  I 09102026 2300 01
12700  O 09102026 2300 03
12188  O 09102026 2300 03
12903  O 09102026 2300 03
10807  O 09102026 2300 03
12832  O 09102026 2300 03
12723  O 09102026 2300 03
12499  O 09102026 2300 03
12076  O 09102026 2300 03
12576  O 09102026 2300 04
12556  O 09102026 2300 04
10469  O 09102026 2300 04
12146  O 09102026 2300 04
03177  O 09102026 2300 04
12724  O 09102026 2300 04
12625  O 09102026 2300 04
12543  O 09102026 2300 04
12497  O 09102026 2300 04
11694  O 09102026 2300 07
12609  O 09102026 2300 07
12557  O 09102026 2300 07
03085  O 09102026 2300 07
10285  O 09102026 2300 07
10490  O 09102026 2300 07
12098  O 09102026 2300 07
10794  O 09102026 2300 07
12080  O 09102026 2300 07
12821  O 09102026 2300 07
12339  O 09102026 2300 07
12716  O 09102026 2300 08
12813  O 09102026 2300 08
03102  O 09102026 2300 08
12067  O 09102026 2300 08
01492  O 09102026 2300 08
10083  O 09102026 2300 08
11537  O 09102026 2300 08
11498  O 09102026 2300 11
12125  O 09102026 2300 11
12710  O 09102026 2300 11
12299  O 09102026 2300 11
12183  O 09102026 2300 11
12729  O 09102026 2300 11
12089  O 09102026 2300 11
11169  O 09102026 2300 11
12780  O 09102026 2300 11
12727  O 09102026 2300 11
01320  O 09102026 2300 12
03029  O 09102026 2300 12
10310  O 09102026 2300 12
12631  O 09102026 2300 12
12192  O 09102026 2300 12
01249  O 09102026 2300 12
10609  O 09102026 2300 12
12753  O 09102026 2300 12
03123  O 09102026 2300 12
10116  O 09102026 2300 12
12651  O 09102026 2300 12
12496  O 09102026 2300 14
10706  O 09102026 2300 14
03030  O 09102026 2300 14
12820  O 09102026 2300 14
12085  I 09102026 2301 02
01475  O 09102026 2301 03
12887  O 09102026 2301 03
12930  O 09102026 2301 03
03080  O 09102026 2301 03
03077  O 09102026 2301 03
12740  O 09102026 2301 03
12698  O 09102026 2301 03
12824  O 09102026 2301 03
10046  O 09102026 2301 03
10047  O 09102026 2301 04
12624  O 09102026 2301 04
10640  O 09102026 2301 04
01330  O 09102026 2301 04
10598  O 09102026 2301 04
12928  O 09102026 2301 04
12962  O 09102026 2301 04
11687  O 09102026 2301 04
12951  O 09102026 2301 04
12081  O 09102026 2301 07
03124  O 09102026 2301 08
12611  O 09102026 2301 08
12662  O 09102026 2301 08
12539  O 09102026 2301 11
03119  O 09102026 2301 11
12247  O 09102026 2301 11
12238  O 09102026 2301 11
11248  O 09102026 2301 11
12645  O 09102026 2301 11
12254  O 09102026 2301 11
12901  O 09102026 2301 12
12375  O 09102026 2301 12
11168  O 09102026 2301 12
12487  O 09102026 2301 12
12462  O 09102026 2301 12
11646  O 09102026 2301 12
12472  O 09102026 2301 14
12096  I 09102026 2302 01
12351  I 09102026 2302 02
10245  O 09102026 2302 03
11725  O 09102026 2302 03
12356  O 09102026 2302 03
03173  O 09102026 2302 03
12949  O 09102026 2302 03
12793  O 09102026 2302 03
12948  O 09102026 2302 03
12760  O 09102026 2302 03
12151  O 09102026 2302 04
12392  O 09102026 2302 04
03010  O 09102026 2302 04
12652  O 09102026 2302 04
10669  O 09102026 2302 04
12664  O 09102026 2302 07
10148  O 09102026 2302 07
03012  O 09102026 2302 08
10720  O 09102026 2302 11
12224  O 09102026 2302 12
01333  O 09102026 2302 12
01327  O 09102026 2302 12
12116  O 09102026 2302 12
10021  O 09102026 2302 12
12584  O 09102026 2302 12
12791  O 09102026 2303 03
12792  O 09102026 2303 03
12944  O 09102026 2303 03
12701  O 09102026 2303 03
12924  O 09102026 2303 03
12763  O 09102026 2303 03
12856  O 09102026 2303 04
12831  O 09102026 2303 04
12761  O 09102026 2303 04
12843  O 09102026 2303 04
01341  O 09102026 2303 04
03047  O 09102026 2303 07
01405  O 09102026 2303 07
11266  O 09102026 2303 11
03159  O 09102026 2303 11
03136  O 09102026 2304 03
03161  O 09102026 2304 03
12614  O 09102026 2304 03
10378  O 09102026 2304 04
10184  O 09102026 2304 04
10456  O 09102026 2304 04
12712  O 09102026 2304 07
12354  O 09102026 2304 07
10100  O 09102026 2304 08
12417  O 09102026 2304 08
12371  O 09102026 2304 08
12582  O 09102026 2304 08
10261  O 09102026 2304 11
03120  O 09102026 2304 11
12555  O 09102026 2304 11
12623  I 09102026 2305 02
10384  O 09102026 2305 04
12467  O 09102026 2305 04
11411  O 09102026 2305 04
12783  O 09102026 2305 11
03170  O 09102026 2306 03
12665  O 09102026 2306 03
12458  O 09102026 2306 07
12757  O 09102026 2306 11
11945  O 09102026 2306 12
11495  O 09102026 2307 04
12072  O 09102026 2307 08
11926  O 09102026 2307 11
12088  O 09102026 2307 11
12679  O 09102026 2307 12
12199  I 09102026 2308 02
01234  O 09102026 2308 07
01499  O 09102026 2308 08
10696  O 09102026 2308 08
12577  O 09102026 2308 12
12886  O 09102026 2309 03
12947  O 09102026 2310 03
12583  O 09102026 2310 12
12561  O 09102026 2311 03
10117  O 09102026 2311 07
10306  O 09102026 2312 03
12204  O 09102026 2312 07
01382  O 09102026 2315 08
11222  O 09102026 2317 04
12690  O 09102026 2317 08
12569  O 09102026 2317 12
12153  O 09102026 2319 03
01432  O 09102026 2319 08
01365  O 09102026 2324 08
01449  O 09102026 2324 08
01456  O 09102026 2337 03
10243  O 09112026 0700 03
10809  O 09112026 0700 03
11286  O 09112026 0700 03
12460  O 09112026 0700 03
01487  O 09112026 0700 03
01355  O 09112026 0700 03
12355  O 09112026 0700 03
11221  O 09112026 0700 03
10318  O 09112026 0700 04
12957  O 09112026 0700 04
11650  O 09112026 0700 04
12217  O 09112026 0700 04
12244  O 09112026 0700 04
03053  O 09112026 0700 07
12720  O 09112026 0700 07
10728  O 09112026 0700 07
03037  O 09112026 0700 07
10673  O 09112026 0700 07
10791  O 09112026 0700 07
10177  O 09112026 0700 07
11693  O 09112026 0700 07
10700  O 09112026 0700 07
12858  O 09112026 0700 08
11879  O 09112026 0700 08
12627  O 09112026 0700 08
01470  O 09112026 0700 08
01344  O 09112026 0700 08
01351  O 09112026 0700 08
10581  O 09112026 0700 08
10617  O 09112026 0700 08
10070  O 09112026 0700 11
12532  O 09112026 0700 11
12097  O 09112026 0700 11
12307  O 09112026 0700 11
12938  O 09112026 0700 11
12082  O 09112026 0700 11
10574  O 09112026 0700 12
12682  O 09112026 0700 12
10309  O 09112026 0700 12
03032  O 09112026 0700 12
12575  O 09112026 0700 12
12869  O 09112026 0700 12
12415  O 09112026 0700 12
12809  O 09112026 0700 12
12184  O 09112026 0700 14
10658  O 09112026 0700 14
01296  O 09112026 0700 14
12021  O 09112026 0700 14
12049  O 09112026 0700 14
11780  O 09112026 0701 03
12530  O 09112026 0701 03
12823  O 09112026 0701 03
12131  O 09112026 0701 04
12241  O 09112026 0701 04
12148  O 09112026 0701 04
11772  O 09112026 0701 07
10641  O 09112026 0701 07
12804  O 09112026 0701 07
12743  O 09112026 0701 07
11942  O 09112026 0701 07
12501  O 09112026 0701 07
10500  O 09112026 0701 07
12237  O 09112026 0701 08
10726  O 09112026 0701 08
12236  O 09112026 0701 08
11538  O 09112026 0701 08
10825  O 09112026 0701 08
12413  O 09112026 0701 08
10373  O 09112026 0701 11
12298  O 09112026 0701 11
10358  O 09112026 0701 11
12370  O 09112026 0701 11
11494  O 09112026 0701 11
12502  O 09112026 0701 11
12474  O 09112026 0701 11
12810  O 09112026 0701 11
12260  O 09112026 0701 11
11937  O 09112026 0701 11
12208  O 09112026 0701 12
10264  O 09112026 0701 12
12726  O 09112026 0701 12
12610  O 09112026 0701 12
12598  O 09112026 0701 12
12851  O 09112026 0701 12
10780  O 09112026 0701 12
12673  O 09112026 0701 12
12653  O 09112026 0701 12
03122  O 09112026 0701 12
12759  O 09112026 0702 03
12929  O 09112026 0702 03
12085  O 09112026 0702 03
10523  O 09112026 0702 03
10232  O 09112026 0702 03
12206  O 09112026 0702 03
12695  O 09112026 0702 03
12755  O 09112026 0702 03
12397  O 09112026 0702 04
12718  O 09112026 0702 04
12863  O 09112026 0702 04
12205  O 09112026 0702 04
12790  O 09112026 0702 04
12433  O 09112026 0702 04
10146  O 09112026 0702 07
12353  O 09112026 0702 07
12090  O 09112026 0702 07
10808  O 09112026 0702 07
10223  O 09112026 0702 07
01446  O 09112026 0702 08
01483  O 09112026 0702 08
12471  O 09112026 0702 08
12069  O 09112026 0702 11
03153  O 09112026 0702 11
11765  O 09112026 0702 12
12485  O 09112026 0702 12
11390  O 09112026 0702 12
12553  O 09112026 0702 12
12342  O 09112026 0702 12
03104  O 09112026 0702 14
12742  O 09112026 0703 03
12623  O 09112026 0703 03
12898  O 09112026 0703 03
12612  O 09112026 0703 03
12816  O 09112026 0703 03
12762  O 09112026 0703 03
12872  O 09112026 0703 04
12963  O 09112026 0703 04
11652  O 09112026 0703 04
10605  O 09112026 0703 07
01436  O 09112026 0703 07
12475  O 09112026 0703 07
12849  O 09112026 0703 07
12629  O 09112026 0703 07
11647  O 09112026 0703 07
12840  O 09112026 0703 08
11936  O 09112026 0703 08
10642  O 09112026 0703 08
12666  O 09112026 0703 08
10356  O 09112026 0703 08
12112  O 09112026 0703 11
12463  O 09112026 0703 12
12650  O 09112026 0703 12
12642  O 09112026 0703 12
12676  O 09112026 0703 12
12741  O 09112026 0704 03
10675  O 09112026 0704 03
12818  O 09112026 0704 03
01448  O 09112026 0704 03
12670  O 09112026 0704 04
12677  O 09112026 0704 07
10754  O 09112026 0704 07
03118  O 09112026 0704 07
10017  O 09112026 0704 08
12123  O 09112026 0704 11
12950  O 09112026 0704 12
12486  O 09112026 0704 12
12738  O 09112026 0705 03
12306  O 09112026 0705 07
10224  O 09112026 0705 07
12711  O 09112026 0705 08
03112  O 09112026 0705 08
12721  O 09112026 0705 08
12861  O 09112026 0705 12
11607  O 09112026 0705 12
12595  O 09112026 0705 12
11250  O 09112026 0705 12
12827  O 09112026 0706 03
12248  O 09112026 0706 03
12889  O 09112026 0706 04
12874  O 09112026 0706 04
12639  O 09112026 0706 12
03141  O 09112026 0706 12
12829  O 09112026 0707 03
12337  O 09112026 0707 03
10140  O 09112026 0707 07
12544  O 09112026 0707 08
01325  O 09112026 0707 08
03035  O 09112026 0707 12
01367  O 09112026 0708 08
12255  O 09112026 0708 12
12926  O 09112026 0709 03
12349  O 09112026 0709 03
12855  O 09112026 0709 04
01459  O 09112026 0709 12
12919  O 09112026 0710 07
12476  O 09112026 0710 07
03001  O 09112026 0710 12
10585  O 09112026 0711 04
10573  O 09112026 0711 04
12706  O 09112026 0711 11
01425  O 09112026 0711 12
12199  O 09112026 0712 04
11387  O 09112026 0712 07
01428  O 09112026 0712 07
01373  O 09112026 0712 08
12412  O 09112026 0712 12
12135  O 09112026 0713 04
12351  O 09112026 0714 08
10287  O 09112026 0714 11
10697  O 09112026 0714 11
10073  O 09112026 0714 12
12369  O 09112026 0715 12
12359  O 09112026 0718 03
12122  O 09112026 0718 07
03017  O 09112026 0718 11