   10608  O 09162026 0009 12
   01454  I 09162026 0453 01
   09823  I 09162026 0526 06
   12089  I 09162026 0545 05
   11690  I 09162026 0547 05
   03007  I 09162026 0551 06
   12392  I 09162026 0558 05
   12844  I 09162026 0600 02
   12647  I 09162026 0600 01
   01231  I 09162026 0604 05
   01339  I 09162026 0608 06
   12644  I 09162026 0608 06
   01423  I 09162026 0608 02
   12965  I 09162026 0609 02
   12583  I 09162026 0609 06
   12140  I 09162026 0609 06
   12903  I 09162026 0610 01
   12832  I 09162026 0610 05
   10456  I 09162026 0610 06
   12625  I 09162026 0610 05
   12539  I 09162026 0611 06
   03047  I 09162026 0611 05
   10310  I 09162026 0611 06
   03029  I 09162026 0611 06
   12897  I 09162026 0611 01
   12561  I 09162026 0612 01
   12692  I 09162026 0613 02
   01295  I 09162026 0613 01
   11647  I 09162026 0615 05
   12664  I 09162026 0615 06
   12712  I 09162026 0615 05
   12856  I 09162026 0615 02
   10201  I 09162026 0616 01
   01249  I 09162026 0617 05
   10736  O 09162026 0617 03
   10736  I 09162026 0617 02
   03119  I 09162026 0618 06
   12497  I 09162026 0618 01
   12679  I 09162026 0618 05
   12948  I 09162026 0618 01
   12760  I 09162026 0619 01
   12791  I 09162026 0619 02
   01320  I 09162026 0619 06
   12761  I 09162026 0619 01
   03170  I 09162026 0619 01
   12711  I 09162026 0619 06
   03173  I 09162026 0620 06
   12637  I 09162026 0621 06
   12136  I 09162026 0621 01
   10083  I 09162026 0621 06
   12887  I 09162026 0621 01
   01487  I 09162026 0622 02
   11936  I 09162026 0622 06
   11267  I 09162026 0622 01
   12812  I 09162026 0622 05
   12676  I 09162026 0622 05
   12947  I 09162026 0622 02
   12831  I 09162026 0624 01
   01449  I 09162026 0624 02
   10117  I 09162026 0624 05
   10100  I 09162026 0624 06
   10224  I 09162026 0624 05
   11605  I 09162026 0624 05
   10766  I 09162026 0624 06
   12072  I 09162026 0625 02
   01417  I 09162026 0625 06
   11493  I 09162026 0625 05
   12780  I 09162026 0626 06
   10356  I 09162026 0626 05
   12645  I 09162026 0626 05
   12756  I 09162026 0627 06
   10605  I 09162026 0627 05
   12668  I 09162026 0627 01
   10054  I 09162026 0627 02
   12810  I 09162026 0628 06
   12762  I 09162026 0628 01
   12813  I 09162026 0629 06
   10807  I 09162026 0629 01
   12669  I 09162026 0630 05
   12833  I 09162026 0631 06
   01234  I 09162026 0632 01
   12267  I 09162026 0632 06
   10177  I 09162026 0632 05
   10199  I 09162026 0632 05
   12056  I 09162026 0632 01
   12949  I 09162026 0632 02
   01504  I 09162026 0632 02
   12945  I 09162026 0632 06
   10847  I 09162026 0632 05
   01330  I 09162026 0633 06
   12693  I 09162026 0633 06
   01266  I 09162026 0633 05
   03077  I 09162026 0633 06
   10184  I 09162026 0633 06
   12156  O 09162026 0633 07
   10425  I 09162026 0633 02
   12156  I 09162026 0633 06
   10720  I 09162026 0634 06
   11266  I 09162026 0634 05
   01333  I 09162026 0634 05
   12723  I 09162026 0635 01
   12383  I 09162026 0635 02
   03123  I 09162026 0635 06
   03061  I 09162026 0635 05
   12412  I 09162026 0635 06
   10576  I 09162026 0635 02
   12368  I 09162026 0635 06
   10357  I 09162026 0635 05
   10047  I 09162026 0635 01
   12458  I 09162026 0636 02
   12317  I 09162026 0636 05
   01232  I 09162026 0636 06
   03027  I 09162026 0636 05
   12067  I 09162026 0636 05
   12354  I 09162026 0636 05
   10285  I 09162026 0637 06
   10116  I 09162026 0637 05
   12793  I 09162026 0637 01
   12690  I 09162026 0638 06
   12234  I 09162026 0638 01
   12662  I 09162026 0638 02
   12930  I 09162026 0638 01
   01345  I 09162026 0638 05
   12951  I 09162026 0638 01
   12356  I 09162026 0638 02
   11863  I 09162026 0638 06
   12631  I 09162026 0638 06
   01452  I 09162026 0638 02
   10786  I 09162026 0639 05
   12699  O 09162026 0639 03
   12699  I 09162026 0639 02
   12116  I 09162026 0639 06
   12609  I 09162026 0639 05
   12729  I 09162026 0639 05
   12451  I 09162026 0639 02
   12376  I 09162026 0639 02
   12764  I 09162026 0640 06
   12191  I 09162026 0640 02
   12084  I 09162026 0640 02
   11646  I 09162026 0640 06
   12472  I 09162026 0640 06
   12222  I 09162026 0640 05
   11787  I 09162026 0640 06
   11411  I 09162026 0641 02
   12142  I 09162026 0641 06
   10706  I 09162026 0641 05
   03159  I 09162026 0642 09
   12146  I 09162026 0642 01
   03177  I 09162026 0643 02
   01317  I 09162026 0643 02
   10287  I 09162026 0643 06
   01475  I 09162026 0643 01
   10050  I 09162026 0644 02
   11166  I 09162026 0644 01
   12944  I 09162026 0644 01
   12188  I 09162026 0644 06
   11937  I 09162026 0644 06
   12783  I 09162026 0644 05
   12020  I 09162026 0644 06
   10490  I 09162026 0645 06
   10700  I 09162026 0645 06
   10794  I 09162026 0645 06
   10827  I 09162026 0645 01
   03058  I 09162026 0645 06
   03151  I 09162026 0645 01
   03012  I 09162026 0646 06
   11495  I 09162026 0646 02
   01432  I 09162026 0646 05
   12499  O 09162026 0646 03
   03085  I 09162026 0646 06
   01499  I 09162026 0646 06
   12499  I 09162026 0646 01
   10617  I 09162026 0646 05
   10598  I 09162026 0646 06
   10384  I 09162026 0646 05
   10017  I 09162026 0646 06
   12293  I 09162026 0646 05
   12569  I 09162026 0646 05
   10609  I 09162026 0647 05
   11169  I 09162026 0647 05
   12066  I 09162026 0647 06
   11694  I 09162026 0647 06
   11687  I 09162026 0647 01
   12757  I 09162026 0647 06
   10669  I 09162026 0647 02
   12825  I 09162026 0647 01
   12578  I 09162026 0647 02
   11928  I 09162026 0647 05
   12350  I 09162026 0647 01
   03120  I 09162026 0647 05
   12639  I 09162026 0648 05
   12439  I 09162026 0648 02
   12853  I 09162026 0648 05
   10135  I 09162026 0648 05
   12082  I 09162026 0648 06
   12553  I 09162026 0648 05
   10232  I 09162026 0648 01
   11945  I 09162026 0648 06
   12727  I 09162026 0649 06
   12135  I 09162026 0649 01
   10697  I 09162026 0649 05
   12247  I 09162026 0649 05
   10759  I 09162026 0649 06
   12371  I 09162026 0649 06
   12763  I 09162026 0650 01
   12878  I 09162026 0650 02
   10449  I 09162026 0650 05
   01456  I 09162026 0650 06
   11767  I 09162026 0650 05
   12614  I 09162026 0650 01
   12206  I 09162026 0650 02
   12254  I 09162026 0650 05
   12901  I 09162026 0650 06
   01374  I 09162026 0650 01
   01365  I 09162026 0651 05
   12843  I 09162026 0651 02
   12298  I 09162026 0651 02
   01492  I 09162026 0651 06
   12221  I 09162026 0651 09
   10407  I 09162026 0652 10
   12049  I 09162026 0652 06
   12805  I 09162026 0652 05
   12819  I 09162026 0652 02
   10611  I 09162026 0652 09
   12538  I 09162026 0652 01
   11519  I 09162026 0652 05
   12716  I 09162026 0652 06
   12665  I 09162026 0652 01
   12123  I 09162026 0652 05
   12372  I 09162026 0652 02
   11652  I 09162026 0653 01
   11537  I 09162026 0653 06
   12829  I 09162026 0653 02
   10830  I 09162026 0653 01
   03124  I 09162026 0653 02
   11168  I 09162026 0653 01
   11496  I 09162026 0653 05
   12807  I 09162026 0654 06
   01415  I 09162026 0654 05
   12184  I 09162026 0654 06
   11408  I 09162026 0654 02
   10245  I 09162026 0654 01
   12721  I 09162026 0654 01
   12238  I 09162026 0654 02
   12416  I 09162026 0654 06
   10588  I 09162026 0654 05
   12557  I 09162026 0654 01
   12204  I 09162026 0654 01
   12275  I 09162026 0654 05
   12737  I 09162026 0655 01
   11408  O 09162026 0655 03
   11408  I 09162026 0655 02
   10581  I 09162026 0655 05
   12373  I 09162026 0655 01
   12187  I 09162026 0655 06
   12818  I 09162026 0655 01
   12543  I 09162026 0655 02
   10350  I 09162026 0655 01
   12841  I 09162026 0656 01
   12670  I 09162026 0656 01
   12305  I 09162026 0656 02
   12877  I 09162026 0656 01
   11784  I 09162026 0656 06
   12076  I 09162026 0657 01
   12584  I 09162026 0657 05
   12370  I 09162026 0657 06
   12164  I 09162026 0657 02
   11522  I 09162026 0657 02
   03080  I 09162026 0658 01
   10796  I 09162026 0658 02
   10466  I 09162026 0658 01
   11725  I 09162026 0658 02
   12582  I 09162026 0658 06
   01405  I 09162026 0658 06
   10148  I 09162026 0659 05
   03101  I 09162026 0659 02
   12080  O 09162026 0700 07
   11692  I 09162026 0700 02
   10825  O 09162026 0700 08
   12462  I 09162026 0700 05
   11693  O 09162026 0700 11
   12496  O 09162026 0700 14
   12307  O 09162026 0700 12
   12672  O 09162026 0700 03
   10386  O 09162026 0700 04
   03161  I 09162026 0700 01
   10070  O 09162026 0700 11
   12112  O 09162026 0700 12
   12473  O 09162026 0700 14
   01357  O 09162026 0700 08
   10500  O 09162026 0700 07
   12460  O 09162026 0700 04
   12357  O 09162026 0700 03
   12627  O 09162026 0700 11
   12097  O 09162026 0700 08
   12256  O 09162026 0700 12
   12151  I 09162026 0700 02
   10787  O 09162026 0700 07
   12259  O 09162026 0700 08
   12890  O 09162026 0700 11
   12260  O 09162026 0700 12
   03059  O 09162026 0700 07
   12804  O 09162026 0700 04
   12828  O 09162026 0700 03
   12475  O 09162026 0700 11
   10522  O 09162026 0700 08
   12299  O 09162026 0700 12
   10333  O 09162026 0700 07
   12601  O 09162026 0700 04
   12894  O 09162026 0700 11
   12558  O 09162026 0700 03
   12555  I 09162026 0700 01
   03167  O 09162026 0700 14
   12888  O 09162026 0700 07
   12540  O 09162026 0700 03
   12615  O 09162026 0700 08
   12622  O 09162026 0700 04
   12821  O 09162026 0700 11
   12339  O 09162026 0700 11
   12815  O 09162026 0700 07
   11777  O 09162026 0700 08
   01481  O 09162026 0700 07
   12710  O 09162026 0700 11
   12074  O 09162026 0700 04
   12824  O 09162026 0700 03
   11774  O 09162026 0700 04
   12098  O 09162026 0700 08
   01402  O 09162026 0700 07
   12802  O 09162026 0700 03
   12021  O 09162026 0700 11
   12576  O 09162026 0700 04
   12927  O 09162026 0700 03
   10795  O 09162026 0700 07
   10658  O 09162026 0700 11
   12845  O 09162026 0700 12
   12244  O 09162026 0701 04
   01471  O 09162026 0701 08
   12657  I 09162026 0701 06
   12456  O 09162026 0701 03
   12069  O 09162026 0701 11
   12556  O 09162026 0701 04
   10291  O 09162026 0701 07
   12594  O 09162026 0701 12
   10086  O 09162026 0701 08
   10222  O 09162026 0701 07
   12396  O 09162026 0701 04
   12724  O 09162026 0701 03
   12673  O 09162026 0701 12
   10223  O 09162026 0701 07
   10091  O 09162026 0701 08
   12531  O 09162026 0701 03
   12847  O 09162026 0701 04
   12230  I 09162026 0701 01
   10221  O 09162026 0701 03
   12081  O 09162026 0701 08
   01325  O 09162026 0701 07
   11355  I 09162026 0701 02
   10724  O 09162026 0701 03
   03010  O 09162026 0701 08
   12677  O 09162026 0701 07
   12786  O 09162026 0701 04
   12217  O 09162026 0701 04
   10234  O 09162026 0701 03
   10696  I 09162026 0701 02
   11688  O 09162026 0701 07
   12852  O 09162026 0701 12
   12666  I 09162026 0701 01
   10467  O 09162026 0701 04
   10698  O 09162026 0701 08
   12185  O 09162026 0701 11
   10712  I 09162026 0701 06
   12133  O 09162026 0701 03
   11392  O 09162026 0701 07
   12488  I 09162026 0701 02
   12814  O 09162026 0701 04
   12651  O 09162026 0701 11
   10788  O 09162026 0701 08
   12957  O 09162026 0701 03
   01335  O 09162026 0701 07
   12904  O 09162026 0701 04
   12113  O 09162026 0701 11
   12568  O 09162026 0701 12
   12241  O 09162026 0702 04
   03018  O 09162026 0702 08
   12792  O 09162026 0702 03
   12629  O 09162026 0702 07
   10358  O 09162026 0702 11
   12397  O 09162026 0702 04
   12624  I 09162026 0702 01
   12920  O 09162026 0702 03
   03136  I 09162026 0702 01
   10573  O 09162026 0702 04
   12611  I 09162026 0702 02
   12055  O 09162026 0702 03
   03172  O 09162026 0702 12
   01396  O 09162026 0702 07
   03126  O 09162026 0702 03
   12732  O 09162026 0702 11
   09676  O 09162026 0702 04
   01425  O 09162026 0702 12
   01511  O 09162026 0702 03
   12851  O 09162026 0702 12
   10373  O 09162026 0702 03
   12148  O 09162026 0702 04
   12717  I 09162026 0702 05
   03088  O 09162026 0702 04
   12661  O 09162026 0702 07
   10505  O 09162026 0702 08
   10383  O 09162026 0702 11
   01483  O 09162026 0703 08
   12790  O 09162026 0703 03
   12799  O 09162026 0703 04
   12946  O 09162026 0703 08
   10831  O 09162026 0703 12
   12612  O 09162026 0703 03
   12688  O 09162026 0703 08
   03035  O 09162026 0703 11
   12689  O 09162026 0703 07
   10334  I 09162026 0703 02
   10202  O 09162026 0703 03
   12854  O 09162026 0703 12
   12630  O 09162026 0703 07
   12141  I 09162026 0703 02
   12343  O 09162026 0703 08
   12873  O 09162026 0703 04
   12861  O 09162026 0703 11
   03102  I 09162026 0703 01
   03098  O 09162026 0703 07
   12694  I 09162026 0703 02
   12125  I 09162026 0703 01
   12059  O 09162026 0703 03
   11943  I 09162026 0703 05
   12353  O 09162026 0703 07
   12289  O 09162026 0703 08
   10094  O 09162026 0703 03
   11719  O 09162026 0703 04
   10378  I 09162026 0703 01
   10612  O 09162026 0703 14
   12871  O 09162026 0703 03
   12826  O 09162026 0703 04
   11250  O 09162026 0703 12
   10791  O 09162026 0703 07
   12862  O 09162026 0703 03
   12943  O 09162026 0704 03
   01477  O 09162026 0704 11
   12926  O 09162026 0704 03
   10640  I 09162026 0704 01
   01448  O 09162026 0704 03
   12816  O 09162026 0704 04
   01422  O 09162026 0704 07
   12246  O 09162026 0704 08
   12725  O 09162026 0704 04
   03030  O 09162026 0704 14
   10585  O 09162026 0704 04
   11223  O 09162026 0704 08
   12433  O 09162026 0704 03
   01433  O 09162026 0704 07
   12695  O 09162026 0704 04
   12886  O 09162026 0704 04
   11768  O 09162026 0704 12
   10811  O 09162026 0704 07
   10780  O 09162026 0704 08
   12701  O 09162026 0705 03
   10133  O 09162026 0705 12
   10264  O 09162026 0705 12
   03108  O 09162026 0705 11
   10055  I 09162026 0705 01
   12224  O 09162026 0705 12
   12093  O 09162026 0705 03
   11404  O 09162026 0705 12
   12640  I 09162026 0705 02
   12501  O 09162026 0705 04
   12638  O 09162026 0705 12
   12093  I 09162026 0705 02
   01369  I 09162026 0705 01
   12500  O 09162026 0705 03
   12652  O 09162026 0705 12
   01459  O 09162026 0705 12
   03026  O 09162026 0705 11
   12736  I 09162026 0705 06
   12754  O 09162026 0705 08
   11726  O 09162026 0705 03
   12457  O 09162026 0705 07
   12874  O 09162026 0706 04
   11222  O 09162026 0706 03
   10765  O 09162026 0706 07
   01379  O 09162026 0706 08
   12306  O 09162026 0706 11
   12269  O 09162026 0706 12
   12735  O 09162026 0706 07
   12544  O 09162026 0706 11
   12189  O 09162026 0706 07
   12153  I 09162026 0706 02
   11933  O 09162026 0707 03
   12738  O 09162026 0707 03
   12186  O 09162026 0707 08
   09833  O 09162026 0707 11
   03179  O 09162026 0707 07
   12248  O 09162026 0707 03
   03118  O 09162026 0707 08
   01341  I 09162026 0707 01
   12088  O 09162026 0707 12
   11400  O 09162026 0707 12
   09704  O 09162026 0708 08
   03039  O 09162026 0708 08
   12325  O 09162026 0709 11
   12415  O 09162026 0709 12
   11789  O 09162026 0709 07
   03141  O 09162026 0709 12
   12808  O 09162026 0711 11
   12463  O 09162026 0711 12
   12674  O 09162026 0711 12
   12706  I 09162026 0711 02
   10046  O 09162026 0712 03
   12741  O 09162026 0712 03
   11398  O 09162026 0712 08
   12131  O 09162026 0714 03
   12489  O 09162026 0715 08
   10306  O 09162026 0717 03
   10073  O 09162026 0718 12
   12115  O 09162026 0718 07
