   10608  O 09202026 0011 12
   12375  I 09202026 0058 01
   01454  I 09202026 0251 06
   09823  I 09202026 0526 06
   12089  I 09202026 0541 05
   12678  I 09202026 0545 06
   12628  I 09202026 0548 05
   12644  I 09202026 0555 06
   12392  I 09202026 0601 05
   03148  I 09202026 0601 02
   12700  I 09202026 0603 05
   01339  I 09202026 0603 06
   12632  I 09202026 0604 05
   12502  I 09202026 0605 06
   11848  I 09202026 0606 06
   03029  I 09202026 0607 06
   10310  I 09202026 0607 06
   11493  I 09202026 0608 05
   12890  I 09202026 0609 05
   12583  I 09202026 0609 06
   09704  I 09202026 0611 06
   03119  I 09202026 0613 06
   12664  I 09202026 0613 06
   12461  I 09202026 0614 05
   12723  I 09202026 0615 06
   12192  I 09202026 0617 05
   12712  I 09202026 0618 05
   03173  I 09202026 0619 06
   12637  I 09202026 0619 06
   10073  I 09202026 0620 05
   12291  I 09202026 0622 01
   12334  I 09202026 0622 02
   10117  I 09202026 0623 05
   11945  I 09202026 0623 06
   12645  I 09202026 0623 05
   12812  I 09202026 0623 06
   12668  I 09202026 0623 01
   11267  I 09202026 0624 01
   12780  I 09202026 0624 06
   10490  I 09202026 0625 06
   10700  I 09202026 0625 06
   10287  I 09202026 0626 06
   12153  I 09202026 0626 02
   12758  I 09202026 0627 01
   12676  I 09202026 0627 05
   12840  I 09202026 0627 05
   10083  I 09202026 0627 06
   12711  I 09202026 0628 06
   10199  I 09202026 0628 05
   01449  I 09202026 0628 02
   12833  I 09202026 0628 06
   12887  I 09202026 0628 01
   03061  I 09202026 0629 05
   03112  I 09202026 0629 06
   10697  I 09202026 0630 05
   11936  I 09202026 0631 06
   12756  I 09202026 0631 06
   12140  I 09202026 0631 06
   12247  I 09202026 0631 05
   11605  I 09202026 0631 05
   12647  I 09202026 0631 01
   10706  I 09202026 0632 05
   12869  I 09202026 0632 05
   10847  I 09202026 0632 05
   03027  I 09202026 0632 05
   11940  I 09202026 0633 06
   01302  I 09202026 0633 06
   01423  I 09202026 0633 05
   03177  I 09202026 0634 06
   01234  I 09202026 0634 01
   12412  I 09202026 0636 06
   12116  I 09202026 0636 05
   12128  I 09202026 0636 06
   12625  I 09202026 0637 06
   12945  I 09202026 0637 06
   12067  I 09202026 0637 06
   01356  I 09202026 0637 01
   12731  I 09202026 0637 05
   12267  I 09202026 0638 06
   11687  I 09202026 0638 01
   03058  I 09202026 0638 06
   10841  I 09202026 0638 05
   12729  I 09202026 0639 05
   12317  I 09202026 0639 02
   10607  I 09202026 0639 01
   12383  I 09202026 0639 02
   10177  I 09202026 0639 05
   10598  I 09202026 0639 06
   12663  I 09202026 0639 06
   11767  I 09202026 0639 05
   12813  I 09202026 0640 06
   12472  I 09202026 0640 06
   12930  I 09202026 0640 01
   11787  I 09202026 0640 06
   12191  I 09202026 0640 01
   12084  I 09202026 0640 02
   12695  I 09202026 0640 05
   12056  I 09202026 0640 06
   11724  I 09202026 0641 01
   03078  I 09202026 0641 06
   11776  I 09202026 0641 06
   12156  O 09202026 0641 07
   12961  I 09202026 0641 06
   10759  I 09202026 0641 06
   12416  I 09202026 0641 05
   12156  I 09202026 0641 06
   12020  I 09202026 0641 06
   12350  I 09202026 0641 01
   12142  I 09202026 0642 06
   11863  I 09202026 0642 06
   10673  I 09202026 0642 05
   03159  I 09202026 0642 09
   03123  I 09202026 0642 06
   12146  I 09202026 0643 05
   10135  I 09202026 0643 05
   12356  I 09202026 0643 02
   12651  I 09202026 0644 05
   01499  I 09202026 0644 06
   12609  I 09202026 0644 05
   11534  I 09202026 0644 06
   10754  I 09202026 0644 06
   12439  I 09202026 0644 02
   10775  I 09202026 0644 06
   11411  I 09202026 0644 02
   03151  I 09202026 0645 01
   11784  I 09202026 0645 06
   12499  I 09202026 0645 01
   10384  I 09202026 0645 05
   10794  I 09202026 0645 06
   03124  I 09202026 0645 06
   10261  I 09202026 0645 05
   12341  I 09202026 0645 05
   01432  I 09202026 0646 05
   01452  I 09202026 0646 02
   12753  I 09202026 0646 05
   12763  I 09202026 0646 06
   10240  I 09202026 0646 06
   12757  I 09202026 0646 06
   11402  I 09202026 0646 05
   12901  I 09202026 0646 06
   10047  I 09202026 0647 02
   10605  I 09202026 0647 05
   11495  I 09202026 0647 02
   12049  I 09202026 0647 06
   11690  I 09202026 0647 05
   12665  I 09202026 0647 01
   03168  I 09202026 0647 06
   12598  I 09202026 0647 05
   10500  I 09202026 0648 02
   12829  I 09202026 0648 01
   01415  I 09202026 0648 05
   12807  I 09202026 0648 06
   12488  I 09202026 0649 05
   03001  I 09202026 0649 05
   12545  I 09202026 0649 01
   11168  I 09202026 0649 06
   12138  I 09202026 0650 02
   12082  I 09202026 0650 06
   12577  I 09202026 0650 05
   12732  I 09202026 0650 06
   10219  I 09202026 0650 05
   12538  I 09202026 0650 02
   12878  I 09202026 0651 01
   12736  I 09202026 0651 05
   11928  O 09202026 0651 08
   12557  I 09202026 0651 02
   10796  I 09202026 0651 06
   11928  I 09202026 0651 05
   10830  I 09202026 0651 01
   12853  I 09202026 0651 05
   03077  I 09202026 0651 06
   11496  I 09202026 0653 05
   12555  I 09202026 0653 05
   10469  I 09202026 0653 01
   12369  I 09202026 0654 06
   12543  I 09202026 0654 01
   12846  I 09202026 0654 05
   12076  I 09202026 0654 01
   12451  I 09202026 0654 02
   01492  I 09202026 0655 06
   03080  I 09202026 0655 02
   12726  I 09202026 0655 05
   01405  I 09202026 0656 01
   11537  I 09202026 0656 06
   10232  I 09202026 0656 02
   12877  I 09202026 0656 01
   12667  I 09202026 0658 02
   12151  I 09202026 0658 01
   12204  I 09202026 0658 02
   12164  I 09202026 0658 02
   03105  I 09202026 0658 02
   12122  I 09202026 0658 06
   10334  I 09202026 0659 02
   10055  I 09202026 0659 01
   10604  I 09202026 0659 01
   12611  I 09202026 0659 02
   12462  I 09202026 0659 05
   12737  I 09202026 0659 01
   11522  I 09202026 0659 02
   10333  O 09202026 0700 07
   11693  O 09202026 0700 11
   10133  O 09202026 0700 12
   12496  O 09202026 0700 14
   10720  O 09202026 0700 08
   12672  O 09202026 0700 03
   03059  O 09202026 0700 07
   12473  O 09202026 0700 14
   12260  O 09202026 0700 11
   10306  O 09202026 0700 03
   10839  O 09202026 0700 07
   12375  O 09202026 0700 12
   12081  O 09202026 0700 08
   12254  O 09202026 0700 11
   12149  O 09202026 0700 08
   10127  O 09202026 0700 12
   12080  O 09202026 0700 07
   12409  O 09202026 0700 11
   12531  O 09202026 0700 03
   12501  O 09202026 0700 08
   12967  O 09202026 0700 12
   10825  O 09202026 0700 07
   12894  O 09202026 0700 11
   10612  O 09202026 0700 14
   12098  O 09202026 0700 08
   12828  O 09202026 0700 04
   12467  O 09202026 0700 12
   01471  O 09202026 0700 07
   11774  O 09202026 0700 04
   12821  O 09202026 0700 11
   12097  O 09202026 0700 08
   10070  O 09202026 0700 12
   12475  O 09202026 0700 11
   11777  O 09202026 0700 08
   12357  O 09202026 0700 04
   12943  O 09202026 0700 03
   12299  O 09202026 0700 11
   12783  O 09202026 0700 12
   12615  O 09202026 0700 07
   12622  O 09202026 0700 04
   12396  O 09202026 0700 03
   10378  I 09202026 0700 01
   12710  O 09202026 0700 11
   12820  O 09202026 0700 14
   12815  O 09202026 0700 08
   10787  O 09202026 0700 07
   12208  O 09202026 0700 12
   10145  I 09202026 0700 01
   12627  O 09202026 0700 11
   03088  O 09202026 0700 04
   12888  O 09202026 0700 07
   12824  O 09202026 0700 03
   10522  O 09202026 0700 08
   11607  O 09202026 0700 11
   12055  O 09202026 0700 04
   01306  O 09202026 0700 12
   11392  O 09202026 0700 07
   10811  O 09202026 0701 08
   11248  O 09202026 0701 11
   10221  O 09202026 0701 04
   12594  O 09202026 0701 12
   01402  O 09202026 0701 07
   12539  O 09202026 0701 11
   12576  O 09202026 0701 04
   10788  O 09202026 0701 08
   03161  I 09202026 0701 01
   12694  I 09202026 0701 05
   12804  O 09202026 0701 03
   12718  O 09202026 0701 03
   12397  O 09202026 0701 04
   03047  O 09202026 0701 08
   03136  I 09202026 0701 01
   12558  O 09202026 0701 04
   12957  O 09202026 0701 03
   03182  O 09202026 0701 07
   10581  O 09202026 0701 08
   12698  O 09202026 0701 04
   10617  O 09202026 0701 08
   03102  O 09202026 0701 07
   01487  O 09202026 0701 04
   12230  I 09202026 0701 06
   12786  O 09202026 0701 03
   12568  O 09202026 0701 12
   12135  O 09202026 0701 04
   10589  O 09202026 0701 07
   10696  I 09202026 0701 02
   10291  O 09202026 0701 08
   12735  I 09202026 0701 05
   12652  O 09202026 0701 12
   11266  O 09202026 0701 11
   10658  I 09202026 0701 13
   12847  O 09202026 0701 03
   01330  O 09202026 0701 04
   11646  O 09202026 0701 11
   12217  O 09202026 0701 03
   12133  O 09202026 0701 04
   10658  O 09202026 0701 14
   10505  O 09202026 0701 08
   12112  O 09202026 0701 11
   10843  O 09202026 0701 07
   10369  O 09202026 0701 12
   12740  O 09202026 0701 03
   11652  O 09202026 0701 04
   12661  O 09202026 0701 08
   12057  O 09202026 0701 03
   10698  O 09202026 0701 07
   11719  O 09202026 0701 04
   10116  O 09202026 0701 12
   12093  I 09202026 0702 01
   01448  O 09202026 0702 03
   03030  O 09202026 0702 14
   10385  O 09202026 0702 03
   10383  O 09202026 0702 11
   11167  O 09202026 0702 03
   12094  O 09202026 0702 11
   12471  O 09202026 0702 07
   12540  O 09202026 0702 04
   12946  O 09202026 0702 08
   12302  I 09202026 0702 02
   12722  I 09202026 0702 01
   11725  O 09202026 0702 03
   01249  O 09202026 0702 12
   12826  O 09202026 0702 04
   01335  O 09202026 0702 07
   12125  I 09202026 0702 02
   12553  O 09202026 0702 12
   12814  O 09202026 0702 04
   01475  O 09202026 0702 03
   10071  O 09202026 0702 11
   01320  O 09202026 0702 12
   01433  O 09202026 0702 07
   03068  O 09202026 0702 04
   10705  I 09202026 0702 02
   12188  O 09202026 0702 03
   12189  O 09202026 0702 11
   12904  O 09202026 0702 04
   10765  O 09202026 0702 08
   12130  O 09202026 0702 03
   03085  I 09202026 0702 01
   01341  I 09202026 0702 02
   12069  O 09202026 0702 11
   01379  O 09202026 0702 07
   10724  O 09202026 0702 04
   03012  O 09202026 0702 08
   10021  O 09202026 0702 12
   03126  O 09202026 0702 03
   12064  O 09202026 0703 04
   01456  I 09202026 0703 02
   12584  O 09202026 0703 12
   03167  O 09202026 0703 14
   12241  O 09202026 0703 04
   12248  O 09202026 0703 03
   12487  O 09202026 0703 12
   12259  O 09202026 0703 11
   12790  O 09202026 0703 03
   12679  O 09202026 0703 12
   11221  O 09202026 0703 03
   12721  O 09202026 0703 04
   10231  O 09202026 0703 03
   03172  O 09202026 0703 11
   09676  O 09202026 0703 04
   12871  O 09202026 0703 03
   12816  O 09202026 0703 04
   12862  O 09202026 0703 03
   12246  O 09202026 0703 04
   01511  O 09202026 0703 03
   12809  O 09202026 0703 12
   12059  O 09202026 0703 04
   10405  O 09202026 0703 11
   03062  O 09202026 0703 12
   12666  O 09202026 0704 04
   10849  O 09202026 0704 03
   12249  O 09202026 0704 12
   12237  O 09202026 0704 04
   12440  O 09202026 0704 08
   12802  O 09202026 0704 03
   03176  O 09202026 0704 08
   11647  O 09202026 0704 07
   12920  O 09202026 0704 03
   12620  O 09202026 0704 11
   10144  O 09202026 0704 07
   12927  O 09202026 0704 03
   12556  O 09202026 0704 03
   12800  O 09202026 0704 04
   11692  I 09202026 0704 02
   12624  I 09202026 0704 01
   12701  O 09202026 0704 03
   12148  O 09202026 0704 03
   11768  O 09202026 0704 08
   12074  O 09202026 0704 04
   01479  O 09202026 0704 04
   12755  I 09202026 0704 02
   12329  O 09202026 0704 03
   12486  O 09202026 0704 11
   12500  O 09202026 0705 03
   01295  O 09202026 0705 04
   12458  O 09202026 0705 03
   03141  O 09202026 0705 12
   11719  I 09202026 0705 01
   12269  O 09202026 0705 12
   10148  O 09202026 0705 07
   10176  O 09202026 0705 08
   11390  O 09202026 0705 08
   12873  O 09202026 0705 03
   10817  I 09202026 0705 01
   10356  O 09202026 0705 08
   12354  O 09202026 0705 07
   10606  O 09202026 0706 04
   12687  O 09202026 0706 08
   12582  O 09202026 0706 07
   10576  O 09202026 0706 03
   11779  O 09202026 0706 04
   10094  O 09202026 0706 03
   12727  O 09202026 0706 11
   12630  O 09202026 0706 07
   11404  O 09202026 0706 12
   12147  I 09202026 0706 02
   12343  O 09202026 0706 08
   11789  O 09202026 0706 07
   12738  O 09202026 0706 03
   12546  O 09202026 0706 12
   12370  O 09202026 0706 07
   03108  O 09202026 0707 11
   12674  O 09202026 0708 12
   11726  O 09202026 0708 03
   10169  O 09202026 0710 12
   12021  O 09202026 0710 14
   12754  O 09202026 0711 08
   11223  O 09202026 0711 08
   11222  O 09202026 0711 03
   11688  O 09202026 0711 08
   11935  O 09202026 0711 14
   12415  O 09202026 0712 12
   12136  O 09202026 0713 03
   12799  O 09202026 0713 07
   12110  O 09202026 0715 07
   12489  O 09202026 0719 12
   12224  O 09202026 0720 11
   12569  O 09202026 0721 12
   11946  O 09202026 0721 11
   01276  O 09202026 0721 03
   10026  O 09202026 0726 07
   12694  O 09202026 0727 07
   03135  O 09202026 0729 07
   01468  O 09202026 0751 12
   10234  I 09202026 0835 02
   10831  I 09202026 1047 05
   12457  I 09202026 1245 05
   03039  I 09202026 1316 05
   01312  I 09202026 1317 05
   12725  I 09202026 1329 01
   12256  I 09202026 1331 05
   01428  I 09202026 1332 01
   10224  I 09202026 1334 05
   10809  I 09202026 1341 05
   10140  I 09202026 1341 05
   03141  I 09202026 1346 05
   12688  I 09202026 1347 06
   10663  I 09202026 1347 05
   10021  I 09202026 1350 05
   12612  I 09202026 1351 02
   10070  I 09202026 1352 05
   03179  I 09202026 1353 05
   03018  I 09202026 1355 05
   12677  I 09202026 1356 05
   12307  I 09202026 1356 06
   11928  O 09202026 1357 04
   11928  I 09202026 1357 02
   01481  I 09202026 1359 05
   01317  I 09202026 1359 02
   12888  I 09202026 1400 06
   10598  O 09202026 1400 04
   12821  I 09202026 1401 06
   03122  I 09202026 1403 05
   03098  I 09202026 1407 05
   12080  I 09202026 1408 06
   12808  I 09202026 1408 05
   11400  I 09202026 1410 05
   12289  I 09202026 1412 06
   12185  I 09202026 1417 05
   12249  I 09202026 1417 06
   12889  I 09202026 1417 05
   12576  I 09202026 1417 06
   03026  I 09202026 1419 01
   12342  I 09202026 1419 06
   12919  I 09202026 1419 01
   12886  I 09202026 1422 01
   03104  I 09202026 1423 02
   10358  I 09202026 1423 05
   11942  I 09202026 1423 05
   12058  I 09202026 1424 01
   12266  I 09202026 1425 02
   12544  I 09202026 1426 05
   10285  I 09202026 1426 06
   10839  I 09202026 1426 06
   11879  I 09202026 1427 06
   10264  I 09202026 1428 06
   10091  I 09202026 1429 05
   12440  I 09202026 1429 05
   12485  I 09202026 1429 06
   10791  I 09202026 1429 02
   12670  I 09202026 1429 01
   09833  I 09202026 1429 05
   01333  I 09202026 1430 05
   10309  I 09202026 1431 06
   11390  I 09202026 1431 06
   03152  I 09202026 1432 02
   12682  I 09202026 1432 05
   10146  I 09202026 1433 05
   12355  I 09202026 1433 02
   11538  I 09202026 1433 06
   03037  I 09202026 1434 05
   10788  I 09202026 1434 06
   12115  I 09202026 1434 02
   12085  I 09202026 1435 06
   01325  I 09202026 1435 01
   10373  I 09202026 1435 02
   10467  I 09202026 1435 01
   10046  I 09202026 1435 01
   12601  I 09202026 1435 02
   12236  I 09202026 1436 06
   12390  I 09202026 1437 02
   12858  I 09202026 1438 05
   12894  I 09202026 1439 06
   12123  I 09202026 1439 05
   11726  I 09202026 1439 01
   10576  I 09202026 1440 02
   12069  I 09202026 1440 06
   12088  I 09202026 1440 06
   12710  I 09202026 1441 05
   01477  I 09202026 1441 05
   12186  I 09202026 1441 06
   12630  I 09202026 1441 02
   12306  I 09202026 1442 05
   11398  I 09202026 1442 06
   12456  I 09202026 1443 01
   11688  I 09202026 1443 05
   10386  I 09202026 1443 02
   10318  I 09202026 1443 01
   12501  I 09202026 1443 06
   10243  I 09202026 1444 02
   12415  I 09202026 1444 06
   10678  I 09202026 1444 02
   10026  I 09202026 1444 06
   12460  I 09202026 1445 02
   12874  O 09202026 1445 04
   11933  I 09202026 1445 01
   12743  I 09202026 1445 06
   12874  I 09202026 1445 01
   01345  I 09202026 1446 06
   01373  I 09202026 1447 05
   12575  I 09202026 1448 05
   12819  I 09202026 1448 06
   12610  I 09202026 1448 05
   10728  I 09202026 1448 06
   11286  I 09202026 1449 01
   10086  I 09202026 1450 05
   10222  I 09202026 1450 06
   12503  I 09202026 1450 06
   01511  I 09202026 1450 02
   12689  I 09202026 1451 05
   03126  I 09202026 1451 06
   01417  I 09202026 1451 06
   12237  I 09202026 1451 05
   12474  I 09202026 1451 06
   12184  I 09202026 1452 06
   01510  I 09202026 1452 02
   12569  I 09202026 1452 05
   01296  I 09202026 1453 13
   12852  I 09202026 1453 06
   12059  I 09202026 1454 02
   12741  I 09202026 1454 01
   03032  I 09202026 1454 02
   10383  I 09202026 1454 06
   12816  I 09202026 1454 01
   10094  I 09202026 1454 02
   12841  I 09202026 1455 01
   10808  I 09202026 1455 06
   12742  I 09202026 1456 01
   11789  I 09202026 1456 06
   12720  I 09202026 1457 05
   12375  I 09202026 1457 01
   01351  I 09202026 1457 06
   11780  I 09202026 1458 06
   12097  I 09202026 1458 01
   12057  I 09202026 1458 02
   12112  I 09202026 1458 01
   01367  I 09202026 1459 05
   03088  I 09202026 1459 01
   10466  I 09202026 1459 01
   12416  O 09202026 1500 07
   12128  O 09202026 1500 12
   12502  O 09202026 1500 04
   03027  O 09202026 1500 11
   10469  O 09202026 1500 03
   12758  O 09202026 1500 08
   12840  O 09202026 1500 14
   10500  O 09202026 1500 07
   12712  O 09202026 1500 04
   10310  O 09202026 1500 12
   12146  O 09202026 1500 03
   03029  O 09202026 1500 11
   12609  O 09202026 1500 07
   12056  O 09202026 1500 08
   11936  O 09202026 1500 14
   01405  O 09202026 1500 04
   12637  O 09202026 1500 12
   12668  O 09202026 1500 03
   12625  O 09202026 1500 08
   12140  O 09202026 1500 11
   10754  O 09202026 1500 07
   12853  O 09202026 1500 04
   11767  O 09202026 1500 12
   12829  O 09202026 1500 03
   12813  O 09202026 1500 08
   11863  O 09202026 1500 12
   12812  O 09202026 1500 11
   12049  O 09202026 1500 14
   03112  O 09202026 1500 07
   12846  O 09202026 1500 04
   12729  O 09202026 1500 11
   10700  O 09202026 1500 08
   10490  O 09202026 1500 07
   12887  O 09202026 1500 03
   12191  O 09202026 1500 04
   12726  O 09202026 1500 12
   12555  O 09202026 1500 11
   12084  O 09202026 1500 03
   11493  O 09202026 1500 14
   12122  O 09202026 1500 07
   12020  O 09202026 1500 08
   12678  O 09202026 1500 11
   03177  O 09202026 1500 04
   12869  O 09202026 1500 12
   10232  O 09202026 1500 03
   10605  O 09202026 1500 14
   12901  O 09202026 1500 04
   12451  O 09202026 1500 03
   03123  O 09202026 1500 11
   10673  O 09202026 1500 07
   10696  O 09202026 1500 04
   01492  O 09202026 1500 08
   12439  O 09202026 1500 03
   12383  O 09202026 1501 04
   11534  O 09202026 1501 08
   10384  O 09202026 1501 07
   12930  O 09202026 1501 03
   11495  O 09202026 1501 03
   12291  O 09202026 1501 03
   10841  O 09202026 1501 14
   12753  O 09202026 1501 03
   12543  O 09202026 1501 04
   12780  O 09202026 1501 11
   10607  O 09202026 1501 03
   12722  O 09202026 1501 07
   12557  O 09202026 1501 04
   12412  O 09202026 1501 12
   12723  O 09202026 1501 03
   11724  O 09202026 1501 04
   12138  O 09202026 1501 03
   11945  O 09202026 1501 11
   12337  I 09202026 1501 01
   12076  O 09202026 1501 04
   10145  O 09202026 1501 03
   12350  O 09202026 1501 04
   03105  O 09202026 1501 03
   10759  O 09202026 1501 08
   11784  O 09202026 1501 14
   10083  O 09202026 1501 07
   12628  O 09202026 1501 04
   03148  O 09202026 1501 03
   01341  O 09202026 1501 12
   12676  O 09202026 1501 11
   12632  O 09202026 1501 04
   12156  O 09202026 1502 03
   12757  O 09202026 1502 11
   12538  O 09202026 1502 03
   03151  O 09202026 1502 04
   12462  O 09202026 1502 07
   12611  O 09202026 1502 04
   03136  O 09202026 1502 03
   12623  I 09202026 1502 01
   11537  O 09202026 1502 08
   12731  O 09202026 1502 11
   10794  O 09202026 1502 07
   10261  O 09202026 1502 12
   12664  O 09202026 1502 08
   11687  O 09202026 1502 03
   12113  I 09202026 1502 01
   12248  I 09202026 1502 02
   11496  O 09202026 1502 11
   12082  O 09202026 1502 07
   03124  O 09202026 1502 04
   12125  O 09202026 1502 11
   12142  O 09202026 1502 08
   12667  O 09202026 1502 03
   12116  O 09202026 1502 07
   12577  O 09202026 1502 12
   12711  O 09202026 1502 07
   11774  I 09202026 1502 02
   10796  O 09202026 1502 04
   12392  O 09202026 1502 03
   12369  O 09202026 1502 12
   12763  O 09202026 1502 04
   12089  O 09202026 1502 11
   11776  O 09202026 1502 08
   12807  O 09202026 1502 12
   12356  O 09202026 1503 03
   10604  O 09202026 1503 04
   12598  O 09202026 1503 03
   12472  O 09202026 1503 14
   12317  O 09202026 1503 04
   12877  O 09202026 1503 03
   10219  O 09202026 1503 08
   12665  O 09202026 1503 04
   03010  I 09202026 1503 01
   12755  O 09202026 1503 03
   12624  O 09202026 1503 04
   11690  O 09202026 1503 08
   12247  O 09202026 1503 11
   10817  O 09202026 1503 03
   03102  I 09202026 1503 02
   03119  O 09202026 1503 11
   10697  O 09202026 1503 11
   12545  O 09202026 1503 03
   01452  O 09202026 1503 04
   03085  O 09202026 1503 08
   03078  O 09202026 1503 07
   01454  O 09202026 1503 08
   10847  O 09202026 1503 11
   11168  O 09202026 1504 12
   01356  O 09202026 1504 03
   11940  O 09202026 1504 07
   01302  O 09202026 1504 08
   10240  O 09202026 1504 07
   12302  O 09202026 1504 07
   11787  O 09202026 1504 07
   10706  O 09202026 1504 08
   03080  O 09202026 1505 08
   01339  O 09202026 1505 12
   10055  O 09202026 1505 14
   03077  O 09202026 1505 08
   10177  O 09202026 1505 07
   12583  O 09202026 1505 12
   09823  O 09202026 1505 11
   03168  O 09202026 1505 07
   12700  O 09202026 1506 07
   12647  O 09202026 1506 07
   11522  O 09202026 1506 04
   03058  O 09202026 1506 07
   10775  O 09202026 1506 08
   03173  O 09202026 1506 07
   12499  O 09202026 1507 03
   12147  O 09202026 1509 04
   12151  O 09202026 1509 03
   11719  O 09202026 1509 04
   01499  O 09202026 1510 07
   10117  O 09202026 1512 07
   03161  O 09202026 1512 03
   10378  O 09202026 1512 04
   11692  O 09202026 1513 12
   11402  O 09202026 1513 07
   10705  O 09202026 1514 11
   12153  O 09202026 1516 07
   01423  O 09202026 1517 11
   01415  O 09202026 1518 14
   01432  O 09202026 1518 08
   12334  O 09202026 1520 12
   10287  O 09202026 1522 11
   01449  O 09202026 1525 08
   10135  O 09202026 1529 12
   01456  O 09202026 1532 08
   12488  O 09202026 1549 14
   10133  I 09202026 1651 06
   12230  O 09202026 1700 04
   10047  O 09202026 1700 03
   11267  O 09202026 1745 03
   12845  I 09202026 1800 06
   12260  I 09202026 1801 05
   12093  O 09202026 1803 07
   03061  O 09202026 1809 07
   10199  O 09202026 1815 07
   12737  O 09202026 1819 11
   11167  I 09202026 1825 01
   10334  O 09202026 1827 12
   12783  I 09202026 1828 05
   12627  I 09202026 1835 05
   12698  I 09202026 1839 02
   01276  I 09202026 1844 02
   12131  I 09202026 1844 02
   10780  I 09202026 1844 05
   12539  I 09202026 1848 06
   10369  I 09202026 1854 10
   01512  I 09202026 1856 01
   12851  I 09202026 1857 05
   12267  O 09202026 1900 08
   12833  O 09202026 1900 07
   12192  O 09202026 1900 12
   12735  O 09202026 1900 08
   12341  O 09202026 1900 07
   11848  O 09202026 1900 12
   12461  O 09202026 1900 08
   10830  O 09202026 1900 07
   12663  O 09202026 1901 11
   11411  O 09202026 1901 04
   12644  O 09202026 1901 12
   12961  O 09202026 1901 11
   12463  I 09202026 1901 01
   12736  O 09202026 1901 12
   11605  O 09202026 1902 07
   12945  O 09202026 1902 07
   01234  O 09202026 1904 03
   12756  O 09202026 1906 12
   12164  O 09202026 1919 03
   11266  I 09202026 1949 05
   09704  O 09202026 2011 08
   03068  I 09202026 2045 05
   12475  I 09202026 2049 06
   11646  I 09202026 2058 06
   03135  I 09202026 2106 01
   10202  I 09202026 2126 06
   10333  I 09202026 2126 05
   03062  I 09202026 2129 05
   10849  I 09202026 2135 01
   01459  I 09202026 2136 05
   12679  I 09202026 2138 05
   03182  I 09202026 2141 06
   01319  I 09202026 2143 05
   11693  I 09202026 2144 05
   03167  I 09202026 2144 05
   10127  I 09202026 2147 06
   01425  I 09202026 2150 06
   01468  I 09202026 2150 05
   01448  I 09202026 2152 06
   10221  I 09202026 2154 02
   12710  O 09202026 2200 14
   11647  I 09202026 2206 05
   01306  I 09202026 2208 02
   10720  I 09202026 2208 06
   12254  I 09202026 2210 05
   10201  I 09202026 2213 02
   12136  I 09202026 2216 01
   03035  I 09202026 2217 05
   10658  I 09202026 2217 06
   10306  I 09202026 2219 02
   01320  I 09202026 2220 06
   01487  I 09202026 2220 02
   03176  I 09202026 2220 05
   11935  I 09202026 2221 06
   12701  I 09202026 2222 01
   03047  I 09202026 2222 05
   12458  I 09202026 2222 02
   10612  I 09202026 2224 06
   12224  I 09202026 2225 05
   12135  I 09202026 2225 01
   10606  I 09202026 2225 01
   01475  I 09202026 2226 02
   01295  I 09202026 2226 01
   12372  I 09202026 2227 02
   12967  I 09202026 2228 06
   12094  I 09202026 2230 05
   01330  I 09202026 2230 06
   12620  I 09202026 2231 05
   12584  I 09202026 2231 05
   10231  I 09202026 2232 01
   12672  I 09202026 2234 01
   12354  I 09202026 2234 05
   10356  I 09202026 2234 05
   10116  I 09202026 2235 05
   10617  I 09202026 2235 05
   10017  I 09202026 2235 06
   10581  I 09202026 2235 06
   12496  I 09202026 2235 06
   11926  I 09202026 2235 05
   12064  I 09202026 2236 01
   10698  I 09202026 2236 05
   10144  I 09202026 2237 05
   12727  I 09202026 2237 06
   01249  I 09202026 2237 05
   12409  I 09202026 2238 06
   10669  I 09202026 2238 02
   10176  I 09202026 2238 05
   12799  I 09202026 2239 02
   11248  I 09202026 2239 06
   03012  I 09202026 2244 06
   10385  I 09202026 2244 05
   12487  I 09202026 2244 05
   09676  I 09202026 2245 02
   10071  I 09202026 2246 06
   12622  I 09202026 2246 01
   12055  I 09202026 2248 02
   12130  I 09202026 2248 01
   03030  I 09202026 2248 02
   12189  I 09202026 2250 02
   12074  I 09202026 2250 02
   12357  I 09202026 2250 02
   12721  I 09202026 2251 01
   12666  I 09202026 2251 01
   10843  I 09202026 2251 05
   12467  I 09202026 2251 02
   12325  I 09202026 2252 01
   12370  I 09202026 2253 06
   12740  I 09202026 2254 02
   10148  I 09202026 2255 05
   12738  I 09202026 2255 01
   12371  I 09202026 2256 02
   12687  I 09202026 2256 06
   12546  I 09202026 2256 05
   11652  I 09202026 2257 01
   11779  I 09202026 2257 02
   10589  I 09202026 2259 05
   11725  I 09202026 2259 01
   10245  I 09202026 2259 01
   12133  I 09202026 2259 01
   12457  O 09202026 2300 08
   12080  O 09202026 2300 11
   01481  O 09202026 2300 07
   10809  O 09202026 2300 03
   10318  O 09202026 2300 04
   12307  O 09202026 2300 12
   12097  O 09202026 2300 14
   12474  O 09202026 2300 11
   10386  O 09202026 2300 03
   12720  O 09202026 2300 07
   10243  O 09202026 2300 04
   12501  O 09202026 2300 11
   12732  O 09202026 2300 12
   12858  O 09202026 2300 08
   12460  O 09202026 2300 03
   12890  O 09202026 2300 08
   10678  O 09202026 2300 04
   11879  O 09202026 2300 11
   12808  O 09202026 2300 07
   12456  O 09202026 2300 03
   01296  O 09202026 2300 14
   03122  O 09202026 2300 08
   12645  O 09202026 2300 12
   12306  O 09202026 2300 03
   12069  O 09202026 2300 11
   10222  O 09202026 2300 07
   12576  O 09202026 2300 04
   03018  O 09202026 2300 08
   11774  O 09202026 2300 04
   10021  O 09202026 2300 12
   12601  O 09202026 2300 03
   03104  O 09202026 2300 14
   10358  O 09202026 2300 11
   12888  O 09202026 2300 07
   10309  O 09202026 2300 12
   12266  O 09202026 2300 04
   11780  O 09202026 2300 03
   10383  O 09202026 2300 11
   12237  O 09202026 2300 08
   12058  O 09202026 2300 03
   12819  O 09202026 2300 07
   10046  O 09202026 2300 03
   12184  O 09202026 2300 14
   10467  O 09202026 2300 04
   12623  O 09202026 2300 03
   11538  O 09202026 2300 07
   10839  O 09202026 2301 07
   12503  O 09202026 2301 08
   12742  O 09202026 2301 03
   10728  O 09202026 2301 07
   11942  O 09202026 2301 08
   10224  O 09202026 2301 07
   12816  O 09202026 2301 03
   12256  O 09202026 2301 12
   03037  O 09202026 2301 08
   12612  O 09202026 2301 03
   12112  O 09202026 2301 12
   12743  O 09202026 2301 07
   10234  O 09202026 2301 04
   12236  O 09202026 2301 08
   01511  O 09202026 2301 03
   12852  O 09202026 2301 07
   10788  O 09202026 2301 08
   12725  O 09202026 2301 03
   11400  O 09202026 2301 11
   10285  O 09202026 2301 07
   12342  O 09202026 2301 11
   11928  O 09202026 2301 08
   12582  I 09202026 2301 01
   12415  O 09202026 2301 12
   12204  O 09202026 2301 07
   01510  O 09202026 2301 03
   01325  O 09202026 2301 08
   11933  O 09202026 2301 04
   12651  O 09202026 2301 11
   12440  O 09202026 2301 07
   12085  O 09202026 2301 03
   12689  O 09202026 2301 08
   12185  O 09202026 2301 11
   12289  O 09202026 2301 04
   12688  O 09202026 2301 07
   12113  O 09202026 2301 11
   12894  O 09202026 2302 08
   12067  O 09202026 2302 14
   12821  O 09202026 2302 07
   09833  O 09202026 2302 12
   11286  O 09202026 2302 04
   03126  O 09202026 2302 03
   12485  O 09202026 2302 12
   10026  O 09202026 2302 08
   01333  O 09202026 2302 12
   12610  O 09202026 2302 11
   01317  O 09202026 2302 12
   10791  O 09202026 2302 08
   12889  O 09202026 2302 04
   01351  O 09202026 2302 03
   12249  O 09202026 2302 12
   10140  O 09202026 2302 07
   03179  O 09202026 2302 12
   12878  O 09202026 2302 03
   01345  O 09202026 2302 07
   03010  O 09202026 2302 08
   01477  O 09202026 2302 12
   12337  O 09202026 2302 03
   03088  O 09202026 2302 04
   10086  O 09202026 2302 07
   01428  O 09202026 2302 08
   03102  O 09202026 2302 07
   10264  O 09202026 2303 11
   12355  O 09202026 2303 03
   10091  O 09202026 2303 08
   12630  O 09202026 2303 12
   12186  O 09202026 2303 07
   10576  O 09202026 2303 03
   11789  O 09202026 2303 07
   03001  O 09202026 2303 12
   11688  O 09202026 2303 07
   10808  O 09202026 2303 08
   12695  O 09202026 2303 04
   01367  O 09202026 2303 07
   03159  O 09202026 2304 12
   10146  O 09202026 2304 08
   11398  O 09202026 2304 12
   10466  O 09202026 2304 11
   12670  O 09202026 2304 03
   12682  O 09202026 2304 12
   01417  O 09202026 2304 08
   11388  I 09202026 2305 02
   03141  O 09202026 2305 12
   03026  O 09202026 2305 11
   03032  O 09202026 2306 07
   10640  I 09202026 2306 01
   12575  O 09202026 2306 08
   12544  O 09202026 2306 11
   12741  O 09202026 2306 07
   10831  O 09202026 2307 07
   12088  O 09202026 2307 12
   11726  O 09202026 2308 03
   12390  O 09202026 2309 04
   12919  O 09202026 2309 07
   12874  O 09202026 2310 04
   03039  O 09202026 2310 08
   12123  O 09202026 2312 11
   10373  O 09202026 2312 11
   12841  O 09202026 2313 03
   01373  O 09202026 2313 08
   10094  O 09202026 2313 03
   10073  O 09202026 2313 12
   12115  O 09202026 2314 12
   12059  O 09202026 2316 04
   01312  O 09202026 2317 12
   11390  O 09202026 2318 08
   03152  O 09202026 2318 03
   12021  I 09202026 2335 02
