   01454  I 09252026 0506 01
   10642  I 09252026 0517 05
   12249  I 09252026 0523 05
   09823  I 09252026 0523 06
   01468  I 09252026 0533 05
   03007  I 09252026 0544 05
   11690  I 09252026 0547 05
   10202  I 09252026 0555 06
   10070  I 09252026 0555 06
   01335  I 09252026 0556 05
   12156  I 09252026 0558 06
   01355  I 09252026 0600 05
   12532  I 09252026 0602 05
   12307  I 09252026 0602 06
   12929  I 09252026 0602 01
   12627  I 09252026 0605 06
   01339  I 09252026 0607 06
   01413  I 09252026 0607 06
   12486  I 09252026 0608 06
   01231  I 09252026 0608 05
   01423  I 09252026 0610 05
   03141  I 09252026 0610 05
   12692  I 09252026 0613 01
   11250  I 09252026 0615 06
   12810  I 09252026 0615 06
   12595  I 09252026 0615 06
   03101  I 09252026 0615 02
   03151  I 09252026 0616 01
   11933  I 09252026 0617 02
   12677  I 09252026 0617 05
   03053  I 09252026 0618 05
   12967  I 09252026 0618 06
   10224  I 09252026 0618 05
   12205  I 09252026 0619 01
   12342  I 09252026 0620 06
   12950  I 09252026 0620 01
   12740  I 09252026 0620 02
   01481  I 09252026 0621 05
   12355  I 09252026 0622 02
   01344  I 09252026 0622 05
   03098  I 09252026 0622 05
   12809  I 09252026 0622 06
   12222  I 09252026 0624 01
   12397  I 09252026 0624 02
   12962  I 09252026 0624 02
   12759  I 09252026 0624 01
   10678  I 09252026 0625 02
   12889  I 09252026 0626 05
   10754  I 09252026 0626 06
   12824  I 09252026 0626 02
   10140  I 09252026 0626 05
   12823  I 09252026 0626 01
   12963  I 09252026 0627 02
   12957  O 09252026 0627 03
   12957  I 09252026 0627 01
   12577  I 09252026 0628 01
   11607  I 09252026 0628 06
   12898  I 09252026 0629 01
   12614  I 09252026 0629 01
   12928  I 09252026 0630 01
   10663  I 09252026 0630 01
   12476  I 09252026 0630 02
   10766  I 09252026 0631 06
   03153  I 09252026 0632 06
   01495  I 09252026 0632 05
   12390  I 09252026 0632 02
   12863  I 09252026 0632 01
   12460  I 09252026 0632 02
   10467  I 09252026 0632 01
   03152  I 09252026 0633 02
   11493  I 09252026 0633 05
   10383  I 09252026 0633 06
   11538  I 09252026 0633 05
   12688  I 09252026 0634 06
   12924  I 09252026 0634 01
   10309  I 09252026 0634 06
   12081  I 09252026 0634 05
   10673  I 09252026 0634 06
   10373  I 09252026 0635 02
   10736  O 09252026 0635 03
   12669  I 09252026 0635 05
   10736  I 09252026 0635 02
   10050  I 09252026 0635 02
   12833  I 09252026 0636 06
   12485  I 09252026 0636 05
   12938  I 09252026 0636 06
   12236  I 09252026 0636 05
   11498  I 09252026 0637 05
   10585  I 09252026 0637 02
   12376  I 09252026 0637 01
   12840  I 09252026 0637 06
   12374  I 09252026 0637 02
   10318  I 09252026 0637 01
   01266  I 09252026 0638 05
   11267  I 09252026 0638 01
   12821  I 09252026 0638 06
   10641  I 09252026 0638 05
   12700  I 09252026 0638 02
   01325  I 09252026 0638 01
   11390  I 09252026 0639 06
   12849  I 09252026 0639 05
   01504  I 09252026 0639 02
   10026  I 09252026 0639 05
   12184  I 09252026 0639 06
   10827  I 09252026 0640 01
   01433  I 09252026 0640 06
   12945  I 09252026 0641 06
   12289  I 09252026 0641 06
   11863  I 09252026 0641 06
   12208  I 09252026 0641 05
   10054  I 09252026 0642 02
   10425  I 09252026 0642 01
   10357  I 09252026 0642 01
   12724  I 09252026 0643 02
   12350  I 09252026 0643 01
   12234  I 09252026 0643 01
   12674  I 09252026 0643 06
   10135  I 09252026 0643 06
   10234  I 09252026 0644 01
   11522  I 09252026 0644 02
   12642  I 09252026 0644 05
   01317  I 09252026 0644 02
   12305  I 09252026 0644 02
   12317  I 09252026 0644 01
   03104  I 09252026 0644 05
   12306  I 09252026 0644 02
   10243  I 09252026 0644 01
   01345  I 09252026 0644 06
   10576  I 09252026 0645 02
   12545  I 09252026 0645 01
   12353  I 09252026 0645 05
   03037  I 09252026 0645 06
   12855  I 09252026 0645 02
   10449  I 09252026 0646 05
   10609  I 09252026 0646 06
   10073  I 09252026 0646 05
   12066  I 09252026 0646 02
   12689  I 09252026 0646 05
   12695  I 09252026 0646 02
   12804  I 09252026 0646 01
   12610  I 09252026 0646 06
   10358  I 09252026 0646 05
   12598  I 09252026 0646 06
   12433  I 09252026 0646 02
   11767  I 09252026 0646 06
   12341  I 09252026 0647 05
   12244  I 09252026 0647 02
   12639  I 09252026 0647 05
   12888  I 09252026 0647 06
   10223  I 09252026 0648 05
   10574  I 09252026 0648 05
   12568  I 09252026 0648 06
   11387  I 09252026 0648 06
   12090  I 09252026 0648 06
   12456  I 09252026 0649 01
   03120  I 09252026 0649 06
   12755  I 09252026 0649 02
   10588  I 09252026 0649 06
   10841  I 09252026 0649 05
   10786  I 09252026 0649 06
   12858  I 09252026 0649 05
   12439  I 09252026 0649 01
   10199  I 09252026 0649 05
   12538  I 09252026 0649 02
   12474  I 09252026 0650 05
   12082  I 09252026 0650 05
   12587  I 09252026 0650 05
   12657  I 09252026 0650 02
   12553  I 09252026 0650 05
   11726  I 09252026 0650 01
   10759  I 09252026 0650 05
   12919  I 09252026 0650 02
   12716  I 09252026 0650 05
   12699  O 09252026 0650 03
   12653  I 09252026 0650 06
   12894  I 09252026 0650 05
   12699  I 09252026 0650 02
   12413  I 09252026 0650 05
   01374  I 09252026 0651 02
   12191  I 09252026 0651 01
   10573  I 09252026 0651 02
   12131  I 09252026 0651 02
   12186  I 09252026 0651 06
   12237  I 09252026 0652 06
   10780  I 09252026 0652 05
   10407  I 09252026 0652 06
   12682  I 09252026 0652 06
   12351  I 09252026 0652 02
   03118  I 09252026 0653 06
   12084  I 09252026 0653 02
   10796  I 09252026 0653 01
   01369  I 09252026 0653 01
   12670  I 09252026 0654 02
   12612  I 09252026 0654 02
   12349  I 09252026 0654 01
   12575  I 09252026 0654 06
   12846  I 09252026 0654 05
   12049  I 09252026 0654 06
   12862  I 09252026 0655 01
   11408  I 09252026 0655 02
   10791  I 09252026 0655 02
   03122  I 09252026 0655 01
   10146  I 09252026 0655 02
   10523  I 09252026 0656 02
   12693  I 09252026 0656 01
   12260  I 09252026 0656 05
   12738  I 09252026 0656 01
   12085  I 09252026 0656 02
   11494  I 09252026 0656 06
   12112  I 09252026 0656 01
   12125  I 09252026 0656 02
   12805  I 09252026 0657 05
   11879  I 09252026 0657 06
   11496  I 09252026 0657 05
   10785  I 09252026 0657 01
   12187  I 09252026 0657 02
   12359  I 09252026 0657 06
   12861  I 09252026 0657 06
   12792  I 09252026 0658 01
   01436  I 09252026 0658 05
   01373  I 09252026 0658 06
   10808  I 09252026 0658 06
   12298  I 09252026 0658 09
   11765  I 09252026 0658 06
   10500  I 09252026 0658 01
   12735  I 09252026 0658 05
   12339  I 09252026 0659 06
   12816  I 09252026 0659 01
   12828  I 09252026 0659 02
   10232  I 09252026 0659 01
   12650  I 09252026 0700 05
   11693  O 09252026 0700 08
   12496  O 09252026 0700 14
   12254  O 09252026 0700 11
   12146  O 09252026 0700 03
   11694  O 09252026 0700 07
   12672  O 09252026 0700 04
   12637  O 09252026 0700 12
   12556  O 09252026 0700 03
   12539  O 09252026 0700 11
   10825  O 09252026 0700 08
   12122  I 09252026 0700 06
   11936  O 09252026 0700 14
   12080  O 09252026 0700 07
   10201  O 09252026 0700 04
   03170  O 09252026 0700 03
   12753  O 09252026 0700 12
   01367  I 09252026 0700 06
   12501  O 09252026 0700 08
   12727  O 09252026 0700 11
   12502  O 09252026 0700 07
   10605  O 09252026 0700 14
   10469  O 09252026 0700 04
   12325  I 09252026 0700 01
   12729  O 09252026 0700 11
   12625  O 09252026 0700 08
   01487  O 09252026 0700 03
   10285  O 09252026 0700 07
   11774  O 09252026 0700 04
   01296  O 09252026 0700 14
   12645  O 09252026 0700 11
   12783  O 09252026 0700 12
   11355  I 09252026 0700 02
   12113  I 09252026 0700 01
   10490  O 09252026 0700 07
   10720  O 09252026 0700 11
   12644  O 09252026 0700 12
   12878  O 09252026 0700 04
   10384  O 09252026 0700 08
   03080  O 09252026 0700 03
   12275  O 09252026 0700 07
   12609  O 09252026 0700 11
   12698  O 09252026 0700 03
   11168  O 09252026 0700 12
   01405  O 09252026 0700 07
   12647  O 09252026 0700 04
   10177  O 09252026 0700 08
   12820  O 09252026 0700 14
   12754  O 09252026 0700 04
   12712  O 09252026 0700 07
   10133  O 09252026 0700 12
   10264  O 09252026 0700 11
   12056  O 09252026 0700 08
   12829  O 09252026 0700 03
   03123  O 09252026 0700 12
   10830  O 09252026 0700 07
   12370  O 09252026 0700 11
   10100  O 09252026 0700 08
   12499  O 09252026 0700 04
   03173  O 09252026 0700 03
   10581  O 09252026 0700 07
   12089  O 09252026 0700 11
   12392  O 09252026 0700 12
   12576  O 09252026 0700 04
   12020  O 09252026 0700 08
   10221  O 09252026 0701 03
   10617  O 09252026 0701 07
   11411  O 09252026 0701 04
   12813  O 09252026 0701 12
   10598  O 09252026 0701 08
   10706  O 09252026 0701 07
   01475  O 09252026 0701 03
   12557  O 09252026 0701 12
   12475  O 09252026 0701 11
   01341  O 09252026 0701 04
   10017  O 09252026 0701 08
   12629  I 09252026 0701 02
   12711  O 09252026 0701 11
   11787  O 09252026 0701 07
   10245  O 09252026 0701 03
   12497  O 09252026 0701 04
   12247  O 09252026 0701 11
   10083  O 09252026 0701 08
   12897  O 09252026 0701 03
   12793  O 09252026 0701 07
   12662  O 09252026 0701 04
   12098  O 09252026 0701 08
   11286  I 09252026 0701 02
   10697  O 09252026 0701 12
   12948  O 09252026 0701 03
   12720  I 09252026 0701 02
   12764  I 09252026 0701 06
   10184  O 09252026 0701 04
   12620  O 09252026 0701 07
   11266  O 09252026 0701 08
   12192  O 09252026 0701 11
   12856  O 09252026 0701 03
   12266  O 09252026 0701 04
   03119  O 09252026 0701 12
   03085  O 09252026 0701 08
   10640  O 09252026 0701 04
   12844  O 09252026 0701 03
   12487  O 09252026 0701 12
   12462  O 09252026 0701 11
   11650  O 09252026 0701 04
   12831  O 09252026 0701 03
   12238  O 09252026 0701 12
   11687  O 09252026 0701 04
   12383  O 09252026 0701 03
   10456  O 09252026 0702 07
   01492  O 09252026 0702 08
   12763  O 09252026 0702 04
   12373  O 09252026 0702 03
   10047  O 09252026 0702 04
   12471  O 09252026 0702 11
   10148  O 09252026 0702 08
   10669  O 09252026 0702 03
   12780  O 09252026 0702 12
   10466  I 09252026 0702 01
   01330  O 09252026 0702 04
   12611  O 09252026 0702 03
   03077  O 09252026 0702 08
   10369  O 09252026 0702 04
   12076  O 09252026 0702 03
   12723  O 09252026 0702 03
   12337  I 09252026 0702 01
   12371  O 09252026 0702 08
   11221  I 09252026 0702 02
   03159  O 09252026 0702 11
   12825  O 09252026 0702 03
   11169  O 09252026 0702 04
   01499  O 09252026 0702 08
   11692  I 09252026 0702 01
   12561  O 09252026 0702 03
   12372  O 09252026 0702 04
   11646  O 09252026 0702 12
   10696  O 09252026 0703 08
   01448  O 09252026 0703 03
   12930  O 09252026 0703 04
   12188  O 09252026 0703 03
   12843  O 09252026 0703 04
   12944  O 09252026 0703 03
   12116  O 09252026 0703 07
   12067  O 09252026 0703 08
   12760  O 09252026 0703 04
   12631  O 09252026 0703 12
   12887  O 09252026 0703 03
   12123  O 09252026 0703 07
   12761  O 09252026 0703 04
   12901  O 09252026 0703 11
   12356  O 09252026 0703 03
   12072  O 09252026 0703 04
   12555  O 09252026 0703 03
   12791  O 09252026 0703 04
   12877  I 09252026 0703 02
   12701  O 09252026 0703 03
   12417  O 09252026 0703 08
   12949  O 09252026 0703 03
   03088  O 09252026 0703 04
   12832  O 09252026 0704 03
   12412  O 09252026 0704 12
   12951  O 09252026 0704 04
   12757  O 09252026 0704 11
   03102  O 09252026 0704 07
   03136  O 09252026 0704 03
   12886  O 09252026 0704 04
   12368  I 09252026 0704 01
   12737  I 09252026 0704 02
   12069  O 09252026 0704 11
   12664  O 09252026 0704 07
   12467  O 09252026 0704 12
   12742  I 09252026 0704 01
   01415  I 09252026 0704 05
   10794  O 09252026 0704 08
   01295  O 09252026 0704 07
   10356  O 09252026 0704 08
   12741  I 09252026 0704 01
   12582  O 09252026 0704 07
   12543  O 09252026 0704 04
   12354  O 09252026 0704 08
   11647  O 09252026 0704 07
   03047  O 09252026 0704 08
   12204  O 09252026 0704 07
   12299  I 09252026 0705 02
   10608  I 09252026 0705 01
   12676  O 09252026 0705 11
   12500  O 09252026 0705 03
   12640  I 09252026 0705 02
   10712  I 09252026 0705 01
   12694  I 09252026 0705 02
   12458  O 09252026 0705 03
   12756  O 09252026 0705 12
   11943  I 09252026 0706 02
   12726  I 09252026 0706 02
   12546  O 09252026 0706 07
   12189  O 09252026 0706 14
   03012  O 09252026 0706 07
   12141  O 09252026 0706 04
   01232  O 09252026 0706 03
   12199  I 09252026 0706 01
   01232  I 09252026 0706 02
   12141  I 09252026 0706 02
   10071  O 09252026 0706 12
   01320  O 09252026 0706 12
   12412  I 09252026 0706 01
   12665  O 09252026 0706 04
   03161  O 09252026 0707 03
   12412  O 09252026 0707 04
   12153  O 09252026 0707 03
   12874  I 09252026 0707 01
   01452  O 09252026 0707 04
   12819  I 09252026 0707 02
   10817  I 09252026 0707 01
   12093  I 09252026 0707 02
   12467  I 09252026 0707 02
   11222  O 09252026 0707 04
   12851  I 09252026 0707 01
   12467  O 09252026 0708 04
   11725  O 09252026 0708 03
   10310  O 09252026 0708 12
   03029  O 09252026 0708 11
   12583  O 09252026 0709 12
   03001  O 09252026 0709 11
   12732  O 09252026 0709 12
   12666  O 09252026 0709 03
   12140  O 09252026 0709 12
   01234  O 09252026 0709 07
   01459  O 09252026 0709 12
   12624  O 09252026 0709 03
   12652  O 09252026 0709 08
   12269  O 09252026 0709 07
   12164  O 09252026 0710 07
   01365  O 09252026 0710 08
   12762  O 09252026 0711 08
   12246  O 09252026 0711 07
   10378  O 09252026 0711 04
   12135  O 09252026 0712 04
   11537  O 09252026 0712 07
   12148  O 09252026 0713 04
   10287  O 09252026 0713 11
   12183  O 09252026 0713 14
   11935  O 09252026 0713 14
   12903  I 09252026 0713 01
   12463  I 09252026 0713 05
   01425  O 09252026 0714 12
   10350  I 09252026 0714 06
   12021  O 09252026 0714 14
   10658  O 09252026 0714 14
   01249  O 09252026 0714 12
   12721  O 09252026 0715 08
   11495  O 09252026 0715 04
   03124  O 09252026 0716 08
   10117  O 09252026 0716 12
   10675  I 09252026 0716 01
   01483  I 09252026 0717 02
   12926  I 09252026 0717 01
   11519  I 09252026 0718 01
   12451  I 09252026 0718 02
   12096  I 09252026 0718 01
   10116  O 09252026 0718 07
   01470  I 09252026 0719 05
   12818  I 09252026 0719 01
   01446  I 09252026 0719 06
   12946  I 09252026 0719 06
   12217  I 09252026 0720 02
   12827  I 09252026 0720 01
   12569  O 09252026 0720 12
   12690  O 09252026 0721 08
   10055  I 09252026 0721 01
   10046  O 09252026 0721 03
   11784  I 09252026 0721 06
   10334  I 09252026 0722 02
   12530  I 09252026 0722 01
   11937  I 09252026 0722 06
   01449  O 09252026 0723 04
   10522  I 09252026 0723 05
   12503  I 09252026 0723 06
   11780  I 09252026 0723 01
   11772  I 09252026 0723 06
   12097  I 09252026 0724 05
   12115  O 09252026 0724 03
   10700  I 09252026 0725 06
   03032  I 09252026 0727 02
   01432  O 09252026 0730 08
   01456  O 09252026 0731 08
   12136  O 09252026 0735 03
   12623  I 09252026 0747 02
   12488  O 09252026 0751 14
   12706  O 09252026 0803 07
   12790  I 09252026 0809 01
   01512  O 09252026 0856 12
   10611  I 09252026 0941 09
   12717  I 09252026 0954 05
   12725  I 09252026 1002 01
   10306  I 09252026 1027 02
   12578  I 09252026 1030 05
   10678  O 09252026 1100 03
   10199  O 09252026 1128 12
   03068  I 09252026 1240 05
   11926  I 09252026 1249 05
   12457  I 09252026 1303 05
   09704  I 09252026 1309 02
   03176  I 09252026 1319 05
   03039  I 09252026 1323 05
   01402  I 09252026 1328 05
   03172  I 09252026 1331 05
   03182  I 09252026 1342 06
   11167  I 09252026 1343 05
   12475  I 09252026 1348 06
   12440  I 09252026 1349 05
   03062  I 09252026 1349 05
   12256  I 09252026 1352 05
   12847  I 09252026 1354 02
   10849  I 09252026 1355 01
   03135  I 09252026 1355 01
   10176  I 09252026 1400 05
   03179  I 09252026 1401 05
   12890  I 09252026 1402 05
   12628  I 09252026 1404 05
   10021  I 09252026 1404 05
   12645  I 09252026 1405 05
   12162  I 09252026 1405 01
   12965  I 09252026 1405 02
   03018  I 09252026 1405 05
   12927  I 09252026 1406 01
   12800  I 09252026 1407 02
   10787  I 09252026 1407 06
   01319  I 09252026 1407 01
   01417  I 09252026 1408 06
   12267  I 09252026 1409 06
   03059  I 09252026 1409 05
   10333  I 09252026 1410 05
   10356  I 09252026 1412 05
   10127  I 09252026 1413 06
   12544  I 09252026 1414 05
   01333  I 09252026 1415 06
   12673  I 09252026 1415 05
   12822  I 09252026 1417 02
   12920  I 09252026 1418 01
   10839  I 09252026 1418 06
   03167  I 09252026 1419 06
   12826  I 09252026 1419 05
   12246  I 09252026 1419 06
   12057  I 09252026 1420 06
   12241  I 09252026 1420 05
   12922  I 09252026 1420 05
   12473  I 09252026 1420 06
   12832  I 09252026 1420 05
   11688  I 09252026 1422 10
   12815  I 09252026 1423 06
   12869  I 09252026 1424 05
   11942  I 09252026 1424 06
   12080  I 09252026 1425 06
   11400  I 09252026 1425 05
   03035  I 09252026 1425 05
   12808  I 09252026 1426 05
   10169  I 09252026 1427 02
   01306  I 09252026 1427 02
   12185  I 09252026 1427 05
   12615  I 09252026 1428 05
   10831  I 09252026 1428 06
   03026  I 09252026 1429 05
   12710  I 09252026 1430 10
   12873  I 09252026 1431 01
   12786  I 09252026 1431 01
   10386  I 09252026 1432 02
   01357  I 09252026 1432 06
   11768  I 09252026 1432 06
   11777  I 09252026 1432 05
   12802  I 09252026 1433 02
   10231  I 09252026 1436 01
   12149  I 09252026 1436 05
   10291  I 09252026 1436 06
   01511  I 09252026 1436 05
   12488  I 09252026 1438 05
   12343  I 09252026 1438 06
   11248  I 09252026 1439 06
   10589  I 09252026 1439 05
   10091  I 09252026 1439 05
   12531  I 09252026 1439 06
   12622  I 09252026 1439 01
   10605  I 09252026 1440 06
   12661  I 09252026 1441 05
   03112  I 09252026 1441 06
   12069  I 09252026 1441 06
   12630  I 09252026 1441 02
   12058  I 09252026 1442 01
   10795  I 09252026 1443 06
   12814  I 09252026 1444 02
   12845  I 09252026 1444 06
   12088  I 09252026 1444 06
   01276  I 09252026 1445 01
   12189  I 09252026 1445 02
   12871  I 09252026 1445 02
   10505  I 09252026 1445 05
   09833  I 09252026 1445 06
   10698  I 09252026 1446 05
   12785  I 09252026 1447 01
   10046  I 09252026 1447 01
   09676  I 09252026 1448 05
   12651  I 09252026 1448 06
   11223  I 09252026 1448 06
   01477  I 09252026 1448 05
   12594  I 09252026 1448 06
   12259  I 09252026 1448 06
   01471  I 09252026 1448 05
   12130  I 09252026 1449 02
   10606  I 09252026 1449 01
   12206  I 09252026 1449 02
   11398  I 09252026 1450 06
   01448  I 09252026 1450 02
   01422  I 09252026 1450 05
   10726  I 09252026 1451 02
   11789  I 09252026 1451 06
   12064  I 09252026 1452 01
   10261  I 09252026 1452 05
   12074  I 09252026 1452 02
   12409  I 09252026 1452 06
   12369  I 09252026 1453 05
   12238  I 09252026 1453 05
   03030  I 09252026 1454 13
   01327  I 09252026 1455 05
   10094  I 09252026 1455 02
   12652  I 09252026 1455 01
   12020  I 09252026 1456 06
   12357  I 09252026 1456 02
   12854  I 09252026 1456 05
   10222  I 09252026 1456 06
   10788  I 09252026 1456 05
   10724  I 09252026 1457 02
   12841  I 09252026 1457 01
   10071  I 09252026 1457 02
   12110  I 09252026 1457 01
   12055  I 09252026 1457 02
   12133  I 09252026 1458 02
   11946  I 09252026 1459 06
   12601  I 09252026 1459 02
   12669  O 09252026 1500 07
   12692  O 09252026 1500 03
   12716  O 09252026 1500 04
   01481  O 09252026 1500 08
   12938  O 09252026 1500 11
   12720  O 09252026 1500 07
   10054  O 09252026 1500 03
   12610  O 09252026 1500 12
   12205  O 09252026 1500 04
   12700  O 09252026 1500 07
   12598  O 09252026 1500 12
   12858  O 09252026 1500 08
   12612  O 09252026 1500 03
   10318  O 09252026 1500 04
   10309  O 09252026 1500 12
   10243  O 09252026 1500 03
   12122  O 09252026 1500 07
   10642  O 09252026 1500 08
   12244  O 09252026 1500 03
   03053  O 09252026 1500 07
   12764  O 09252026 1500 08
   12614  O 09252026 1500 03
   03037  O 09252026 1500 07
   12538  O 09252026 1500 04
   10086  I 09252026 1500 01
   10700  O 09252026 1500 08
   01470  O 09252026 1500 07
   10306  O 09252026 1500 03
   12236  O 09252026 1500 08
   10843  I 09252026 1500 06
   12115  I 09252026 1500 01
   10791  O 09252026 1500 07
   12059  I 09252026 1500 02
   12741  O 09252026 1500 04
   10673  O 09252026 1500 07
   01345  O 09252026 1500 08
   01355  O 09252026 1500 03
   12397  O 09252026 1500 04
   12759  O 09252026 1501 04
   11408  O 09252026 1500 03
   12677  O 09252026 1501 07
   12957  O 09252026 1501 04
   12903  O 09252026 1501 03
   12657  O 09252026 1501 04
   10780  O 09252026 1501 12
   12823  O 09252026 1501 03
   12131  O 09252026 1501 04
   11498  O 09252026 1501 11
   12824  O 09252026 1501 03
   11692  O 09252026 1501 04
   12694  O 09252026 1501 03
   12819  O 09252026 1501 11
   12234  O 09252026 1501 04
   12849  O 09252026 1501 07
   10576  O 09252026 1501 03
   11538  O 09252026 1501 08
   12217  O 09252026 1501 04
   10358  O 09252026 1501 11
   12846  O 09252026 1501 12
   11780  O 09252026 1501 03
   12568  O 09252026 1501 12
   12898  O 09252026 1501 03
   10202  O 09252026 1501 07
   12963  O 09252026 1501 04
   12962  O 09252026 1501 03
   12485  O 09252026 1501 11
   12081  O 09252026 1501 08
   12125  O 09252026 1501 11
   12928  O 09252026 1501 03
   10350  O 09252026 1501 12
   12863  O 09252026 1501 04
   10467  O 09252026 1501 04
   12929  O 09252026 1501 03
   11765  O 09252026 1502 08
   12924  O 09252026 1502 04
   11937  O 09252026 1502 11
   12090  O 09252026 1502 07
   12855  O 09252026 1502 03
   10766  O 09252026 1502 08
   12755  O 09252026 1502 03
   12840  O 09252026 1502 11
   03007  O 09252026 1502 07
   03122  O 09252026 1502 08
   12818  O 09252026 1502 03
   11496  O 09252026 1502 11
   01231  O 09252026 1502 07
   12950  O 09252026 1502 03
   12474  O 09252026 1502 08
   12451  O 09252026 1502 04
   12305  O 09252026 1502 12
   12085  O 09252026 1502 03
   12082  O 09252026 1502 07
   12368  O 09252026 1502 08
   12112  O 09252026 1502 12
   10407  O 09252026 1502 08
   12094  I 09252026 1502 05
   12577  O 09252026 1502 12
   01436  O 09252026 1502 07
   12342  O 09252026 1502 11
   12687  I 09252026 1502 06
   10611  O 09252026 1502 08
   10223  O 09252026 1502 07
   12889  O 09252026 1502 03
   12926  O 09252026 1502 04
   01382  I 09252026 1502 01
   10641  O 09252026 1502 07
   12740  O 09252026 1502 03
   12413  O 09252026 1503 07
   12351  O 09252026 1503 08
   12894  O 09252026 1503 03
   10612  I 09252026 1503 06
   12821  O 09252026 1503 04
   12629  O 09252026 1503 07
   12093  O 09252026 1503 12
   12186  O 09252026 1503 08
   12339  O 09252026 1503 04
   03118  O 09252026 1503 07
   03032  O 09252026 1503 08
   12575  O 09252026 1503 07
   01479  I 09252026 1503 02
   11250  O 09252026 1503 12
   11767  O 09252026 1503 07
   12827  O 09252026 1503 03
   01446  O 09252026 1503 08
   12476  O 09252026 1503 04
   12919  O 09252026 1503 03
   12810  O 09252026 1503 07
   12307  O 09252026 1503 08
   12237  O 09252026 1503 07
   10808  O 09252026 1503 08
   11772  O 09252026 1503 07
   01317  O 09252026 1503 12
   12456  O 09252026 1503 03
   01367  O 09252026 1503 07
   12306  O 09252026 1503 08
   12724  O 09252026 1504 11
   12946  O 09252026 1504 12
   12742  O 09252026 1504 03
   12503  O 09252026 1504 07
   10500  O 09252026 1504 08
   10675  O 09252026 1504 03
   12943  I 09252026 1504 01
   10073  O 09252026 1504 11
   12540  I 09252026 1504 02
   12650  O 09252026 1504 12
   03153  O 09252026 1504 11
   12587  O 09252026 1504 12
   10573  O 09252026 1504 03
   12642  O 09252026 1504 12
   01344  O 09252026 1504 07
   10817  O 09252026 1504 03
   12553  O 09252026 1504 12
   12096  O 09252026 1504 04
   12623  O 09252026 1505 03
   10135  O 09252026 1505 12
   01325  O 09252026 1505 08
   03098  O 09252026 1505 07
   10588  O 09252026 1505 12
   11392  I 09252026 1505 02
   11355  O 09252026 1505 08
   10785  O 09252026 1505 12
   10357  O 09252026 1505 07
   01495  O 09252026 1505 12
   10827  O 09252026 1505 04
   12545  O 09252026 1505 03
   03126  I 09252026 1506 01
   12191  O 09252026 1506 03
   12790  O 09252026 1506 04
   12199  O 09252026 1506 04
   10140  O 09252026 1506 07
   12376  O 09252026 1506 03
   10050  O 09252026 1506 04
   12374  O 09252026 1506 03
   12350  O 09252026 1506 04
   01339  O 09252026 1507 12
   12486  O 09252026 1507 12
   12289  O 09252026 1507 07
   10523  O 09252026 1507 03
   10585  O 09252026 1507 04
   12353  O 09252026 1507 07
   01483  O 09252026 1508 08
   11388  I 09252026 1508 02
   11943  O 09252026 1508 07
   12653  O 09252026 1508 12
   12726  O 09252026 1508 11
   12639  O 09252026 1508 12
   12688  O 09252026 1508 07
   12689  O 09252026 1509 07
   11726  O 09252026 1509 03
   01504  O 09252026 1509 04
   12208  O 09252026 1509 12
   11933  O 09252026 1509 04
   10146  O 09252026 1509 03
   10026  O 09252026 1509 07
   10786  O 09252026 1510 08
   12682  O 09252026 1510 12
   11267  O 09252026 1511 11
   12886  I 09252026 1511 02
   01423  O 09252026 1511 11
   11719  I 09252026 1512 02
   09823  O 09252026 1512 12
   12249  O 09252026 1513 12
   12349  O 09252026 1513 03
   11390  O 09252026 1513 08
   11222  I 09252026 1514 02
   01396  I 09252026 1515 05
   01232  O 09252026 1516 11
   10373  O 09252026 1516 11
   10425  O 09252026 1516 03
   10425  I 09252026 1516 02
   10425  O 09252026 1517 03
   12530  O 09252026 1517 03
   03152  O 09252026 1517 03
   03108  I 09252026 1519 01
   12743  I 09252026 1519 05
   11787  I 09252026 1520 06
   01373  O 09252026 1520 08
   12359  O 09252026 1520 12
   12113  O 09252026 1521 11
   12558  I 09252026 1521 06
   10811  I 09252026 1522 05
   11779  I 09252026 1522 02
   12726  I 09252026 1523 10
   10385  I 09252026 1523 05
   10765  I 09252026 1523 06
   12852  I 09252026 1523 05
   01266  O 09252026 1525 08
   12222  O 09252026 1528 12
   03010  I 09252026 1534 05
   01468  O 09252026 1539 12
   01413  O 09252026 1539 12
   11863  O 09252026 1540 12
   01374  O 09252026 1541 04
   12412  I 09252026 1544 06
   01454  O 09252026 1546 08
   12726  O 09252026 1601 12
   10449  O 09252026 1602 08
   10608  O 09252026 1606 12
   12489  I 09252026 1612 02
   10759  O 09252026 1614 07
   12224  I 09252026 1649 05
   12439  O 09252026 1700 04
   01415  O 09252026 1701 14
   10055  O 09252026 1701 14
   12640  O 09252026 1702 08
   11519  O 09252026 1703 07
   12578  O 09252026 1705 03
   11879  O 09252026 1706 14
   12805  O 09252026 1706 07
   10466  O 09252026 1707 07
   10841  O 09252026 1708 07
   10334  O 09252026 1710 12
   11493  O 09252026 1742 14
   12644  I 09252026 1750 06
   12851  O 09252026 1758 12
   10796  O 09252026 1800 03
   03104  O 09252026 1801 14
   03101  O 09252026 1802 04
   12945  O 09252026 1808 11
   12833  O 09252026 1808 12
   12737  O 09252026 1810 11
   12141  O 09252026 1811 12
   12732  I 09252026 1819 06
   12383  I 09252026 1820 02
   12140  I 09252026 1820 06
   12187  O 09252026 1825 08
   12341  O 09252026 1825 07
   01459  I 09252026 1830 05
   10221  I 09252026 1833 02
   12647  I 09252026 1834 01
   12637  I 09252026 1835 06
   11693  I 09252026 1838 05
   12780  I 09252026 1840 06
   12754  I 09252026 1843 05
   12123  I 09252026 1843 05
   10830  I 09252026 1847 06
   12756  I 09252026 1850 10
   12763  I 09252026 1853 02
   12829  I 09252026 1855 02
   12501  I 09252026 1856 02
   12164  I 09252026 1857 01
   12373  I 09252026 1858 01
   12098  I 09252026 1900 01
   10232  O 09252026 1900 03
   03151  O 09252026 1900 03
   12693  O 09252026 1900 03
   11221  O 09252026 1900 03
   12066  O 09252026 1900 14
   11286  O 09252026 1900 03
   12133  O 09252026 1900 03
   12809  O 09252026 1900 12
   12317  O 09252026 1900 04
   12735  O 09252026 1900 03
   12532  O 09252026 1900 07
   03141  O 09252026 1900 12
   11607  O 09252026 1901 11
   12670  O 09252026 1901 03
   01433  O 09252026 1901 07
   12433  O 09252026 1901 04
   12828  O 09252026 1901 03
   12097  O 09252026 1901 08
   11690  O 09252026 1901 07
   12337  O 09252026 1901 03
   12816  O 09252026 1901 04
   12355  O 09252026 1901 07
   12500  I 09252026 1901 01
   12260  O 09252026 1901 07
   12627  O 09252026 1902 11
   12804  O 09252026 1902 04
   10736  O 09252026 1903 04
   12084  O 09252026 1904 03
   12624  I 09252026 1905 01
   12463  O 09252026 1905 12
   12799  I 09252026 1906 01
   12595  O 09252026 1907 07
   11784  O 09252026 1908 11
   11522  O 09252026 1909 04
   12861  O 09252026 1910 12
   12325  O 09252026 1911 11
   12467  I 09252026 1921 02
   12502  I 09252026 1927 06
   12967  O 09252026 1928 07
   03088  I 09252026 1935 01
   12415  I 09252026 1955 06
   12620  I 09252026 1955 05
   10663  O 09252026 2027 08
   10047  I 09252026 2049 02
   11646  I 09252026 2052 06
   12375  I 09252026 2103 02
   10712  O 09252026 2106 07
   01234  I 09252026 2108 01
   10706  I 09252026 2112 05
   12497  I 09252026 2131 01
   12089  I 09252026 2133 05
   12392  I 09252026 2133 06
   11168  I 09252026 2133 06
   11935  I 09252026 2135 06
   10184  I 09252026 2145 06
   01425  I 09252026 2149 06
   12136  I 09252026 2151 01
   12690  I 09252026 2153 05
   10369  I 09252026 2154 10
   12148  I 09252026 2157 05
   01320  I 09252026 2157 06
   10456  I 09252026 2157 05
   12679  I 09252026 2159 05
   12192  I 09252026 2159 05
   12266  I 09252026 2159 02
   01369  O 09252026 2200 03
   12791  I 09252026 2204 01
   10696  I 09252026 2205 02
   12947  I 09252026 2205 02
   11411  I 09252026 2206 02
   12072  I 09252026 2207 05
   12723  I 09252026 2209 01
   03029  I 09252026 2210 06
   12583  I 09252026 2210 06
   10310  I 09252026 2210 06
   10807  I 09252026 2211 01
   12887  I 09252026 2212 05
   12712  I 09252026 2213 05
   12948  I 09252026 2214 01
   12664  I 09252026 2214 06
   10116  I 09252026 2214 05
   10264  I 09252026 2214 06
   10177  I 09252026 2214 05
   03123  I 09252026 2215 06
   12462  I 09252026 2215 05
   12546  I 09252026 2216 06
   12897  I 09252026 2216 01
   12458  I 09252026 2216 02
   12760  I 09252026 2216 01
   12116  I 09252026 2216 05
   12951  I 09252026 2217 06
   12831  I 09252026 2217 02
   12056  I 09252026 2218 01
   12944  I 09252026 2219 01
   10083  I 09252026 2222 06
   01295  I 09252026 2222 05
   10287  I 09252026 2222 06
   12844  I 09252026 2223 02
   12813  I 09252026 2223 06
   01487  I 09252026 2223 02
   12825  I 09252026 2224 01
   12561  I 09252026 2225 01
   12793  I 09252026 2225 05
   12856  I 09252026 2226 01
   03047  I 09252026 2227 05
   12576  I 09252026 2227 06
   01475  I 09252026 2227 01
   12151  O 09252026 2227 03
   12496  I 09252026 2227 06
   10285  I 09252026 2227 06
   12151  I 09252026 2227 02
   12543  I 09252026 2229 01
   12487  I 09252026 2229 05
   11936  I 09252026 2229 06
   01449  I 09252026 2229 02
   10201  I 09252026 2230 05
   12499  I 09252026 2230 01
   12672  I 09252026 2230 01
   12930  I 09252026 2231 01
   11647  I 09252026 2231 05
   01432  I 09252026 2231 05
   11537  I 09252026 2232 06
   01432  O 09252026 2232 08
   01432  I 09252026 2232 05
   11266  I 09252026 2233 05
   12582  I 09252026 2233 05
   01330  I 09252026 2233 06
   12662  I 09252026 2235 02
   12275  I 09252026 2235 05
   10581  I 09252026 2235 06
   10617  I 09252026 2235 05
   03012  I 09252026 2235 01
   12076  I 09252026 2235 01
   12557  I 09252026 2236 01
   12275  O 09252026 2236 07
   12356  I 09252026 2236 02
   12275  I 09252026 2236 05
   12729  I 09252026 2236 05
   12757  I 09252026 2236 06
   01249  I 09252026 2237 05
   12631  I 09252026 2238 06
   12901  I 09252026 2238 06
   12761  I 09252026 2238 02
   12762  I 09252026 2238 01
   12701  I 09252026 2239 01
   03159  I 09252026 2239 09
   10697  I 09252026 2240 05
   03119  I 09252026 2240 06
   10669  I 09252026 2240 02
   11650  I 09252026 2240 01
   11169  I 09252026 2240 05
   12269  I 09252026 2240 06
   11945  O 09252026 2241 07
   11945  I 09252026 2241 05
   12354  I 09252026 2241 05
   12753  I 09252026 2242 02
   12676  I 09252026 2242 05
   03173  I 09252026 2242 06
   12878  I 09252026 2242 01
   12783  I 09252026 2242 05
   10490  I 09252026 2242 06
   03085  I 09252026 2243 06
   10794  I 09252026 2243 06
   10384  I 09252026 2243 05
   03124  I 09252026 2244 06
   10825  I 09252026 2244 06
   12609  I 09252026 2244 06
   12711  I 09252026 2244 06
   11694  I 09252026 2244 06
   01492  I 09252026 2245 06
   12370  I 09252026 2245 06
   12843  I 09252026 2245 01
   12204  I 09252026 2246 01
   12372  I 09252026 2247 02
   01499  I 09252026 2247 06
   11687  I 09252026 2248 02
   12820  I 09252026 2249 06
   12625  I 09252026 2249 06
   12146  I 09252026 2250 02
   12665  I 09252026 2250 02
   12539  I 09252026 2250 05
   03077  I 09252026 2250 06
   12153  I 09252026 2251 06
   12556  I 09252026 2252 01
   03080  I 09252026 2252 06
   12371  I 09252026 2252 05
   12417  I 09252026 2252 06
   12188  I 09252026 2253 01
   03102  I 09252026 2255 02
   12611  I 09252026 2255 01
   10469  I 09252026 2255 02
   03161  I 09252026 2256 01
   01365  I 09252026 2256 06
   10658  I 09252026 2256 06
   01296  I 09252026 2256 02
   12248  I 09252026 2256 02
   03136  I 09252026 2257 01
   12569  I 09252026 2259 02
   10245  I 09252026 2259 01
   01512  I 09252026 2259 02
   10333  O 09252026 2300 07
   12890  O 09252026 2300 12
   12069  O 09252026 2300 08
   11167  O 09252026 2300 03
   12628  O 09252026 2300 11
   10612  O 09252026 2300 14
   10021  O 09252026 2300 12
   12184  O 09252026 2300 11
   10726  O 09252026 2300 07
   10386  O 09252026 2300 03
   12074  O 09252026 2300 08
   10385  O 09252026 2300 04
   12299  O 09252026 2300 12
   12460  O 09252026 2300 03
   01335  O 09252026 2300 07
   12473  O 09252026 2300 11
   03059  O 09252026 2300 08
   12130  O 09252026 2300 03
   12298  O 09252026 2300 11
   12531  O 09252026 2300 03
   03176  O 09252026 2300 04
   01357  O 09252026 2300 08
   11494  O 09252026 2300 07
   10070  O 09252026 2300 12
   12357  O 09252026 2300 03
   01319  O 09252026 2300 04
   01402  O 09252026 2300 08
   10383  O 09252026 2300 11
   11725  I 09252026 2300 01
   12409  O 09252026 2300 12
   12055  O 09252026 2300 03
   12622  O 09252026 2300 04
   10071  O 09252026 2300 11
   12149  O 09252026 2300 04
   10609  O 09252026 2300 12
   03018  O 09252026 2300 07
   12059  O 09252026 2300 03
   10224  O 09252026 2300 08
   10787  O 09252026 2300 07
   12826  O 09252026 2300 04
   12786  O 09252026 2300 03
   12224  O 09252026 2300 11
   03167  O 09252026 2300 07
   03112  O 09252026 2300 08
   10754  O 09252026 2300 14
   12717  O 09252026 2300 07
   12847  O 09252026 2300 03
   10522  O 09252026 2300 08
   12845  O 09252026 2301 11
   11392  O 09252026 2301 07
   10788  O 09252026 2301 08
   12852  O 09252026 2301 03
   01396  O 09252026 2301 07
   11248  O 09252026 2301 11
   12673  O 09252026 2301 03
   12256  O 09252026 2301 08
   12965  O 09252026 2301 04
   12259  O 09252026 2301 07
   03120  O 09252026 2301 11
   10724  O 09252026 2301 03
   12267  O 09252026 2301 08
   12814  O 09252026 2301 04
   12094  O 09252026 2301 11
   10222  O 09252026 2301 07
   12058  O 09252026 2301 03
   11719  O 09252026 2301 04
   01456  I 09252026 2301 02
   03182  O 09252026 2301 08
   12815  O 09252026 2301 07
   11222  O 09252026 2301 04
   10091  O 09252026 2301 07
   03010  O 09252026 2301 08
   10698  O 09252026 2301 03
   12558  O 09252026 2301 04
   11777  O 09252026 2301 08
   12695  O 09252026 2301 03
   10086  O 09252026 2301 07
   12540  O 09252026 2301 03
   12888  O 09252026 2301 08
   10839  O 09252026 2301 07
   12057  O 09252026 2301 03
   12369  O 09252026 2301 08
   10234  O 09252026 2301 03
   10291  O 09252026 2301 07
   12666  I 09252026 2301 01
   10261  O 09252026 2302 08
   10231  O 09252026 2302 03
   10589  O 09252026 2302 07
   12922  O 09252026 2302 04
   03179  O 09252026 2302 12
   12725  O 09252026 2302 03
   10843  O 09252026 2302 08
   10505  O 09252026 2302 07
   01327  O 09252026 2302 12
   12886  O 09252026 2302 03
   01477  O 09252026 2302 11
   10640  I 09252026 2302 01
   12661  O 09252026 2302 07
   12183  I 09252026 2302 02
   01333  O 09252026 2302 12
   03068  O 09252026 2302 04
   10176  O 09252026 2302 08
   12874  O 09252026 2302 03
   01341  I 09252026 2302 01
   10831  O 09252026 2302 12
   01306  O 09252026 2302 12
   12822  O 09252026 2302 03
   12049  O 09252026 2302 14
   12743  O 09252026 2302 07
   03030  O 09252026 2302 14
   03035  O 09252026 2302 11
   12185  O 09252026 2303 07
   12877  O 09252026 2303 04
   10148  I 09252026 2303 01
   11398  O 09252026 2303 12
   12021  I 09252026 2303 02
   11942  O 09252026 2303 08
   10598  I 09252026 2303 01
   12871  O 09252026 2303 03
   12862  O 09252026 2303 04
   12064  O 09252026 2303 03
   12440  O 09252026 2303 07
   12792  O 09252026 2303 08
   10574  O 09252026 2303 12
   03062  O 09252026 2303 12
   12544  O 09252026 2303 11
   12651  O 09252026 2304 11
   12841  O 09252026 2304 04
   03126  O 09252026 2304 03
   12738  O 09252026 2304 04
   03108  O 09252026 2304 12
   12630  O 09252026 2304 08
   12343  O 09252026 2304 07
   12785  O 09252026 2304 03
   12800  O 09252026 2304 04
   12927  O 09252026 2304 04
   12873  O 09252026 2304 03
   12920  O 09252026 2304 03
   12162  O 09252026 2304 04
   12802  O 09252026 2304 03
   12206  O 09252026 2304 04
   10606  O 09252026 2305 04
   11768  O 09252026 2305 08
   12687  O 09252026 2305 08
   10356  O 09252026 2305 07
   01276  O 09252026 2305 03
   12135  I 09252026 2305 01
   12943  O 09252026 2305 03
   03172  O 09252026 2305 08
   12674  O 09252026 2305 12
   12471  I 09252026 2305 02
   10094  O 09252026 2305 04
   01511  O 09252026 2305 03
   12869  O 09252026 2306 12
   11946  O 09252026 2306 12
   09676  O 09252026 2306 04
   12594  O 09252026 2306 12
   09833  O 09252026 2306 11
   10795  O 09252026 2306 07
   12457  O 09252026 2306 07
   11779  O 09252026 2306 08
   11926  O 09252026 2306 11
   11387  O 09252026 2307 07
   12390  O 09252026 2307 03
   12241  O 09252026 2307 04
   03039  O 09252026 2307 08
   12238  O 09252026 2308 11
   10811  O 09252026 2308 04
   01417  O 09252026 2308 08
   10378  I 09252026 2309 01
   10169  O 09252026 2310 12
   11223  O 09252026 2312 08
   09704  O 09252026 2313 08
   01479  O 09252026 2315 04
   01382  O 09252026 2316 08
   12110  O 09252026 2319 04
   03026  O 09252026 2319 11
   11688  O 09252026 2319 07
   03135  O 09252026 2322 07
   11388  O 09252026 2325 07
   12088  O 09252026 2326 12
   12246  O 09252026 2326 08
   01422  O 09252026 2327 07
