   01454  I 09252026 0506 01
   10642  I 09252026 0517 05
   12249  I 09252026 0523 05
   09823  I 09252026 0523 06
   01468  I 09252026 0533 05
   03007  I 09252026 0544 05
   11690  I 09252026 0547 05
   10202  I 09252026 0555 06
   10070  I 09252026 0555 06
   01335  I 09252026 0556 05
   12156  I 09252026 0558 06
   01355  I 09252026 0600 05
   12532  I 09252026 0602 05
   12307  I 09252026 0602 06
   12929  I 09252026 0602 01
   12627  I 09252026 0605 06
   01339  I 09252026 0607 06
   01413  I 09252026 0607 06
   12486  I 09252026 0608 06
   01231  I 09252026 0608 05
   01423  I 09252026 0610 05
   03141  I 09252026 0610 05
   12692  I 09252026 0613 01
   11250  I 09252026 0615 06
   12810  I 09252026 0615 06
   12595  I 09252026 0615 06
   03101  I 09252026 0615 02
   03151  I 09252026 0616 01
   11933  I 09252026 0617 02
   12677  I 09252026 0617 05
   03053  I 09252026 0618 05
   12967  I 09252026 0618 06
   10224  I 09252026 0618 05
   12205  I 09252026 0619 01
   12342  I 09252026 0620 06
   12950  I 09252026 0620 01
   12740  I 09252026 0620 02
   01481  I 09252026 0621 05
   12355  I 09252026 0622 02
   01344  I 09252026 0622 05
   03098  I 09252026 0622 05
   12809  I 09252026 0622 06
   12222  I 09252026 0624 01
   12397  I 09252026 0624 02
   12962  I 09252026 0624 02
   12759  I 09252026 0624 01
   10678  I 09252026 0625 02
   12889  I 09252026 0626 05
   10754  I 09252026 0626 06
   12824  I 09252026 0626 02
   10140  I 09252026 0626 05
   12823  I 09252026 0626 01
   12963  I 09252026 0627 02
   12957  O 09252026 0627 03
   12957  I 09252026 0627 01
   12577  I 09252026 0628 01
   11607  I 09252026 0628 06
   12898  I 09252026 0629 01
   12614  I 09252026 0629 01
   12928  I 09252026 0630 01
   10663  I 09252026 0630 01
   12476  I 09252026 0630 02
   10766  I 09252026 0631 06
   03153  I 09252026 0632 06
   01495  I 09252026 0632 05
   12390  I 09252026 0632 02
   12863  I 09252026 0632 01
   12460  I 09252026 0632 02
   10467  I 09252026 0632 01
   03152  I 09252026 0633 02
   11493  I 09252026 0633 05
   10383  I 09252026 0633 06
   11538  I 09252026 0633 05
   12688  I 09252026 0634 06
   12924  I 09252026 0634 01
   10309  I 09252026 0634 06
   12081  I 09252026 0634 05
   10673  I 09252026 0634 06
   10373  I 09252026 0635 02
   10736  O 09252026 0635 03
   12669  I 09252026 0635 05
   10736  I 09252026 0635 02
   10050  I 09252026 0635 02
   12833  I 09252026 0636 06
   12485  I 09252026 0636 05
   12938  I 09252026 0636 06
   12236  I 09252026 0636 05
   11498  I 09252026 0637 05
   10585  I 09252026 0637 02
   12376  I 09252026 0637 01
   12840  I 09252026 0637 06
   12374  I 09252026 0637 02
   10318  I 09252026 0637 01
   01266  I 09252026 0638 05
   11267  I 09252026 0638 01
   12821  I 09252026 0638 06
   10641  I 09252026 0638 05
   12700  I 09252026 0638 02
   01325  I 09252026 0638 01
   11390  I 09252026 0639 06
   12849  I 09252026 0639 05
   01504  I 09252026 0639 02
   10026  I 09252026 0639 05
   12184  I 09252026 0639 06
   10827  I 09252026 0640 01
   01433  I 09252026 0640 06
   12945  I 09252026 0641 06
   12289  I 09252026 0641 06
   11863  I 09252026 0641 06
   12208  I 09252026 0641 05
   10054  I 09252026 0642 02
   10425  I 09252026 0642 01
   10357  I 09252026 0642 01
   12724  I 09252026 0643 02
   12350  I 09252026 0643 01
   12234  I 09252026 0643 01
   12674  I 09252026 0643 06
   10135  I 09252026 0643 06
   10234  I 09252026 0644 01
   11522  I 09252026 0644 02
   12642  I 09252026 0644 05
   01317  I 09252026 0644 02
   12305  I 09252026 0644 02
   12317  I 09252026 0644 01
   03104  I 09252026 0644 05
   12306  I 09252026 0644 02
   10243  I 09252026 0644 01
   01345  I 09252026 0644 06
   10576  I 09252026 0645 02
   12545  I 09252026 0645 01
   12353  I 09252026 0645 05
   03037  I 09252026 0645 06
   12855  I 09252026 0645 02
   10449  I 09252026 0646 05
   10609  I 09252026 0646 06
   10073  I 09252026 0646 05
   12066  I 09252026 0646 02
   12689  I 09252026 0646 05
   12695  I 09252026 0646 02
   12804  I 09252026 0646 01
   12610  I 09252026 0646 06
   10358  I 09252026 0646 05
   12598  I 09252026 0646 06
   12433  I 09252026 0646 02
   11767  I 09252026 0646 06
   12341  I 09252026 0647 05
   12244  I 09252026 0647 02
   12639  I 09252026 0647 05
   12888  I 09252026 0647 06
   10223  I 09252026 0648 05
   10574  I 09252026 0648 05
   12568  I 09252026 0648 06
   11387  I 09252026 0648 06
   12090  I 09252026 0648 06
   12456  I 09252026 0649 01
   03120  I 09252026 0649 06
   12755  I 09252026 0649 02
   10588  I 09252026 0649 06
   10841  I 09252026 0649 05
   10786  I 09252026 0649 06
   12858  I 09252026 0649 05
   12439  I 09252026 0649 01
   10199  I 09252026 0649 05
   12538  I 09252026 0649 02
   12474  I 09252026 0650 05
   12082  I 09252026 0650 05
   12587  I 09252026 0650 05
   12657  I 09252026 0650 02
   12553  I 09252026 0650 05
   11726  I 09252026 0650 01
   10759  I 09252026 0650 05
   12919  I 09252026 0650 02
   12716  I 09252026 0650 05
   12699  O 09252026 0650 03
   12653  I 09252026 0650 06
   12894  I 09252026 0650 05
   12699  I 09252026 0650 02
   12413  I 09252026 0650 05
   01374  I 09252026 0651 02
   12191  I 09252026 0651 01
   10573  I 09252026 0651 02
   12131  I 09252026 0651 02
   12186  I 09252026 0651 06
   12237  I 09252026 0652 06
   10780  I 09252026 0652 05
   10407  I 09252026 0652 06
   12682  I 09252026 0652 06
   12351  I 09252026 0652 02
   03118  I 09252026 0653 06
   12084  I 09252026 0653 02
   10796  I 09252026 0653 01
   01369  I 09252026 0653 01
   12670  I 09252026 0654 02
   12612  I 09252026 0654 02
   12349  I 09252026 0654 01
   12575  I 09252026 0654 06
   12846  I 09252026 0654 05
   12049  I 09252026 0654 06
   12862  I 09252026 0655 01
   11408  I 09252026 0655 02
   10791  I 09252026 0655 02
   03122  I 09252026 0655 01
   10146  I 09252026 0655 02
   10523  I 09252026 0656 02
   12693  I 09252026 0656 01
   12260  I 09252026 0656 05
   12738  I 09252026 0656 01
   12085  I 09252026 0656 02
   11494  I 09252026 0656 06
   12112  I 09252026 0656 01
   12125  I 09252026 0656 02
   12805  I 09252026 0657 05
   11879  I 09252026 0657 06
   11496  I 09252026 0657 05
   10785  I 09252026 0657 01
   12187  I 09252026 0657 02
   12359  I 09252026 0657 06
   12861  I 09252026 0657 06
   12792  I 09252026 0658 01
   01436  I 09252026 0658 05
   01373  I 09252026 0658 06
   10808  I 09252026 0658 06
   12298  I 09252026 0658 09
   11765  I 09252026 0658 06
   10500  I 09252026 0658 01
   12735  I 09252026 0658 05
   12339  I 09252026 0659 06
   12816  I 09252026 0659 01
   12828  I 09252026 0659 02
   10232  I 09252026 0659 01
   12650  I 09252026 0700 05
   11693  O 09252026 0700 08
   12496  O 09252026 0700 14
   12254  O 09252026 0700 11
   12146  O 09252026 0700 03
   11694  O 09252026 0700 07
   12672  O 09252026 0700 04
   12637  O 09252026 0700 12
   12556  O 09252026 0700 03
   12539  O 09252026 0700 11
   10825  O 09252026 0700 08
   12122  I 09252026 0700 06
   11936  O 09252026 0700 14
   12080  O 09252026 0700 07
   10201  O 09252026 0700 04
   03170  O 09252026 0700 03
   12753  O 09252026 0700 12
   01367  I 09252026 0700 06
   12501  O 09252026 0700 08
   12727  O 09252026 0700 11
   12502  O 09252026 0700 07
   10605  O 09252026 0700 14
   10469  O 09252026 0700 04
   12325  I 09252026 0700 01
   12729  O 09252026 0700 11
   12625  O 09252026 0700 08
   01487  O 09252026 0700 03
   10285  O 09252026 0700 07
   11774  O 09252026 0700 04
   01296  O 09252026 0700 14
   12645  O 09252026 0700 11
   12783  O 09252026 0700 12
   11355  I 09252026 0700 02
   12113  I 09252026 0700 01
   10490  O 09252026 0700 07
   10720  O 09252026 0700 11
   12644  O 09252026 0700 12
   12878  O 09252026 0700 04
   10384  O 09252026 0700 08
   03080  O 09252026 0700 03
   12275  O 09252026 0700 07
   12609  O 09252026 0700 11
   12698  O 09252026 0700 03
   11168  O 09252026 0700 12
   01405  O 09252026 0700 07
   12647  O 09252026 0700 04
   10177  O 09252026 0700 08
   12820  O 09252026 0700 14
   12754  O 09252026 0700 04
   12712  O 09252026 0700 07
   10133  O 09252026 0700 12
   10264  O 09252026 0700 11
   12056  O 09252026 0700 08
   12829  O 09252026 0700 03
   03123  O 09252026 0700 12
   10830  O 09252026 0700 07
   12370  O 09252026 0700 11
   10100  O 09252026 0700 08
   12499  O 09252026 0700 04
   03173  O 09252026 0700 03
   10581  O 09252026 0700 07
   12089  O 09252026 0700 11
   12392  O 09252026 0700 12
   12576  O 09252026 0700 04
   12020  O 09252026 0700 08
   10221  O 09252026 0701 03
   10617  O 09252026 0701 07
   11411  O 09252026 0701 04
   12813  O 09252026 0701 12
   10598  O 09252026 0701 08
   10706  O 09252026 0701 07
   01475  O 09252026 0701 03
   12557  O 09252026 0701 12
   12475  O 09252026 0701 11
   01341  O 09252026 0701 04
   10017  O 09252026 0701 08
   12629  I 09252026 0701 02
   12711  O 09252026 0701 11
   11787  O 09252026 0701 07
   10245  O 09252026 0701 03
   12497  O 09252026 0701 04
   12247  O 09252026 0701 11
   10083  O 09252026 0701 08
   12897  O 09252026 0701 03
   12793  O 09252026 0701 07
   12662  O 09252026 0701 04
   12098  O 09252026 0701 08
   11286  I 09252026 0701 02
   10697  O 09252026 0701 12
   12948  O 09252026 0701 03
   12720  I 09252026 0701 02
   12764  I 09252026 0701 06
   10184  O 09252026 0701 04
   12620  O 09252026 0701 07
   11266  O 09252026 0701 08
   12192  O 09252026 0701 11
   12856  O 09252026 0701 03
   12266  O 09252026 0701 04
   03119  O 09252026 0701 12
   03085  O 09252026 0701 08
   10640  O 09252026 0701 04
   12844  O 09252026 0701 03
   12487  O 09252026 0701 12
   12462  O 09252026 0701 11
   11650  O 09252026 0701 04
   12831  O 09252026 0701 03
   12238  O 09252026 0701 12
   11687  O 09252026 0701 04
   12383  O 09252026 0701 03
   10456  O 09252026 0702 07
   01492  O 09252026 0702 08
   12763  O 09252026 0702 04
   12373  O 09252026 0702 03
   10047  O 09252026 0702 04
   12471  O 09252026 0702 11
   10148  O 09252026 0702 08
   10669  O 09252026 0702 03
   12780  O 09252026 0702 12
   10466  I 09252026 0702 01
   01330  O 09252026 0702 04
   12611  O 09252026 0702 03
   03077  O 09252026 0702 08
   10369  O 09252026 0702 04
   12076  O 09252026 0702 03
   12723  O 09252026 0702 03
   12337  I 09252026 0702 01
   12371  O 09252026 0702 08
   11221  I 09252026 0702 02
   03159  O 09252026 0702 11
   12825  O 09252026 0702 03
   11169  O 09252026 0702 04
   01499  O 09252026 0702 08
   11692  I 09252026 0702 01
   12561  O 09252026 0702 03
   12372  O 09252026 0702 04
   11646  O 09252026 0702 12
   10696  O 09252026 0703 08
   01448  O 09252026 0703 03
   12930  O 09252026 0703 04
   12188  O 09252026 0703 03
   12843  O 09252026 0703 04
   12944  O 09252026 0703 03
   12116  O 09252026 0703 07
   12067  O 09252026 0703 08
   12760  O 09252026 0703 04
   12631  O 09252026 0703 12
   12887  O 09252026 0703 03
   12123  O 09252026 0703 07
   12761  O 09252026 0703 04
   12901  O 09252026 0703 11
   12356  O 09252026 0703 03
   12072  O 09252026 0703 04
   12555  O 09252026 0703 03
   12791  O 09252026 0703 04
   12877  I 09252026 0703 02
   12701  O 09252026 0703 03
   12417  O 09252026 0703 08
   12949  O 09252026 0703 03
   03088  O 09252026 0703 04
   12832  O 09252026 0704 03
   12412  O 09252026 0704 12
   12951  O 09252026 0704 04
   12757  O 09252026 0704 11
   03102  O 09252026 0704 07
   03136  O 09252026 0704 03
   12886  O 09252026 0704 04
   12368  I 09252026 0704 01
   12737  I 09252026 0704 02
   12069  O 09252026 0704 11
   12664  O 09252026 0704 07
   12467  O 09252026 0704 12
   12742  I 09252026 0704 01
   01415  I 09252026 0704 05
   10794  O 09252026 0704 08
   01295  O 09252026 0704 07
   10356  O 09252026 0704 08
   12741  I 09252026 0704 01
   12582  O 09252026 0704 07
   12543  O 09252026 0704 04
   12354  O 09252026 0704 08
   11647  O 09252026 0704 07
   03047  O 09252026 0704 08
   12204  O 09252026 0704 07
   12299  I 09252026 0705 02
   10608  I 09252026 0705 01
   12676  O 09252026 0705 11
   12500  O 09252026 0705 03
   12640  I 09252026 0705 02
   10712  I 09252026 0705 01
   12694  I 09252026 0705 02
   12458  O 09252026 0705 03
   12756  O 09252026 0705 12
   11943  I 09252026 0706 02
   12726  I 09252026 0706 02
   12546  O 09252026 0706 07
   12189  O 09252026 0706 14
   03012  O 09252026 0706 07
   12141  O 09252026 0706 04
   01232  O 09252026 0706 03
   12199  I 09252026 0706 01
   01232  I 09252026 0706 02
   12141  I 09252026 0706 02
   10071  O 09252026 0706 12
   01320  O 09252026 0706 12
   12412  I 09252026 0706 01
   12665  O 09252026 0706 04
   03161  O 09252026 0707 03
   12412  O 09252026 0707 04
   12153  O 09252026 0707 03
   12874  I 09252026 0707 01
   01452  O 09252026 0707 04
   12819  I 09252026 0707 02
   10817  I 09252026 0707 01
   12093  I 09252026 0707 02
   12467  I 09252026 0707 02
   11222  O 09252026 0707 04
   12851  I 09252026 0707 01
   12467  O 09252026 0708 04
   11725  O 09252026 0708 03
   10310  O 09252026 0708 12
   03029  O 09252026 0708 11
   12583  O 09252026 0709 12
   03001  O 09252026 0709 11
   12732  O 09252026 0709 12
   12666  O 09252026 0709 03
   12140  O 09252026 0709 12
   01234  O 09252026 0709 07
   01459  O 09252026 0709 12
   12624  O 09252026 0709 03
   12652  O 09252026 0709 08
   12269  O 09252026 0709 07
   12164  O 09252026 0710 07
   01365  O 09252026 0710 08
   12762  O 09252026 0711 08
   12246  O 09252026 0711 07
   10378  O 09252026 0711 04
   12135  O 09252026 0712 04
   11537  O 09252026 0712 07
   12148  O 09252026 0713 04
   10287  O 09252026 0713 11
   12183  O 09252026 0713 14
   11935  O 09252026 0713 14
   12903  I 09252026 0713 01
   12463  I 09252026 0713 05
   01425  O 09252026 0714 12
   10350  I 09252026 0714 06
   12021  O 09252026 0714 14
   10658  O 09252026 0714 14
   01249  O 09252026 0714 12
   12721  O 09252026 0715 08
   11495  O 09252026 0715 04
   03124  O 09252026 0716 08
   10117  O 09252026 0716 12
   10675  I 09252026 0716 01
   01483  I 09252026 0717 02
   12926  I 09252026 0717 01
   11519  I 09252026 0718 01
   12451  I 09252026 0718 02
   12096  I 09252026 0718 01
   10116  O 09252026 0718 07
   01470  I 09252026 0719 05
   12818  I 09252026 0719 01
   01446  I 09252026 0719 06
   12946  I 09252026 0719 06
   12217  I 09252026 0720 02
   12827  I 09252026 0720 01
   12569  O 09252026 0720 12
   12690  O 09252026 0721 08
   10055  I 09252026 0721 01
   10046  O 09252026 0721 03
   11784  I 09252026 0721 06
   10334  I 09252026 0722 02
   12530  I 09252026 0722 01
   11937  I 09252026 0722 06
   01449  O 09252026 0723 04
   10522  I 09252026 0723 05
   12503  I 09252026 0723 06
   11780  I 09252026 0723 01
   11772  I 09252026 0723 06
   12097  I 09252026 0724 05
   12115  O 09252026 0724 03
   10700  I 09252026 0725 06
   03032  I 09252026 0727 02
   01432  O 09252026 0730 08
   01456  O 09252026 0731 08
   12136  O 09252026 0735 03
   12623  I 09252026 0747 02
