   01454  I 09242026 0458 01
   12496  O 09242026 0500 07
   10642  I 09242026 0514 05
   10809  I 09242026 0523 05
   09823  I 09242026 0524 06
   11690  I 09242026 0534 05
   12678  I 09242026 0538 06
   03062  I 09242026 0541 05
   03007  I 09242026 0553 06
   12673  I 09242026 0553 05
   03148  I 09242026 0556 02
   01355  I 09242026 0558 05
   12919  I 09242026 0558 01
   12532  I 09242026 0559 05
   10127  I 09242026 0601 06
   01231  I 09242026 0603 05
   01413  I 09242026 0604 06
   11848  I 09242026 0605 06
   01339  I 09242026 0605 06
   12824  I 09242026 0607 02
   12632  I 09242026 0608 05
   01423  I 09242026 0608 02
   11605  I 09242026 0611 05
   12759  I 09242026 0611 01
   12823  I 09242026 0612 02
   10021  I 09242026 0612 05
   12928  I 09242026 0612 01
   11250  I 09242026 0612 06
   11267  I 09242026 0613 01
   10224  I 09242026 0614 05
   12924  I 09242026 0614 01
   12903  I 09242026 0616 01
   01428  I 09242026 0616 05
   12810  I 09242026 0617 06
   11538  I 09242026 0617 05
   12889  I 09242026 0618 05
   12963  I 09242026 0618 01
   12898  I 09242026 0618 02
   12962  I 09242026 0618 01
   12669  I 09242026 0618 06
   12461  I 09242026 0619 05
   12950  I 09242026 0619 02
   12291  I 09242026 0619 01
   03053  I 09242026 0619 05
   10736  I 09242026 0620 01
   12545  I 09242026 0620 02
   12668  I 09242026 0620 01
   10306  I 09242026 0620 02
   10140  I 09242026 0620 05
   12595  I 09242026 0621 06
   12812  I 09242026 0621 05
   12809  I 09242026 0622 05
   11493  I 09242026 0623 05
   12397  I 09242026 0625 02
   12872  I 09242026 0625 01
   12957  I 09242026 0625 02
   10766  I 09242026 0626 06
   12840  I 09242026 0626 06
   12205  I 09242026 0627 02
   12863  I 09242026 0627 01
   11928  I 09242026 0627 05
   12612  I 09242026 0627 06
   12222  I 09242026 0627 06
   10199  I 09242026 0628 05
   12692  I 09242026 0628 05
   12693  I 09242026 0628 06
   12821  I 09242026 0628 05
   10847  I 09242026 0629 05
   12653  I 09242026 0629 05
   03078  I 09242026 0630 06
   11776  I 09242026 0630 06
   10309  I 09242026 0630 06
   12833  I 09242026 0631 06
   12156  O 09242026 0631 07
   10641  I 09242026 0631 06
   12650  I 09242026 0631 05
   12156  I 09242026 0631 06
   10576  I 09242026 0631 02
   12718  I 09242026 0632 01
   12476  I 09242026 0632 02
   10425  I 09242026 0632 01
   12066  I 09242026 0632 06
   01504  I 09242026 0632 02
   10726  I 09242026 0632 06
   12945  I 09242026 0633 06
   12869  I 09242026 0633 05
   12938  I 09242026 0633 06
   01266  I 09242026 0633 05
   11390  I 09242026 0633 06
   03037  I 09242026 0634 06
   12128  I 09242026 0634 06
   10754  I 09242026 0634 06
   10240  I 09242026 0634 05
   01302  I 09242026 0634 06
   12255  I 09242026 0634 05
   11940  I 09242026 0634 06
   10054  I 09242026 0634 01
   12236  I 09242026 0634 06
   11498  I 09242026 0634 05
   03061  I 09242026 0635 05
   01495  I 09242026 0635 05
   03027  I 09242026 0637 05
   12855  I 09242026 0637 01
   12142  I 09242026 0638 06
   03152  I 09242026 0638 02
   03153  I 09242026 0638 06
   12804  I 09242026 0638 01
   12758  I 09242026 0639 01
   12317  I 09242026 0639 02
   10827  I 09242026 0639 01
   12350  I 09242026 0639 01
   12700  I 09242026 0639 02
   01317  I 09242026 0639 02
   10357  I 09242026 0639 01
   03168  I 09242026 0640 06
   03058  I 09242026 0640 06
   12639  I 09242026 0640 06
   10219  I 09242026 0640 05
   12355  I 09242026 0640 02
   12943  I 09242026 0640 01
   10523  I 09242026 0640 06
   10243  I 09242026 0641 02
   12081  I 09242026 0641 05
   10318  I 09242026 0641 01
   10791  I 09242026 0641 02
   12351  I 09242026 0641 02
   03151  I 09242026 0641 01
   10673  I 09242026 0641 06
   10200  I 09242026 0641 05
   12084  I 09242026 0642 02
   12191  I 09242026 0642 01
   12293  I 09242026 0643 05
   11863  I 09242026 0643 06
   03103  I 09242026 0643 02
   01356  I 09242026 0643 01
   12208  I 09242026 0643 05
   10759  I 09242026 0643 06
   12699  O 09242026 0643 03
   12699  I 09242026 0643 02
   12485  I 09242026 0643 05
   11724  I 09242026 0643 01
   11942  I 09242026 0643 06
   10678  I 09242026 0644 02
   10135  I 09242026 0644 05
   10026  I 09242026 0645 06
   11879  I 09242026 0645 06
   12299  I 09242026 0645 05
   12716  I 09242026 0645 06
   12894  I 09242026 0645 05
   12731  I 09242026 0645 06
   11387  I 09242026 0645 06
   10223  I 09242026 0645 05
   12642  I 09242026 0645 06
   11726  I 09242026 0646 01
   10449  I 09242026 0646 05
   03120  I 09242026 0646 06
   10607  I 09242026 0646 01
   10050  I 09242026 0646 02
   11166  I 09242026 0646 01
   10841  I 09242026 0646 05
   12439  I 09242026 0646 02
   12578  I 09242026 0647 02
   12082  I 09242026 0647 06
   10144  I 09242026 0647 05
   12090  I 09242026 0647 06
   03017  I 09242026 0647 01
   12374  I 09242026 0647 02
   12376  I 09242026 0647 01
   12807  I 09242026 0648 05
   01374  I 09242026 0648 02
   01373  I 09242026 0648 05
   10796  I 09242026 0648 02
   10609  I 09242026 0648 05
   12184  I 09242026 0648 01
   12575  I 09242026 0649 06
   12598  I 09242026 0649 06
   10588  I 09242026 0649 05
   12858  I 09242026 0649 05
   12206  I 09242026 0649 02
   03104  I 09242026 0649 06
   10788  I 09242026 0650 05
   12433  I 09242026 0650 01
   01351  I 09242026 0650 06
   12353  I 09242026 0650 05
   10728  I 09242026 0650 06
   12792  I 09242026 0650 01
   11767  I 09242026 0650 05
   12961  I 09242026 0650 02
   10775  I 09242026 0650 06
   12305  I 09242026 0650 05
   12359  I 09242026 0650 06
   12244  I 09242026 0650 02
   12682  I 09242026 0650 05
   10574  I 09242026 0650 05
   12610  I 09242026 0651 06
   11221  I 09242026 0651 01
   12486  I 09242026 0651 06
   10232  I 09242026 0651 02
   12298  I 09242026 0652 02
   12798  I 09242026 0652 02
   10712  I 09242026 0652 06
   10675  I 09242026 0652 01
   12049  I 09242026 0652 05
   11765  I 09242026 0653 01
   12846  I 09242026 0653 02
   10383  I 09242026 0653 06
   12237  I 09242026 0653 05
   10500  I 09242026 0653 06
   12726  I 09242026 0653 05
   01415  I 09242026 0653 05
   10604  I 09242026 0653 01
   01345  I 09242026 0653 06
   12805  I 09242026 0653 05
   12926  I 09242026 0653 01
   10786  I 09242026 0653 06
   01471  I 09242026 0653 05
   12755  I 09242026 0653 02
   12451  I 09242026 0653 02
   01483  I 09242026 0654 02
   11494  I 09242026 0654 06
   11408  I 09242026 0654 02
   10705  I 09242026 0654 05
   01436  I 09242026 0654 06
   12670  I 09242026 0654 01
   11402  I 09242026 0654 05
   12614  I 09242026 0654 01
   11784  I 09242026 0654 02
   12816  I 09242026 0654 01
   11388  I 09242026 0655 05
   01446  I 09242026 0655 06
   10405  I 09242026 0655 05
   01470  I 09242026 0655 05
   10573  I 09242026 0655 02
   01232  I 09242026 0655 06
   03122  I 09242026 0655 05
   12764  I 09242026 0655 06
   10611  I 09242026 0655 09
   12217  I 09242026 0655 01
   12553  I 09242026 0655 05
   12187  I 09242026 0655 06
   12349  I 09242026 0655 01
   12085  I 09242026 0656 02
   12827  I 09242026 0656 01
   12538  I 09242026 0656 01
   12474  I 09242026 0656 05
   12339  I 09242026 0656 06
   12368  I 09242026 0656 06
   12720  I 09242026 0656 05
   11937  I 09242026 0656 06
   11534  I 09242026 0656 02
   12530  I 09242026 0656 01
   10785  I 09242026 0656 06
   12577  I 09242026 0656 01
   12737  I 09242026 0657 01
   12667  I 09242026 0657 01
   12819  I 09242026 0657 01
   12742  I 09242026 0657 02
   10334  I 09242026 0658 02
   11496  I 09242026 0658 05
   11519  I 09242026 0658 06
   10522  I 09242026 0658 06
   11780  I 09242026 0658 02
   10145  I 09242026 0658 01
   10350  I 09242026 0659 02
   11772  I 09242026 0659 06
   12503  I 09242026 0659 06
   12502  O 09242026 0700 08
   10706  O 09242026 0700 07
   10720  O 09242026 0700 11
   12539  O 09242026 0700 12
   12647  O 09242026 0700 03
   11355  I 09242026 0700 01
   12080  O 09242026 0700 08
   12501  O 09242026 0700 07
   10116  O 09242026 0700 11
   12637  O 09242026 0700 12
   01330  O 09242026 0700 04
   12672  O 09242026 0700 03
   12254  O 09242026 0700 11
   10825  O 09242026 0700 08
   11694  O 09242026 0700 07
   10133  O 09242026 0700 12
   12556  O 09242026 0700 03
   12645  O 09242026 0700 11
   10469  O 09242026 0700 04
   12664  O 09242026 0700 07
   12631  O 09242026 0700 12
   11693  O 09242026 0700 08
   12089  O 09242026 0700 11
   12629  I 09242026 0700 01
   12576  O 09242026 0700 04
   03170  O 09242026 0700 03
   12729  O 09242026 0700 11
   12625  O 09242026 0700 07
   11169  O 09242026 0700 08
   10369  O 09242026 0700 12
   01405  O 09242026 0700 03
   12146  O 09242026 0700 04
   11168  O 09242026 0700 12
   12067  O 09242026 0700 14
   12475  O 09242026 0700 08
   12676  O 09242026 0700 11
   12711  O 09242026 0700 07
   03080  O 09242026 0700 04
   12164  O 09242026 0700 03
   03047  O 09242026 0700 08
   12783  O 09242026 0700 12
   03123  O 09242026 0700 11
   12543  O 09242026 0700 07
   01487  O 09242026 0700 03
   12753  O 09242026 0700 12
   10047  O 09242026 0700 04
   12557  O 09242026 0700 07
   12412  O 09242026 0700 12
   12609  O 09242026 0700 08
   01475  O 09242026 0700 03
   12820  O 09242026 0700 14
   11650  O 09242026 0700 04
   11646  O 09242026 0700 11
   12644  O 09242026 0700 12
   12098  O 09242026 0700 07
   12813  O 09242026 0700 08
   12356  O 09242026 0700 03
   12383  O 09242026 0700 04
   12735  I 09242026 0700 05
   12723  O 09242026 0701 11
   12417  O 09242026 0701 08
   10285  O 09242026 0701 07
   12266  O 09242026 0701 03
   10146  I 09242026 0701 02
   12611  O 09242026 0701 04
   12189  O 09242026 0701 14
   10177  O 09242026 0701 08
   10221  O 09242026 0701 03
   12828  I 09242026 0701 01
   12185  O 09242026 0701 11
   10490  O 09242026 0701 07
   12698  O 09242026 0701 04
   10787  O 09242026 0701 07
   10017  O 09242026 0701 08
   11687  O 09242026 0701 03
   10808  I 09242026 0701 06
   12901  O 09242026 0701 12
   10581  O 09242026 0701 08
   12568  O 09242026 0701 12
   11652  O 09242026 0701 04
   03077  O 09242026 0701 08
   12853  O 09242026 0701 12
   10598  O 09242026 0701 07
   12122  I 09242026 0701 06
   10617  O 09242026 0701 07
   12467  O 09242026 0701 12
   12076  O 09242026 0701 03
   12056  O 09242026 0701 08
   12780  O 09242026 0701 11
   12712  O 09242026 0701 07
   10100  O 09242026 0701 08
   03119  O 09242026 0701 11
   12829  O 09242026 0701 03
   01296  O 09242026 0701 14
   12238  O 09242026 0701 11
   10466  I 09242026 0701 01
   12224  O 09242026 0701 12
   03032  I 09242026 0701 02
   12275  O 09242026 0701 07
   11943  I 09242026 0701 05
   12247  O 09242026 0701 11
   11522  I 09242026 0701 02
   12487  O 09242026 0701 12
   11935  O 09242026 0701 14
   03102  O 09242026 0701 08
   10697  O 09242026 0701 11
   12763  O 09242026 0701 04
   12248  O 09242026 0701 03
   12462  O 09242026 0702 12
   12878  O 09242026 0702 03
   12096  I 09242026 0702 01
   12710  O 09242026 0702 11
   11936  O 09242026 0702 08
   10605  O 09242026 0702 07
   10201  O 09242026 0702 03
   10830  O 09242026 0702 07
   01492  O 09242026 0702 08
   12116  O 09242026 0702 07
   12500  O 09242026 0702 03
   12192  O 09242026 0702 12
   03173  O 09242026 0702 03
   12123  O 09242026 0702 11
   12125  I 09242026 0702 01
   12458  O 09242026 0702 03
   03088  O 09242026 0702 04
   10083  O 09242026 0702 07
   12020  O 09242026 0702 08
   12337  I 09242026 0703 01
   12624  O 09242026 0703 03
   12679  O 09242026 0703 12
   12204  O 09242026 0703 04
   01327  O 09242026 0703 12
   10407  I 09242026 0703 02
   10055  I 09242026 0703 01
   11495  O 09242026 0703 04
   12230  I 09242026 0703 02
   12799  I 09242026 0703 01
   12354  O 09242026 0703 07
   10356  O 09242026 0703 08
   03161  O 09242026 0703 03
   12497  O 09242026 0703 04
   12582  O 09242026 0703 08
   11647  O 09242026 0703 07
   12690  O 09242026 0703 08
   12701  O 09242026 0703 03
   12097  I 09242026 0703 01
   12756  O 09242026 0704 12
   10669  O 09242026 0704 04
   12302  I 09242026 0704 01
   10148  O 09242026 0704 07
   12694  I 09242026 0704 02
   11411  O 09242026 0704 03
   12877  I 09242026 0704 02
   12727  O 09242026 0704 11
   10456  O 09242026 0704 03
   10184  O 09242026 0704 04
   11266  O 09242026 0704 11
   01448  O 09242026 0704 04
   12021  O 09242026 0704 11
   10658  O 09242026 0704 11
   10384  O 09242026 0704 07
   10264  O 09242026 0704 12
   10245  O 09242026 0704 03
   03136  O 09242026 0704 03
   12665  O 09242026 0705 03
   12472  O 09242026 0705 14
   10640  O 09242026 0705 03
   01295  O 09242026 0705 07
   10608  I 09242026 0705 01
   03105  I 09242026 0705 02
   12584  O 09242026 0705 12
   11537  O 09242026 0705 07
   10794  O 09242026 0705 08
   10117  O 09242026 0705 12
   10696  O 09242026 0705 08
   12640  I 09242026 0705 02
   12371  O 09242026 0705 07
   12555  O 09242026 0705 08
   12141  I 09242026 0706 02
   12093  I 09242026 0706 01
   12147  I 09242026 0706 02
   01341  O 09242026 0706 04
   03101  I 09242026 0706 02
   10817  I 09242026 0706 01
   03012  O 09242026 0706 07
   12717  I 09242026 0706 05
   12623  I 09242026 0706 02
   10378  O 09242026 0706 04
   12471  O 09242026 0707 07
   03159  O 09242026 0707 11
   12199  I 09242026 0707 01
   12818  I 09242026 0707 02
   11725  O 09242026 0707 03
   12135  O 09242026 0707 04
   12754  O 09242026 0707 07
   01452  O 09242026 0707 03
   12666  O 09242026 0707 04
   12499  O 09242026 0707 03
   12757  O 09242026 0708 11
   03085  O 09242026 0708 08
   03029  O 09242026 0709 12
   10310  O 09242026 0709 11
   03124  O 09242026 0709 08
   12140  O 09242026 0710 12
   12832  O 09242026 0710 04
   12951  O 09242026 0710 03
   01499  O 09242026 0710 07
   12887  O 09242026 0711 03
   12843  O 09242026 0711 04
   12944  O 09242026 0711 03
   12930  O 09242026 0711 04
   10663  O 09242026 0711 07
   12151  O 09242026 0712 03
   12662  O 09242026 0713 04
   12372  O 09242026 0713 03
   12897  O 09242026 0713 03
   12583  O 09242026 0714 12
   12791  O 09242026 0714 04
   12947  O 09242026 0714 03
   12760  O 09242026 0714 04
   12856  O 09242026 0714 03
   12762  O 09242026 0714 03
   12831  O 09242026 0714 03
   12761  O 09242026 0714 04
   12949  I 09242026 0714 02
   12949  O 09242026 0714 04
   12844  O 09242026 0714 03
   11400  O 09242026 0715 12
   12183  O 09242026 0715 14
   12373  O 09242026 0715 04
   12825  O 09242026 0715 03
   12948  O 09242026 0715 03
   01320  O 09242026 0715 12
   03001  O 09242026 0715 11
   01459  O 09242026 0716 12
   10287  O 09242026 0718 11
   01365  O 09242026 0718 08
   12569  O 09242026 0721 07
   12153  O 09242026 0721 03
   12072  O 09242026 0721 07
   12706  O 09242026 0722 11
   12561  O 09242026 0722 07
   01432  O 09242026 0723 04
   12721  O 09242026 0724 08
   01449  O 09242026 0724 08
   12488  O 09242026 0725 14
   01249  O 09242026 0726 12
   12793  O 09242026 0727 07
   01234  O 09242026 0730 03
   01456  O 09242026 0730 08
   12546  O 09242026 0736 12
   12188  O 09242026 0737 12
