   09823  I 09182026 0524 06
   12678  I 09182026 0540 06
   12089  I 09182026 0544 05
   11690  I 09182026 0548 05
   03007  I 09182026 0549 06
   12628  I 09182026 0552 05
   03148  I 09182026 0556 02
   10202  I 09182026 0558 06
   12844  I 09182026 0559 02
   12692  I 09182026 0559 05
   12392  I 09182026 0559 05
   10809  I 09182026 0600 01
   11267  I 09182026 0603 01
   01231  I 09182026 0604 05
   11493  I 09182026 0604 05
   11848  I 09182026 0605 05
   12632  I 09182026 0608 05
   12644  I 09182026 0608 06
   12965  I 09182026 0610 02
   03029  I 09182026 0612 06
   10201  O 09182026 0612 03
   10310  I 09182026 0612 06
   10201  I 09182026 0612 02
   12856  I 09182026 0612 01
   12625  I 09182026 0612 05
   12664  I 09182026 0612 06
   12583  I 09182026 0612 06
   12461  I 09182026 0613 01
   10083  I 09182026 0614 06
   12947  I 09182026 0614 02
   03151  I 09182026 0615 01
   10736  O 09182026 0615 03
   12897  I 09182026 0615 01
   10736  I 09182026 0615 02
   10456  I 09182026 0615 05
   12497  I 09182026 0616 01
   12291  I 09182026 0617 01
   10663  I 09182026 0617 05
   12128  I 09182026 0617 06
   12140  I 09182026 0617 06
   10073  I 09182026 0618 05
   03119  I 09182026 0619 06
   12791  I 09182026 0619 01
   12760  I 09182026 0619 02
   12072  I 09182026 0619 02
   12948  I 09182026 0620 01
   03173  I 09182026 0620 06
   12812  I 09182026 0620 06
   10054  I 09182026 0620 02
   10678  I 09182026 0621 02
   10117  I 09182026 0621 05
   12810  I 09182026 0621 06
   12637  I 09182026 0621 06
   12761  I 09182026 0622 02
   10706  I 09182026 0622 05
   12676  I 09182026 0623 05
   12780  I 09182026 0623 06
   10373  I 09182026 0623 02
   12831  I 09182026 0623 01
   12758  I 09182026 0624 01
   01495  I 09182026 0624 05
   12699  I 09182026 0625 01
   01449  I 09182026 0625 05
   12903  I 09182026 0626 01
   11945  I 09182026 0626 05
   10240  I 09182026 0626 06
   12712  I 09182026 0627 05
   12887  I 09182026 0627 01
   10100  I 09182026 0627 06
   12949  I 09182026 0628 01
   12267  I 09182026 0628 05
   01432  I 09182026 0628 05
   11605  I 09182026 0629 05
   01266  I 09182026 0629 05
   11942  I 09182026 0630 06
   12762  O 09182026 0630 03
   12645  I 09182026 0630 05
   12762  I 09182026 0630 02
   12317  I 09182026 0630 01
   12813  I 09182026 0631 06
   12756  I 09182026 0631 06
   12530  I 09182026 0632 02
   12693  I 09182026 0632 06
   12334  I 09182026 0632 02
   10786  I 09182026 0632 05
   10177  I 09182026 0633 05
   10184  I 09182026 0633 06
   10605  I 09182026 0633 06
   12247  I 09182026 0633 01
   03077  I 09182026 0634 06
   10766  I 09182026 0634 05
   12832  I 09182026 0634 06
   12945  I 09182026 0635 06
   12669  I 09182026 0635 05
   03061  I 09182026 0635 06
   11687  I 09182026 0636 01
   12944  I 09182026 0636 01
   10357  I 09182026 0636 06
   12723  I 09182026 0636 02
   12833  I 09182026 0636 06
   12368  I 09182026 0637 06
   10047  I 09182026 0637 02
   12716  I 09182026 0637 06
   11928  O 09182026 0637 08
   03168  I 09182026 0637 06
   11928  I 09182026 0638 05
   10775  I 09182026 0638 06
   12555  I 09182026 0638 01
   10754  I 09182026 0638 02
   10232  I 09182026 0638 02
   03085  I 09182026 0638 06
   10827  I 09182026 0638 01
   12234  I 09182026 0638 02
   11724  I 09182026 0639 01
   12306  I 09182026 0639 05
   12930  I 09182026 0639 02
   12356  I 09182026 0639 02
   12020  I 09182026 0639 06
   12647  I 09182026 0639 01
   12350  I 09182026 0639 01
   12731  I 09182026 0640 05
   12146  I 09182026 0640 01
   12376  I 09182026 0640 06
   12156  O 09182026 0640 07
   12961  I 09182026 0640 06
   12156  I 09182026 0640 06
   12662  I 09182026 0640 02
   12557  I 09182026 0640 01
   12056  I 09182026 0641 01
   12951  I 09182026 0641 02
   10759  I 09182026 0641 06
   12853  I 09182026 0641 05
   10598  I 09182026 0641 06
   01504  I 09182026 0641 02
   12609  I 09182026 0641 05
   10285  I 09182026 0641 06
   10847  I 09182026 0641 05
   01356  I 09182026 0641 01
   12067  I 09182026 0641 05
   12191  I 09182026 0642 02
   12729  I 09182026 0642 05
   12084  I 09182026 0642 01
   11863  I 09182026 0642 06
   12116  I 09182026 0642 05
   12142  I 09182026 0642 06
   12764  I 09182026 0642 06
   12663  I 09182026 0642 06
   11402  I 09182026 0642 05
   10425  I 09182026 0642 02
   01345  I 09182026 0642 06
   12049  I 09182026 0643 05
   12472  I 09182026 0643 06
   03124  I 09182026 0643 01
   11787  I 09182026 0643 06
   01232  I 09182026 0643 06
   11776  I 09182026 0643 05
   03078  I 09182026 0643 06
   12383  I 09182026 0643 02
   12793  I 09182026 0644 01
   11169  I 09182026 0644 05
   12499  I 09182026 0644 06
   03027  I 09182026 0644 05
   03159  I 09182026 0644 09
   01452  I 09182026 0644 02
   03058  I 09182026 0644 06
   03123  I 09182026 0644 06
   12066  I 09182026 0644 06
   11940  I 09182026 0645 06
   01302  I 09182026 0645 06
   12753  I 09182026 0645 05
   12138  I 09182026 0645 02
   10050  I 09182026 0645 02
   12082  I 09182026 0645 06
   11166  I 09182026 0645 01
   11411  I 09182026 0645 01
   03080  I 09182026 0645 02
   11534  I 09182026 0645 06
   12825  I 09182026 0645 01
   11694  I 09182026 0645 05
   10287  I 09182026 0645 06
   12578  I 09182026 0645 02
   10449  I 09182026 0646 05
   12439  I 09182026 0646 02
   10841  I 09182026 0646 05
   10490  I 09182026 0647 06
   12416  I 09182026 0647 05
   10700  I 09182026 0647 06
   10794  I 09182026 0647 06
   03001  I 09182026 0647 05
   11937  I 09182026 0647 06
   12598  I 09182026 0647 06
   12359  I 09182026 0647 06
   12451  I 09182026 0647 02
   12222  I 09182026 0647 05
   10574  I 09182026 0647 05
   11495  I 09182026 0647 02
   12805  I 09182026 0648 05
   10609  I 09182026 0648 06
   03120  I 09182026 0648 05
   12488  I 09182026 0648 06
   12901  I 09182026 0648 06
   10830  I 09182026 0648 01
   11168  I 09182026 0648 06
   12412  I 09182026 0648 05
   12757  I 09182026 0648 06
   12631  I 09182026 0648 06
   12763  I 09182026 0649 06
   10669  I 09182026 0649 02
   12798  I 09182026 0649 02
   10469  I 09182026 0649 02
   10607  I 09182026 0649 01
   12123  I 09182026 0650 06
   12374  I 09182026 0650 01
   12843  I 09182026 0650 01
   12221  I 09182026 0650 09
   10407  I 09182026 0651 10
   12462  I 09182026 0651 05
   12538  I 09182026 0651 02
   01499  I 09182026 0651 06
   12736  I 09182026 0652 02
   01374  I 09182026 0652 01
   01510  I 09182026 0652 02
   12846  I 09182026 0652 05
   12305  I 09182026 0652 06
   12755  I 09182026 0652 02
   12819  I 09182026 0652 06
   10796  I 09182026 0652 02
   01492  I 09182026 0653 06
   12690  I 09182026 0653 06
   12204  I 09182026 0653 01
   12417  I 09182026 0653 06
   10245  I 09182026 0653 01
   12829  I 09182026 0653 01
   12878  I 09182026 0653 01
   12206  I 09182026 0653 02
   10384  I 09182026 0653 05
   11408  I 09182026 0653 02
   01456  I 09182026 0654 06
   11784  I 09182026 0654 05
   12543  I 09182026 0654 01
   12187  I 09182026 0654 06
   10588  I 09182026 0654 05
   12369  I 09182026 0654 06
   01415  I 09182026 0654 05
   12372  I 09182026 0654 02
   12670  I 09182026 0655 01
   10697  I 09182026 0655 05
   12341  I 09182026 0655 02
   12275  I 09182026 0655 06
   10611  I 09182026 0655 09
   11943  I 09182026 0655 05
   12614  I 09182026 0656 01
   11519  I 09182026 0656 01
   12371  I 09182026 0656 05
   12667  I 09182026 0656 02
   12298  I 09182026 0656 02
   12807  I 09182026 0656 06
   11537  I 09182026 0656 06
   12238  I 09182026 0656 01
   10334  I 09182026 0657 02
   11496  I 09182026 0657 01
   11692  I 09182026 0657 01
   12657  I 09182026 0657 02
   01405  I 09182026 0657 06
   12076  I 09182026 0659 01
   11522  I 09182026 0659 02
   11774  O 09182026 0700 04
   12471  O 09182026 0700 07
   12260  O 09182026 0700 11
   12672  O 09182026 0700 03
   10658  O 09182026 0700 14
   12576  O 09182026 0700 04
   10831  O 09182026 0700 12
   12080  O 09182026 0700 07
   03167  O 09182026 0700 08
   10070  O 09182026 0700 11
   12164  I 09182026 0700 02
   11167  O 09182026 0700 03
   10825  O 09182026 0700 08
   12307  O 09182026 0700 11
   12601  O 09182026 0700 04
   03018  O 09182026 0700 07
   12021  O 09182026 0700 14
   10333  O 09182026 0700 03
   12532  O 09182026 0700 11
   10787  O 09182026 0700 07
   12852  O 09182026 0700 12
   12098  O 09182026 0700 08
   03030  O 09182026 0700 14
   12622  O 09182026 0700 04
   12732  O 09182026 0700 11
   12130  O 09182026 0700 03
   12373  I 09182026 0700 02
   12293  I 09182026 0700 05
   10127  O 09182026 0700 08
   11392  O 09182026 0700 07
   12627  O 09182026 0700 11
   10386  O 09182026 0700 04
   11355  I 09182026 0700 01
   12854  O 09182026 0700 12
   12357  O 09182026 0700 03
   10522  O 09182026 0700 07
   12496  O 09182026 0700 14
   01357  O 09182026 0700 08
   12673  O 09182026 0700 12
   12821  O 09182026 0700 11
   12804  O 09182026 0700 04
   03059  O 09182026 0700 07
   12540  O 09182026 0700 03
   12259  O 09182026 0700 08
   12475  O 09182026 0700 11
   12558  O 09182026 0700 04
   12375  O 09182026 0700 12
   12473  O 09182026 0700 14
   12456  O 09182026 0700 03
   12735  O 09182026 0700 08
   12299  O 09182026 0700 11
   01319  O 09182026 0700 04
   12808  O 09182026 0700 07
   12531  O 09182026 0700 03
   10071  O 09182026 0700 12
   10612  O 09182026 0700 14
   12710  O 09182026 0700 11
   12339  O 09182026 0700 11
   12396  O 09182026 0700 03
   12397  O 09182026 0700 04
   01433  O 09182026 0700 07
   12967  O 09182026 0700 12
   12457  O 09182026 0700 08
   12069  O 09182026 0700 11
   01402  O 09182026 0701 07
   12486  O 09182026 0701 12
   12824  O 09182026 0701 03
   12894  O 09182026 0701 11
   01335  O 09182026 0701 07
   12501  O 09182026 0701 03
   11688  O 09182026 0701 08
   12409  O 09182026 0701 11
   12568  O 09182026 0701 12
   12786  O 09182026 0701 04
   12055  O 09182026 0701 03
   11248  O 09182026 0701 11
   12820  O 09182026 0701 14
   10222  O 09182026 0701 08
   12957  O 09182026 0701 07
   12847  O 09182026 0701 04
   10221  O 09182026 0701 03
   12097  O 09182026 0701 11
   12845  O 09182026 0701 12
   03161  I 09182026 0701 01
   10021  O 09182026 0701 11
   11387  O 09182026 0701 07
   12133  O 09182026 0701 03
   12814  O 09182026 0701 04
   10291  O 09182026 0701 08
   12184  I 09182026 0701 01
   12093  I 09182026 0701 06
   12217  O 09182026 0701 04
   12094  O 09182026 0701 11
   10698  O 09182026 0701 07
   10839  O 09182026 0701 12
   12920  O 09182026 0701 03
   12149  O 09182026 0701 12
   12153  I 09182026 0701 01
   10467  O 09182026 0701 04
   11693  O 09182026 0701 08
   10712  I 09182026 0701 06
   03136  I 09182026 0701 01
   03088  O 09182026 0701 04
   12818  O 09182026 0701 03
   12694  I 09182026 0701 02
   12904  O 09182026 0701 04
   12740  O 09182026 0701 03
   10091  O 09182026 0701 08
   10589  O 09182026 0702 07
   12799  O 09182026 0702 04
   12440  O 09182026 0702 08
   10231  O 09182026 0702 03
   10144  O 09182026 0702 07
   03068  O 09182026 0702 04
   10378  I 09182026 0702 01
   03141  O 09182026 0702 12
   10086  O 09182026 0702 07
   11221  O 09182026 0702 04
   12057  O 09182026 0702 04
   10350  I 09182026 0702 02
   12874  I 09182026 0702 01
   10696  I 09182026 0702 02
   12695  O 09182026 0702 03
   12862  O 09182026 0702 04
   10200  O 09182026 0702 11
   10176  O 09182026 0702 07
   12058  O 09182026 0702 03
   11400  O 09182026 0702 12
   10385  O 09182026 0702 08
   12185  O 09182026 0702 11
   12828  O 09182026 0702 04
   10724  O 09182026 0702 03
   01396  O 09182026 0702 07
   03179  O 09182026 0702 12
   12370  I 09182026 0702 01
   01471  O 09182026 0702 08
   12248  O 09182026 0702 03
   12826  O 09182026 0702 04
   10811  O 09182026 0702 07
   12946  O 09182026 0702 08
   10383  O 09182026 0702 11
   12737  I 09182026 0702 01
   12871  O 09182026 0702 04
   03101  I 09182026 0703 02
   10788  O 09182026 0703 07
   10234  O 09182026 0703 03
   01479  O 09182026 0703 04
   12689  O 09182026 0703 08
   11494  O 09182026 0703 11
   12556  O 09182026 0703 04
   09676  O 09182026 0703 04
   03126  O 09182026 0703 03
   12289  O 09182026 0703 07
   03182  O 09182026 0703 08
   01306  O 09182026 0703 12
   12688  O 09182026 0703 07
   12652  O 09182026 0703 12
   12074  O 09182026 0703 04
   11777  O 09182026 0703 08
   12595  O 09182026 0703 11
   12269  O 09182026 0703 12
   12873  O 09182026 0703 07
   10145  I 09182026 0703 01
   12722  I 09182026 0703 02
   12594  O 09182026 0703 12
   10849  O 09182026 0703 03
   03172  O 09182026 0703 11
   12888  O 09182026 0703 07
   12815  O 09182026 0703 08
   11719  O 09182026 0703 03
   12115  O 09182026 0703 12
   12611  I 09182026 0703 01
   12943  O 09182026 0703 03
   12615  O 09182026 0703 08
   12725  O 09182026 0703 04
   01477  O 09182026 0703 12
   12624  I 09182026 0703 01
   12500  O 09182026 0703 03
   12189  O 09182026 0703 11
   12467  O 09182026 0703 12
   12800  O 09182026 0703 04
   12208  O 09182026 0704 11
   12802  O 09182026 0704 03
   12241  O 09182026 0704 04
   12256  O 09182026 0704 12
   01379  O 09182026 0704 07
   12088  O 09182026 0704 11
   10765  O 09182026 0704 08
   12792  O 09182026 0704 03
   12927  O 09182026 0704 04
   12661  O 09182026 0704 08
   10505  O 09182026 0704 07
   12125  I 09182026 0704 02
   03035  O 09182026 0704 11
   03105  I 09182026 0704 02
   10466  I 09182026 0704 01
   12630  O 09182026 0704 07
   11768  O 09182026 0704 08
   01448  O 09182026 0704 03
   01373  I 09182026 0704 01
   12343  O 09182026 0704 07
   11933  O 09182026 0704 04
   12230  I 09182026 0704 02
   01369  I 09182026 0704 06
   12224  O 09182026 0704 11
   12302  I 09182026 0704 01
   10640  I 09182026 0704 02
   10055  I 09182026 0705 01
   12148  O 09182026 0705 04
   01341  I 09182026 0705 02
   10606  O 09182026 0705 03
   10264  O 09182026 0705 11
   12329  O 09182026 0705 04
   12141  I 09182026 0705 02
   12886  O 09182026 0705 03
   12890  O 09182026 0705 12
   10094  O 09182026 0705 03
   12246  O 09182026 0706 08
   12877  I 09182026 0706 01
   12754  O 09182026 0706 07
   11789  O 09182026 0706 07
   12687  O 09182026 0706 08
   03062  O 09182026 0706 07
   01425  O 09182026 0706 12
   10046  O 09182026 0706 03
   12640  I 09182026 0706 02
   12325  O 09182026 0706 11
   12151  I 09182026 0707 01
   12415  O 09182026 0707 12
   11223  O 09182026 0707 08
   12717  I 09182026 0707 05
   12701  O 09182026 0707 03
   11388  O 09182026 0707 07
   11222  O 09182026 0708 04
   11726  O 09182026 0708 03
   03010  O 09182026 0708 04
   12738  O 09182026 0708 03
   03108  O 09182026 0709 11
   12059  O 09182026 0709 04
   09833  O 09182026 0709 11
   12147  I 09182026 0709 02
   11398  O 09182026 0710 12
   03039  O 09182026 0710 08
   12674  O 09182026 0710 12
   03026  O 09182026 0711 11
   12651  O 09182026 0711 11
   12620  O 09182026 0712 11
   09704  O 09182026 0712 11
   10795  O 09182026 0712 07
   12790  O 09182026 0712 03
   12546  O 09182026 0712 12
   10169  O 09182026 0713 11
   01422  O 09182026 0714 12
   12110  O 09182026 0715 07
   11946  O 09182026 0717 12
   03176  O 09182026 0719 08
   10306  O 09182026 0721 03
   01276  O 09182026 0723 03
   12183  O 09182026 0725 14
   01511  O 09182026 0726 03
   03135  O 09182026 0737 07
   12390  O 09182026 0738 04
   10843  O 09182026 0744 07
   01468  O 09182026 0749 12
   10663  O 09182026 0751 11
   01512  O 09182026 0812 12
   10405  I 09182026 0949 05
   12355  I 09182026 1039 02
   12577  I 09182026 1048 09
   11926  I 09182026 1050 05
   10378  O 09182026 1111 04
   12841  I 09182026 1136 02
   03098  I 09182026 1247 05
   01355  I 09182026 1251 05
   12924  I 09182026 1304 06
   10642  I 09182026 1307 05
   12822  I 09182026 1310 05
   01312  I 09182026 1321 05
   12162  I 09182026 1323 02
   11765  I 09182026 1326 06
   03141  I 09182026 1329 05
   12544  I 09182026 1332 05
   10224  I 09182026 1339 05
   12759  I 09182026 1340 06
   01413  I 09182026 1341 05
   12475  I 09182026 1341 06
   10663  I 09182026 1346 05
   12823  I 09182026 1347 05
   10140  I 09182026 1347 05
   03103  I 09182026 1347 02
   12192  I 09182026 1350 05
   11250  I 09182026 1353 06
   12677  I 09182026 1354 05
   03053  I 09182026 1354 05
   12205  I 09182026 1355 01
   12963  I 09182026 1400 01
   12898  I 09182026 1400 02
   12460  I 09182026 1401 02
   12724  I 09182026 1402 05
   12929  I 09182026 1402 01
   12532  I 09182026 1406 05
   12307  I 09182026 1406 06
   01428  I 09182026 1407 05
   01344  I 09182026 1408 05
   03122  I 09182026 1410 06
   11879  I 09182026 1411 06
   12869  I 09182026 1412 05
   12595  I 09182026 1412 06
   10070  I 09182026 1412 05
   01446  I 09182026 1412 06
   12922  I 09182026 1414 01
   12785  I 09182026 1414 01
   12668  I 09182026 1415 01
   12342  I 09182026 1417 06
   10585  I 09182026 1417 02
   12938  I 09182026 1417 06
   10309  I 09182026 1418 06
   01425  I 09182026 1419 10
   12928  I 09182026 1419 01
   12650  I 09182026 1419 05
   12962  I 09182026 1419 02
   12950  I 09182026 1420 02
   01317  I 09182026 1420 02
   12889  I 09182026 1424 06
   10358  I 09182026 1424 06
   12610  I 09182026 1425 06
   12485  I 09182026 1426 05
   12433  I 09182026 1426 01
   11498  I 09182026 1427 05
   12612  I 09182026 1427 05
   12353  I 09182026 1429 05
   12872  I 09182026 1430 01
   12809  I 09182026 1431 05
   10223  I 09182026 1431 05
   12695  I 09182026 1432 05
   12741  I 09182026 1432 01
   12863  I 09182026 1432 02
   11538  I 09182026 1433 05
   12840  I 09182026 1433 06
   12085  I 09182026 1434 02
   12849  I 09182026 1434 05
   12236  I 09182026 1434 06
   12255  I 09182026 1434 05
   10641  I 09182026 1434 05
   11390  I 09182026 1435 06
   10604  I 09182026 1435 01
   12682  I 09182026 1435 05
   03152  I 09182026 1435 06
   10200  I 09182026 1436 05
   12186  I 09182026 1436 06
   03153  I 09182026 1436 06
   12792  I 09182026 1437 01
   10673  I 09182026 1438 05
   01382  I 09182026 1438 05
   03104  I 09182026 1438 05
   03037  I 09182026 1438 06
   03112  I 09182026 1440 06
   01325  I 09182026 1440 01
   10318  I 09182026 1441 01
   10243  I 09182026 1441 02
   10146  I 09182026 1441 06
   11387  I 09182026 1441 05
   12851  I 09182026 1442 05
   12090  I 09182026 1442 06
   12476  I 09182026 1443 02
   12413  I 09182026 1443 05
   12726  I 09182026 1443 05
   12351  I 09182026 1443 02
   12894  I 09182026 1444 06
   10523  I 09182026 1444 01
   12821  I 09182026 1445 06
   12069  I 09182026 1445 06
   12266  I 09182026 1445 02
   12629  I 09182026 1446 05
   12131  I 09182026 1446 02
   12653  I 09182026 1446 06
   10791  I 09182026 1447 02
   10467  I 09182026 1447 01
   12639  I 09182026 1448 05
   10785  I 09182026 1448 06
   10780  I 09182026 1449 05
   01436  I 09182026 1449 05
   12642  I 09182026 1449 05
   12904  I 09182026 1449 05
   10675  I 09182026 1449 01
   12926  I 09182026 1450 01
   12665  I 09182026 1450 02
   12855  I 09182026 1450 01
   12575  I 09182026 1450 06
   01483  I 09182026 1450 02
   12463  I 09182026 1450 05
   11494  I 09182026 1451 06
   12919  I 09182026 1451 01
   12743  I 09182026 1451 05
   12112  I 09182026 1451 02
   01470  I 09182026 1451 05
   12858  I 09182026 1451 05
   12720  I 09182026 1451 05
   01296  I 09182026 1452 13
   10261  I 09182026 1453 05
   12735  I 09182026 1453 05
   12816  I 09182026 1453 01
   12827  I 09182026 1453 01
   12217  I 09182026 1453 02
   11286  I 09182026 1454 01
   12553  I 09182026 1454 05
   11772  I 09182026 1455 06
   12474  I 09182026 1455 05
   11780  I 09182026 1455 06
   12122  I 09182026 1456 06
   10383  I 09182026 1456 05
   12237  I 09182026 1456 05
   12503  I 09182026 1456 06
   12299  I 09182026 1457 05
   12820  I 09182026 1457 06
   11650  I 09182026 1457 01
   12818  I 09182026 1458 01
   12189  I 09182026 1458 02
   01327  I 09182026 1458 01
   01367  I 09182026 1459 05
   03017  I 09182026 1459 01
   01351  I 09182026 1459 06
   12901  O 09182026 1500 11
   12113  I 09182026 1500 06
   12625  O 09182026 1500 07
   12644  O 09182026 1500 12
   12662  O 09182026 1500 04
   12670  O 09182026 1500 03
   10696  O 09182026 1500 08
   10754  O 09182026 1500 14
   12082  O 09182026 1500 11
   12712  O 09182026 1500 07
   12125  O 09182026 1500 03
   10469  O 09182026 1500 04
   12853  O 09182026 1500 12
   12275  O 09182026 1500 08
   12368  O 09182026 1500 11
   12538  O 09182026 1500 03
   01405  O 09182026 1500 07
   12412  O 09182026 1500 12
   12146  O 09182026 1500 04
   11945  O 09182026 1500 11
   10100  O 09182026 1500 08
   12128  O 09182026 1500 12
   12543  O 09182026 1500 04
   10500  I 09182026 1500 02
   12810  O 09182026 1500 11
   12555  O 09182026 1500 04
   12903  O 09182026 1500 03
   12807  O 09182026 1500 12
   12417  O 09182026 1500 08
   12753  O 09182026 1500 11
   12067  O 09182026 1500 14
   11724  O 09182026 1500 03
   03001  O 09182026 1500 12
   10598  O 09182026 1500 07
   03080  O 09182026 1500 08
   12184  O 09182026 1500 11
   12392  O 09182026 1500 03
   11694  O 09182026 1500 07
   12096  I 09182026 1500 01
   12056  O 09182026 1500 08
   11848  O 09182026 1500 11
   12965  O 09182026 1500 04
   10605  O 09182026 1500 14
   10607  O 09182026 1500 03
   11169  O 09182026 1500 08
   03123  O 09182026 1500 11
   12812  O 09182026 1500 12
   12722  O 09182026 1500 07
   12723  O 09182026 1501 03
   12692  O 09182026 1501 04
   12764  O 09182026 1501 08
   12645  O 09182026 1501 12
   11496  O 09182026 1501 11
   11534  O 09182026 1501 08
   12097  I 09182026 1501 01
   12793  O 09182026 1501 03
   03029  O 09182026 1501 12
   03119  O 09182026 1501 11
   12951  O 09182026 1501 04
   10177  O 09182026 1501 07
   12066  O 09182026 1501 14
   12089  O 09182026 1501 11
   10697  O 09182026 1501 12
   12451  O 09182026 1501 03
   01492  O 09182026 1501 08
   12729  O 09182026 1501 11
   12667  O 09182026 1501 04
   12238  O 09182026 1501 12
   12678  O 09182026 1501 11
   10808  I 09182026 1501 06
   10145  O 09182026 1501 08
   12844  O 09182026 1501 03
   10609  O 09182026 1501 12
   12878  O 09182026 1501 03
   11776  O 09182026 1501 08
   12247  O 09182026 1501 11
   03077  O 09182026 1501 08
   11168  O 09182026 1501 12
   10678  O 09182026 1501 03
   12631  O 09182026 1501 11
   11537  O 09182026 1501 07
   11411  O 09182026 1501 04
   12545  I 09182026 1501 01
   12731  O 09182026 1501 07
   12093  O 09182026 1501 11
   10285  O 09182026 1501 08
   03032  I 09182026 1501 02
   12742  I 09182026 1501 01
   03136  O 09182026 1501 03
   10794  O 09182026 1501 07
   12831  O 09182026 1501 04
   12736  O 09182026 1501 12
   12760  O 09182026 1502 04
   12856  O 09182026 1502 03
   10046  I 09182026 1502 01
   12472  O 09182026 1502 14
   10083  O 09182026 1502 07
   12609  O 09182026 1502 08
   12350  O 09182026 1502 04
   12557  O 09182026 1502 07
   12948  O 09182026 1502 03
   12813  O 09182026 1502 08
   12761  O 09182026 1502 03
   10357  O 09182026 1502 07
   12791  O 09182026 1502 04
   12302  O 09182026 1502 08
   12944  O 09182026 1502 03
   12843  O 09182026 1502 04
   12887  O 09182026 1502 03
   12798  O 09182026 1502 04
   12930  O 09182026 1502 03
   10287  O 09182026 1502 11
   11495  O 09182026 1502 04
   01345  O 09182026 1502 07
   11687  O 09182026 1502 03
   12663  O 09182026 1502 11
   12147  O 09182026 1502 04
   12690  O 09182026 1502 08
   12138  O 09182026 1502 03
   12369  O 09182026 1502 12
   12072  O 09182026 1502 03
   12151  O 09182026 1502 04
   12499  O 09182026 1503 03
   10026  I 09182026 1503 01
   01341  O 09182026 1503 04
   12780  O 09182026 1503 11
   12762  O 09182026 1503 08
   10573  I 09182026 1503 02
   10608  I 09182026 1503 01
   10202  O 09182026 1503 07
   10705  I 09182026 1503 02
   11940  O 09182026 1503 07
   01302  O 09182026 1503 08
   03161  O 09182026 1503 03
   01231  O 09182026 1503 04
   12337  I 09182026 1503 01
   11937  O 09182026 1503 08
   12306  O 09182026 1503 07
   10456  O 09182026 1503 03
   10184  O 09182026 1503 04
   12861  I 09182026 1503 05
   12267  O 09182026 1503 12
   12947  O 09182026 1503 04
   12664  O 09182026 1503 07
   12230  O 09182026 1503 08
   12949  O 09182026 1504 03
   12142  O 09182026 1504 08
   12116  O 09182026 1504 07
   03173  O 09182026 1504 03
   12763  O 09182026 1504 03
   10726  I 09182026 1504 01
   10766  O 09182026 1504 07
   12530  O 09182026 1504 04
   10817  I 09182026 1505 02
   03085  O 09182026 1505 11
   12199  I 09182026 1506 02
   03159  O 09182026 1506 11
   10640  O 09182026 1506 04
   10245  O 09182026 1506 03
   12123  O 09182026 1506 11
   12623  I 09182026 1506 02
   10240  O 09182026 1507 07
   12611  O 09182026 1507 03
   12897  O 09182026 1507 03
   03168  O 09182026 1507 07
   01356  O 09182026 1507 03
   03078  O 09182026 1507 07
   12153  O 09182026 1507 03
   12370  O 09182026 1507 11
   10775  O 09182026 1507 08
   10046  O 09182026 1507 03
   03007  O 09182026 1508 11
   10847  O 09182026 1508 11
   10384  O 09182026 1508 03
   03124  O 09182026 1508 04
   10669  O 09182026 1510 04
   03058  O 09182026 1510 08
   01495  O 09182026 1510 12
   12221  O 09182026 1510 12
   10350  O 09182026 1510 12
   01510  O 09182026 1510 11
   11402  O 09182026 1511 12
   12371  O 09182026 1514 08
   01232  O 09182026 1514 11
   11355  O 09182026 1515 07
   10117  O 09182026 1517 07
   10786  O 09182026 1521 08
   12244  I 09182026 1522 02
   12647  O 09182026 1523 07
   11267  O 09182026 1523 12
   01449  O 09182026 1524 08
   01266  O 09182026 1525 08
   12334  O 09182026 1525 07
   12583  O 09182026 1526 12
   09823  O 09182026 1526 11
   01234  I 09182026 1527 02
   01234  O 09182026 1527 03
   11943  O 09182026 1529 07
   01456  O 09182026 1531 08
   03105  O 09182026 1533 11
   10841  O 09182026 1534 07
   01499  O 09182026 1536 04
   01374  O 09182026 1540 04
   12244  O 09182026 1542 03
   01504  O 09182026 1547 04
   10201  O 09182026 1600 11
   12669  O 09182026 1600 07
   01432  O 09182026 1601 04
   11166  O 09182026 1601 04
   10050  O 09182026 1601 04
   12374  O 09182026 1601 03
   12833  O 09182026 1603 12
   12488  O 09182026 1603 14
   12640  O 09182026 1603 08
   10407  O 09182026 1613 11
   12080  I 09182026 1632 06
   09704  I 09182026 1650 06
   12657  O 09182026 1700 03
   12222  O 09182026 1700 08
   10054  O 09182026 1700 04
   10706  O 09182026 1700 11
   12439  O 09182026 1700 04
   11519  O 09182026 1700 07
   12293  O 09182026 1700 07
   10047  O 09182026 1701 03
   10449  O 09182026 1701 08
   10611  O 09182026 1702 07
   12372  O 09182026 1702 03
   10425  O 09182026 1702 03
   03148  O 09182026 1703 03
   10796  O 09182026 1704 03
   12805  O 09182026 1705 07
   10712  O 09182026 1713 07
   10055  O 09182026 1715 14
   12717  O 09182026 1730 08
   11693  I 09182026 1747 05
   12260  I 09182026 1756 05
   12725  I 09182026 1758 01
   12208  I 09182026 1759 05
   12191  O 09182026 1800 03
   11493  O 09182026 1802 14
   12416  O 09182026 1802 07
   03151  O 09182026 1807 03
   03061  O 09182026 1810 12
   12594  I 09182026 1811 06
   12305  O 09182026 1811 08
   10334  O 09182026 1822 08
   10169  I 09182026 1822 01
   12701  I 09182026 1826 01
   10221  I 09182026 1828 02
   12873  I 09182026 1828 01
   12084  O 09182026 1830 03
   10576  I 09182026 1832 02
   12390  I 09182026 1834 01
   10234  I 09182026 1834 01
   01448  I 09182026 1836 02
   12074  I 09182026 1836 02
   12627  I 09182026 1839 05
   12467  I 09182026 1840 02
   12486  I 09182026 1841 05
   12501  I 09182026 1843 06
   11789  I 09182026 1849 06
   11221  I 09182026 1852 02
   12415  I 09182026 1855 06
   03088  I 09182026 1855 01
   12790  I 09182026 1857 01
   12248  I 09182026 1858 01
   12828  I 09182026 1859 01
   10809  O 09182026 1900 03
   11784  O 09182026 1900 14
   10830  O 09182026 1900 04
   12632  O 09182026 1900 07
   12462  O 09182026 1900 08
   12376  O 09182026 1900 12
   12359  O 09182026 1900 03
   12756  O 09182026 1900 11
   11692  O 09182026 1900 04
   12461  O 09182026 1900 08
   12693  O 09182026 1900 03
   12961  O 09182026 1900 12
   12234  O 09182026 1900 04
   12637  O 09182026 1900 11
   12758  O 09182026 1900 03
   12140  O 09182026 1900 11
   01452  O 09182026 1900 04
   12356  O 09182026 1900 03
   12375  I 09182026 1900 01
   12497  O 09182026 1900 04
   10588  O 09182026 1900 12
   10736  O 09182026 1900 03
   12846  O 09182026 1900 12
   10232  O 09182026 1901 03
   01369  O 09182026 1901 04
   11942  O 09182026 1901 08
   12164  O 09182026 1901 03
   12829  O 09182026 1901 03
   12945  O 09182026 1901 12
   12694  O 09182026 1901 07
   12187  O 09182026 1901 11
   12141  O 09182026 1901 12
   12825  O 09182026 1902 03
   12383  O 09182026 1902 03
   11690  O 09182026 1902 08
   12317  O 09182026 1902 04
   11408  O 09182026 1902 03
   03101  O 09182026 1902 04
   12341  O 09182026 1902 11
   12291  O 09182026 1903 03
   12624  O 09182026 1903 03
   12737  O 09182026 1904 12
   12500  I 09182026 1904 02
   12578  O 09182026 1904 12
   10827  O 09182026 1904 04
   12614  O 09182026 1904 04
   12877  O 09182026 1905 03
   10759  O 09182026 1905 08
   10466  O 09182026 1905 11
   12373  O 09182026 1905 03
   11522  O 09182026 1914 04
   11863  O 09182026 1929 12
   12457  I 09182026 2035 05
   03068  I 09182026 2044 05
   10787  I 09182026 2047 06
   03062  I 09182026 2102 05
   01425  O 09182026 2107 12
   03172  I 09182026 2114 05
   10046  I 09182026 2118 01
   12256  I 09182026 2122 05
   03182  I 09182026 2126 05
   10849  I 09182026 2126 01
   12673  I 09182026 2136 05
   01402  I 09182026 2145 05
   12249  I 09182026 2148 05
   10127  I 09182026 2148 06
   03039  I 09182026 2150 05
   01468  I 09182026 2151 05
   03135  I 09182026 2152 01
   12710  I 09182026 2153 05
   11607  I 09182026 2156 06
   01306  I 09182026 2156 02
   11167  I 09182026 2159 01
   10021  I 09182026 2159 05
   03167  I 09182026 2159 05
   01335  I 09182026 2200 05
   12688  I 09182026 2201 06
   12824  I 09182026 2202 02
   03179  I 09182026 2204 05
   12148  I 09182026 2205 01
   10795  I 09182026 2205 06
   12871  I 09182026 2207 06
   01319  I 09182026 2207 05
   12808  I 09182026 2208 05
   01459  I 09182026 2208 05
   03035  I 09182026 2209 05
   12854  I 09182026 2210 06
   12531  I 09182026 2212 06
   12800  I 09182026 2213 02
   12651  I 09182026 2214 06
   12615  I 09182026 2215 05
   10831  I 09182026 2215 05
   12088  I 09182026 2217 06
   12496  I 09182026 2217 06
   12920  I 09182026 2217 01
   12927  I 09182026 2217 02
   12568  I 09182026 2218 06
   12224  I 09182026 2218 05
   12967  I 09182026 2218 06
   11223  I 09182026 2218 06
   12786  I 09182026 2218 01
   12847  I 09182026 2219 06
   11935  O 09182026 2219 07
   12674  I 09182026 2219 06
   11935  I 09182026 2219 05
   12149  I 09182026 2219 05
   12888  I 09182026 2220 06
   12732  I 09182026 2220 06
   12620  I 09182026 2221 05
   11933  I 09182026 2221 01
   12802  I 09182026 2221 02
   12185  I 09182026 2222 01
   11400  I 09182026 2222 05
   10264  I 09182026 2223 06
   10333  I 09182026 2223 05
   10306  I 09182026 2224 02
   12094  I 09182026 2224 05
   03018  I 09182026 2224 05
   12055  I 09182026 2225 02
   12246  I 09182026 2225 01
   12241  I 09182026 2226 02
   11768  I 09182026 2227 06
   11688  I 09182026 2228 05
   12558  I 09182026 2228 06
   12081  I 09182026 2228 05
   12576  I 09182026 2229 06
   01433  I 09182026 2229 06
   12397  I 09182026 2230 02
   10606  I 09182026 2230 01
   12110  I 09182026 2231 01
   10839  I 09182026 2231 06
   12396  I 09182026 2231 02
   03176  I 09182026 2232 05
   12845  I 09182026 2233 06
   12957  I 09182026 2233 02
   10231  I 09182026 2233 01
   11404  I 09182026 2233 06
   12718  I 09182026 2233 01
   12814  I 09182026 2233 02
   12115  I 09182026 2234 02
   12058  I 09182026 2234 01
   12440  I 09182026 2234 05
   10144  I 09182026 2234 06
   10091  I 09182026 2234 05
   10291  I 09182026 2234 06
   12259  I 09182026 2235 05
   10698  I 09182026 2236 05
   11248  I 09182026 2237 06
   12826  I 09182026 2237 01
   12672  I 09182026 2238 01
   12409  I 09182026 2238 06
   10843  I 09182026 2238 05
   10825  I 09182026 2238 06
   10658  I 09182026 2239 06
   12343  I 09182026 2239 06
   10765  I 09182026 2239 06
   12754  I 09182026 2239 05
   12473  I 09182026 2240 05
   01422  I 09182026 2240 05
   01477  I 09182026 2241 05
   10386  I 09182026 2242 02
   11719  I 09182026 2242 02
   12946  I 09182026 2244 06
   12804  I 09182026 2244 01
   11774  I 09182026 2245 02
   12057  I 09182026 2245 02
   12740  I 09182026 2245 02
   11777  I 09182026 2245 05
   10176  I 09182026 2245 05
   12064  I 09182026 2245 02
   12661  I 09182026 2245 05
   03030  I 09182026 2246 02
   12269  I 09182026 2246 05
   03108  I 09182026 2246 09
   10222  I 09182026 2247 06
   11726  I 09182026 2247 01
   10811  I 09182026 2247 05
   12700  I 09182026 2247 05
   12799  I 09182026 2247 02
   10385  I 09182026 2247 05
   12289  I 09182026 2247 06
   03010  I 09182026 2248 05
   11398  I 09182026 2248 06
   12059  I 09182026 2248 01
   09833  I 09182026 2248 05
   12943  I 09182026 2248 01
   03026  I 09182026 2249 01
   01357  I 09182026 2249 05
   03059  I 09182026 2249 06
   10086  I 09182026 2249 05
   12130  I 09182026 2249 02
   10522  I 09182026 2249 06
   10788  I 09182026 2249 06
   12862  I 09182026 2249 02
   09676  I 09182026 2249 02
   12540  I 09182026 2249 05
   11222  I 09182026 2250 02
   12622  I 09182026 2250 01
   10071  I 09182026 2251 06
   12689  I 09182026 2251 05
   01479  I 09182026 2251 06
   12339  I 09182026 2252 05
   01276  I 09182026 2252 01
   12886  I 09182026 2252 01
   12815  I 09182026 2252 05
   12098  I 09182026 2252 02
   12556  I 09182026 2252 01
   01511  I 09182026 2252 02
   12630  I 09182026 2253 02
   03126  I 09182026 2253 01
   12601  I 09182026 2253 02
   12546  I 09182026 2253 06
   11946  I 09182026 2255 05
   10094  I 09182026 2255 02
   12852  I 09182026 2255 01
   11779  I 09182026 2256 05
   12456  I 09182026 2256 01
   01471  I 09182026 2256 05
   12738  I 09182026 2256 02
   12021  I 09182026 2256 02
   12325  I 09182026 2257 01
   12687  I 09182026 2257 06
   12133  I 09182026 2257 01
   01379  I 09182026 2257 02
   10133  I 09182026 2258 09
   12357  I 09182026 2258 02
   10505  I 09182026 2258 01
   12652  I 09182026 2258 06
   01512  I 09182026 2259 01
   10589  I 09182026 2259 06
   12471  I 09182026 2259 02
   11498  O 09182026 2300 11
   10243  O 09182026 2300 03
   12628  O 09182026 2300 08
   10574  O 09182026 2300 12
   10318  O 09182026 2300 04
   12716  O 09182026 2300 07
   11494  O 09182026 2300 11
   12049  O 09182026 2300 14
   11650  O 09182026 2300 03
   10309  O 09182026 2300 12
   12474  O 09182026 2300 11
   01351  O 09182026 2300 07
   12668  O 09182026 2300 03
   12858  O 09182026 2300 08
   12818  O 09182026 2300 04
   12192  O 09182026 2300 11
   01296  O 09182026 2300 14
   12720  O 09182026 2300 07
   10310  O 09182026 2300 12
   01355  O 09182026 2300 03
   10700  O 09182026 2300 08
   12832  O 09182026 2300 04
   12122  O 09182026 2300 07
   03104  O 09182026 2300 14
   11765  O 09182026 2300 12
   11780  O 09182026 2300 03
   12298  O 09182026 2300 11
   10490  O 09182026 2300 07
   01470  O 09182026 2300 08
   12855  O 09182026 2300 04
   10200  O 09182026 2300 12
   03053  O 09182026 2300 07
   12823  O 09182026 2300 03
   10358  O 09182026 2300 11
   01344  O 09182026 2300 08
   12460  O 09182026 2300 04
   12650  O 09182026 2300 12
   03037  O 09182026 2300 07
   03017  O 09182026 2300 11
   12759  O 09182026 2300 04
   12841  O 09182026 2300 03
   12610  O 09182026 2300 12
   12820  O 09182026 2300 14
   12237  O 09182026 2300 08
   12598  O 09182026 2300 12
   12433  O 09182026 2300 04
   12266  O 09182026 2300 03
   10642  O 09182026 2300 07
   12204  O 09182026 2300 03
   03027  O 09182026 2300 11
   12724  O 09182026 2300 04
   11772  O 09182026 2300 07
   12090  O 09182026 2301 08
   12085  O 09182026 2301 03
   12255  O 09182026 2301 12
   10224  O 09182026 2301 07
   12236  O 09182026 2301 08
   12076  O 09182026 2301 04
   12629  O 09182026 2301 12
   12755  O 09182026 2301 03
   12342  O 09182026 2301 11
   03112  O 09182026 2301 07
   12642  O 09182026 2301 12
   10641  O 09182026 2301 08
   11605  O 09182026 2301 11
   12849  O 09182026 2301 07
   12682  O 09182026 2301 12
   10726  O 09182026 2301 03
   12743  O 09182026 2301 07
   12485  O 09182026 2301 12
   11392  I 09182026 2301 06
   03122  O 09182026 2301 12
   12096  O 09182026 2301 04
   12476  O 09182026 2301 03
   10604  O 09182026 2301 03
   10405  O 09182026 2301 11
   12869  O 09182026 2301 12
   12639  O 09182026 2301 12
   11538  O 09182026 2301 07
   12545  O 09182026 2301 03
   12726  O 09182026 2301 11
   10146  O 09182026 2301 08
   10500  O 09182026 2301 07
   12757  O 09182026 2301 08
   10523  O 09182026 2301 03
   12186  O 09182026 2301 07
   12742  O 09182026 2301 03
   12653  O 09182026 2302 12
   12735  O 09182026 2302 08
   10573  O 09182026 2302 03
   12020  O 09182026 2302 08
   12355  O 09182026 2302 03
   10675  O 09182026 2302 03
   12872  O 09182026 2302 04
   10780  O 09182026 2302 12
   12898  O 09182026 2302 03
   12413  O 09182026 2302 07
   12922  O 09182026 2302 04
   12840  O 09182026 2302 11
   12785  O 09182026 2302 04
   12575  O 09182026 2302 08
   03032  O 09182026 2302 07
   12741  O 09182026 2302 03
   12928  O 09182026 2302 04
   12113  O 09182026 2302 11
   11787  O 09182026 2302 07
   12819  O 09182026 2302 08
   12822  O 09182026 2302 03
   12863  O 09182026 2302 04
   01325  O 09182026 2302 08
   12792  O 09182026 2302 03
   12963  O 09182026 2302 04
   12889  O 09182026 2302 04
   10467  O 09182026 2303 03
   10673  O 09182026 2303 07
   10261  O 09182026 2303 12
   12816  O 09182026 2303 04
   12924  O 09182026 2303 03
   10785  O 09182026 2303 12
   12205  O 09182026 2303 04
   12929  O 09182026 2303 03
   01327  O 09182026 2303 12
   10724  I 09182026 2303 02
   12919  O 09182026 2303 03
   01312  O 09182026 2303 12
   12353  O 09182026 2303 08
   12677  O 09182026 2303 07
   12351  O 09182026 2303 04
   12827  O 09182026 2303 03
   10223  O 09182026 2303 08
   01436  O 09182026 2303 07
   12874  O 09182026 2303 04
   10817  O 09182026 2303 03
   12162  O 09182026 2303 04
   12861  O 09182026 2303 11
   12950  O 09182026 2303 03
   10140  O 09182026 2303 07
   12337  O 09182026 2303 03
   10808  O 09182026 2303 08
   01367  O 09182026 2303 07
   12131  O 09182026 2303 03
   12577  O 09182026 2304 12
   12329  I 09182026 2304 01
   11286  O 09182026 2304 03
   03120  O 09182026 2304 11
   12463  O 09182026 2304 12
   12809  O 09182026 2304 11
   12962  O 09182026 2304 03
   01483  O 09182026 2304 08
   12544  O 09182026 2304 11
   03153  O 09182026 2305 11
   10791  O 09182026 2305 08
   12623  O 09182026 2305 03
   12503  O 09182026 2305 07
   01446  O 09182026 2305 08
   10585  O 09182026 2305 04
   11926  O 09182026 2305 11
   12938  O 09182026 2305 11
   03098  O 09182026 2305 07
   12851  O 09182026 2305 12
   12206  O 09182026 2305 04
   03141  O 09182026 2305 12
   01317  O 09182026 2305 12
   12595  O 09182026 2306 11
   11388  I 09182026 2306 02
   12489  I 09182026 2307 02
   01428  O 09182026 2307 07
   12676  O 09182026 2307 11
   12665  O 09182026 2308 03
   10373  O 09182026 2309 11
   12112  O 09182026 2309 12
   10073  O 09182026 2311 12
   01382  O 09182026 2312 08
   11390  O 09182026 2312 08
   12199  O 09182026 2312 03
   11250  O 09182026 2313 12
   11387  O 09182026 2314 07
   01373  O 09182026 2315 08
   10705  O 09182026 2316 07
   10026  O 09182026 2316 07
   03152  O 09182026 2317 04
   01413  O 09182026 2325 12
   12890  I 09182026 2332 05
   10663  O 09182026 2345 08
   03103  O 09182026 2346 04
   12183  I 09182026 2349 06
