   01454  I 09242026 0458 01
   12496  O 09242026 0500 07
   10642  I 09242026 0514 05
   10809  I 09242026 0523 05
   09823  I 09242026 0524 06
   11690  I 09242026 0534 05
   12678  I 09242026 0538 06
   03062  I 09242026 0541 05
   03007  I 09242026 0553 06
   12673  I 09242026 0553 05
   03148  I 09242026 0556 02
   01355  I 09242026 0558 05
   12919  I 09242026 0558 01
   12532  I 09242026 0559 05
   10127  I 09242026 0601 06
   01231  I 09242026 0603 05
   01413  I 09242026 0604 06
   11848  I 09242026 0605 06
   01339  I 09242026 0605 06
   12824  I 09242026 0607 02
   12632  I 09242026 0608 05
   01423  I 09242026 0608 02
   11605  I 09242026 0611 05
   12759  I 09242026 0611 01
   12823  I 09242026 0612 02
   10021  I 09242026 0612 05
   12928  I 09242026 0612 01
   11250  I 09242026 0612 06
   11267  I 09242026 0613 01
   10224  I 09242026 0614 05
   12924  I 09242026 0614 01
   12903  I 09242026 0616 01
   01428  I 09242026 0616 05
   12810  I 09242026 0617 06
   11538  I 09242026 0617 05
   12889  I 09242026 0618 05
   12963  I 09242026 0618 01
   12898  I 09242026 0618 02
   12962  I 09242026 0618 01
   12669  I 09242026 0618 06
   12461  I 09242026 0619 05
   12950  I 09242026 0619 02
   12291  I 09242026 0619 01
   03053  I 09242026 0619 05
   10736  I 09242026 0620 01
   12545  I 09242026 0620 02
   12668  I 09242026 0620 01
   10306  I 09242026 0620 02
   10140  I 09242026 0620 05
   12595  I 09242026 0621 06
   12812  I 09242026 0621 05
   12809  I 09242026 0622 05
   11493  I 09242026 0623 05
   12397  I 09242026 0625 02
   12872  I 09242026 0625 01
   12957  I 09242026 0625 02
   10766  I 09242026 0626 06
   12840  I 09242026 0626 06
   12205  I 09242026 0627 02
   12863  I 09242026 0627 01
   11928  I 09242026 0627 05
   12612  I 09242026 0627 06
   12222  I 09242026 0627 06
   10199  I 09242026 0628 05
   12692  I 09242026 0628 05
   12693  I 09242026 0628 06
   12821  I 09242026 0628 05
   10847  I 09242026 0629 05
   12653  I 09242026 0629 05
   03078  I 09242026 0630 06
   11776  I 09242026 0630 06
   10309  I 09242026 0630 06
   12833  I 09242026 0631 06
   12156  O 09242026 0631 07
   10641  I 09242026 0631 06
   12650  I 09242026 0631 05
   12156  I 09242026 0631 06
   10576  I 09242026 0631 02
   12718  I 09242026 0632 01
   12476  I 09242026 0632 02
   10425  I 09242026 0632 01
   12066  I 09242026 0632 06
   01504  I 09242026 0632 02
   10726  I 09242026 0632 06
   12945  I 09242026 0633 06
   12869  I 09242026 0633 05
   12938  I 09242026 0633 06
   01266  I 09242026 0633 05
   11390  I 09242026 0633 06
   03037  I 09242026 0634 06
   12128  I 09242026 0634 06
   10754  I 09242026 0634 06
   10240  I 09242026 0634 05
   01302  I 09242026 0634 06
   12255  I 09242026 0634 05
   11940  I 09242026 0634 06
   10054  I 09242026 0634 01
   12236  I 09242026 0634 06
   11498  I 09242026 0634 05
   03061  I 09242026 0635 05
   01495  I 09242026 0635 05
   03027  I 09242026 0637 05
   12855  I 09242026 0637 01
   12142  I 09242026 0638 06
   03152  I 09242026 0638 02
   03153  I 09242026 0638 06
   12804  I 09242026 0638 01
   12758  I 09242026 0639 01
   12317  I 09242026 0639 02
   10827  I 09242026 0639 01
   12350  I 09242026 0639 01
   12700  I 09242026 0639 02
   01317  I 09242026 0639 02
   10357  I 09242026 0639 01
   03168  I 09242026 0640 06
   03058  I 09242026 0640 06
   12639  I 09242026 0640 06
   10219  I 09242026 0640 05
   12355  I 09242026 0640 02
   12943  I 09242026 0640 01
   10523  I 09242026 0640 06
   10243  I 09242026 0641 02
   12081  I 09242026 0641 05
   10318  I 09242026 0641 01
   10791  I 09242026 0641 02
   12351  I 09242026 0641 02
   03151  I 09242026 0641 01
   10673  I 09242026 0641 06
   10200  I 09242026 0641 05
   12084  I 09242026 0642 02
   12191  I 09242026 0642 01
   12293  I 09242026 0643 05
   11863  I 09242026 0643 06
   03103  I 09242026 0643 02
   01356  I 09242026 0643 01
   12208  I 09242026 0643 05
   10759  I 09242026 0643 06
   12699  O 09242026 0643 03
   12699  I 09242026 0643 02
   12485  I 09242026 0643 05
   11724  I 09242026 0643 01
   11942  I 09242026 0643 06
   10678  I 09242026 0644 02
   10135  I 09242026 0644 05
   10026  I 09242026 0645 06
   11879  I 09242026 0645 06
   12299  I 09242026 0645 05
   12716  I 09242026 0645 06
   12894  I 09242026 0645 05
   12731  I 09242026 0645 06
   11387  I 09242026 0645 06
   10223  I 09242026 0645 05
   12642  I 09242026 0645 06
   11726  I 09242026 0646 01
   10449  I 09242026 0646 05
   03120  I 09242026 0646 06
   10607  I 09242026 0646 01
   10050  I 09242026 0646 02
   11166  I 09242026 0646 01
   10841  I 09242026 0646 05
   12439  I 09242026 0646 02
   12578  I 09242026 0647 02
   12082  I 09242026 0647 06
   10144  I 09242026 0647 05
   12090  I 09242026 0647 06
   03017  I 09242026 0647 01
   12374  I 09242026 0647 02
   12376  I 09242026 0647 01
   12807  I 09242026 0648 05
   01374  I 09242026 0648 02
   01373  I 09242026 0648 05
   10796  I 09242026 0648 02
   10609  I 09242026 0648 05
   12184  I 09242026 0648 01
   12575  I 09242026 0649 06
   12598  I 09242026 0649 06
   10588  I 09242026 0649 05
   12858  I 09242026 0649 05
   12206  I 09242026 0649 02
   03104  I 09242026 0649 06
   10788  I 09242026 0650 05
   12433  I 09242026 0650 01
   01351  I 09242026 0650 06
   12353  I 09242026 0650 05
   10728  I 09242026 0650 06
   12792  I 09242026 0650 01
   11767  I 09242026 0650 05
   12961  I 09242026 0650 02
   10775  I 09242026 0650 06
   12305  I 09242026 0650 05
   12359  I 09242026 0650 06
   12244  I 09242026 0650 02
   12682  I 09242026 0650 05
   10574  I 09242026 0650 05
   12610  I 09242026 0651 06
   11221  I 09242026 0651 01
   12486  I 09242026 0651 06
   10232  I 09242026 0651 02
   12298  I 09242026 0652 02
   12798  I 09242026 0652 02
   10712  I 09242026 0652 06
   10675  I 09242026 0652 01
   12049  I 09242026 0652 05
   11765  I 09242026 0653 01
   12846  I 09242026 0653 02
   10383  I 09242026 0653 06
   12237  I 09242026 0653 05
   10500  I 09242026 0653 06
   12726  I 09242026 0653 05
   01415  I 09242026 0653 05
   10604  I 09242026 0653 01
   01345  I 09242026 0653 06
   12805  I 09242026 0653 05
   12926  I 09242026 0653 01
   10786  I 09242026 0653 06
   01471  I 09242026 0653 05
   12755  I 09242026 0653 02
   12451  I 09242026 0653 02
   01483  I 09242026 0654 02
   11494  I 09242026 0654 06
   11408  I 09242026 0654 02
   10705  I 09242026 0654 05
   01436  I 09242026 0654 06
   12670  I 09242026 0654 01
   11402  I 09242026 0654 05
   12614  I 09242026 0654 01
   11784  I 09242026 0654 02
   12816  I 09242026 0654 01
   11388  I 09242026 0655 05
   01446  I 09242026 0655 06
   10405  I 09242026 0655 05
   01470  I 09242026 0655 05
   10573  I 09242026 0655 02
   01232  I 09242026 0655 06
   03122  I 09242026 0655 05
   12764  I 09242026 0655 06
   10611  I 09242026 0655 09
   12217  I 09242026 0655 01
   12553  I 09242026 0655 05
   12187  I 09242026 0655 06
   12349  I 09242026 0655 01
   12085  I 09242026 0656 02
   12827  I 09242026 0656 01
   12538  I 09242026 0656 01
   12474  I 09242026 0656 05
   12339  I 09242026 0656 06
   12368  I 09242026 0656 06
   12720  I 09242026 0656 05
   11937  I 09242026 0656 06
   11534  I 09242026 0656 02
   12530  I 09242026 0656 01
   10785  I 09242026 0656 06
   12577  I 09242026 0656 01
   12737  I 09242026 0657 01
   12667  I 09242026 0657 01
   12819  I 09242026 0657 01
   12742  I 09242026 0657 02
   10334  I 09242026 0658 02
   11496  I 09242026 0658 05
   11519  I 09242026 0658 06
   10522  I 09242026 0658 06
   11780  I 09242026 0658 02
   10145  I 09242026 0658 01
   10350  I 09242026 0659 02
   11772  I 09242026 0659 06
   12503  I 09242026 0659 06
   12502  O 09242026 0700 08
   10706  O 09242026 0700 07
   10720  O 09242026 0700 11
   12539  O 09242026 0700 12
   12647  O 09242026 0700 03
   11355  I 09242026 0700 01
   12080  O 09242026 0700 08
   12501  O 09242026 0700 07
   10116  O 09242026 0700 11
   12637  O 09242026 0700 12
   01330  O 09242026 0700 04
   12672  O 09242026 0700 03
   12254  O 09242026 0700 11
   10825  O 09242026 0700 08
   11694  O 09242026 0700 07
   10133  O 09242026 0700 12
   12556  O 09242026 0700 03
   12645  O 09242026 0700 11
   10469  O 09242026 0700 04
   12664  O 09242026 0700 07
   12631  O 09242026 0700 12
   11693  O 09242026 0700 08
   12089  O 09242026 0700 11
   12629  I 09242026 0700 01
   12576  O 09242026 0700 04
   03170  O 09242026 0700 03
   12729  O 09242026 0700 11
   12625  O 09242026 0700 07
   11169  O 09242026 0700 08
   10369  O 09242026 0700 12
   01405  O 09242026 0700 03
   12146  O 09242026 0700 04
   11168  O 09242026 0700 12
   12067  O 09242026 0700 14
   12475  O 09242026 0700 08
   12676  O 09242026 0700 11
   12711  O 09242026 0700 07
   03080  O 09242026 0700 04
   12164  O 09242026 0700 03
   03047  O 09242026 0700 08
   12783  O 09242026 0700 12
   03123  O 09242026 0700 11
   12543  O 09242026 0700 07
   01487  O 09242026 0700 03
   12753  O 09242026 0700 12
   10047  O 09242026 0700 04
   12557  O 09242026 0700 07
   12412  O 09242026 0700 12
   12609  O 09242026 0700 08
   01475  O 09242026 0700 03
   12820  O 09242026 0700 14
   11650  O 09242026 0700 04
   11646  O 09242026 0700 11
   12644  O 09242026 0700 12
   12098  O 09242026 0700 07
   12813  O 09242026 0700 08
   12356  O 09242026 0700 03
   12383  O 09242026 0700 04
   12735  I 09242026 0700 05
   12723  O 09242026 0701 11
   12417  O 09242026 0701 08
   10285  O 09242026 0701 07
   12266  O 09242026 0701 03
   10146  I 09242026 0701 02
   12611  O 09242026 0701 04
   12189  O 09242026 0701 14
   10177  O 09242026 0701 08
   10221  O 09242026 0701 03
   12828  I 09242026 0701 01
   12185  O 09242026 0701 11
   10490  O 09242026 0701 07
   12698  O 09242026 0701 04
   10787  O 09242026 0701 07
   10017  O 09242026 0701 08
   11687  O 09242026 0701 03
   10808  I 09242026 0701 06
   12901  O 09242026 0701 12
   10581  O 09242026 0701 08
   12568  O 09242026 0701 12
   11652  O 09242026 0701 04
   03077  O 09242026 0701 08
   12853  O 09242026 0701 12
   10598  O 09242026 0701 07
   12122  I 09242026 0701 06
   10617  O 09242026 0701 07
   12467  O 09242026 0701 12
   12076  O 09242026 0701 03
   12056  O 09242026 0701 08
   12780  O 09242026 0701 11
   12712  O 09242026 0701 07
   10100  O 09242026 0701 08
   03119  O 09242026 0701 11
   12829  O 09242026 0701 03
   01296  O 09242026 0701 14
   12238  O 09242026 0701 11
   10466  I 09242026 0701 01
   12224  O 09242026 0701 12
   03032  I 09242026 0701 02
   12275  O 09242026 0701 07
   11943  I 09242026 0701 05
   12247  O 09242026 0701 11
   11522  I 09242026 0701 02
   12487  O 09242026 0701 12
   11935  O 09242026 0701 14
   03102  O 09242026 0701 08
   10697  O 09242026 0701 11
   12763  O 09242026 0701 04
   12248  O 09242026 0701 03
   12462  O 09242026 0702 12
   12878  O 09242026 0702 03
   12096  I 09242026 0702 01
   12710  O 09242026 0702 11
   11936  O 09242026 0702 08
   10605  O 09242026 0702 07
   10201  O 09242026 0702 03
   10830  O 09242026 0702 07
   01492  O 09242026 0702 08
   12116  O 09242026 0702 07
   12500  O 09242026 0702 03
   12192  O 09242026 0702 12
   03173  O 09242026 0702 03
   12123  O 09242026 0702 11
   12125  I 09242026 0702 01
   12458  O 09242026 0702 03
   03088  O 09242026 0702 04
   10083  O 09242026 0702 07
   12020  O 09242026 0702 08
   12337  I 09242026 0703 01
   12624  O 09242026 0703 03
   12679  O 09242026 0703 12
   12204  O 09242026 0703 04
   01327  O 09242026 0703 12
   10407  I 09242026 0703 02
   10055  I 09242026 0703 01
   11495  O 09242026 0703 04
   12230  I 09242026 0703 02
   12799  I 09242026 0703 01
   12354  O 09242026 0703 07
   10356  O 09242026 0703 08
   03161  O 09242026 0703 03
   12497  O 09242026 0703 04
   12582  O 09242026 0703 08
   11647  O 09242026 0703 07
   12690  O 09242026 0703 08
   12701  O 09242026 0703 03
   12097  I 09242026 0703 01
   12756  O 09242026 0704 12
   10669  O 09242026 0704 04
   12302  I 09242026 0704 01
   10148  O 09242026 0704 07
   12694  I 09242026 0704 02
   11411  O 09242026 0704 03
   12877  I 09242026 0704 02
   12727  O 09242026 0704 11
   10456  O 09242026 0704 03
   10184  O 09242026 0704 04
   11266  O 09242026 0704 11
   01448  O 09242026 0704 04
   12021  O 09242026 0704 11
   10658  O 09242026 0704 11
   10384  O 09242026 0704 07
   10264  O 09242026 0704 12
   10245  O 09242026 0704 03
   03136  O 09242026 0704 03
   12665  O 09242026 0705 03
   12472  O 09242026 0705 14
   10640  O 09242026 0705 03
   01295  O 09242026 0705 07
   10608  I 09242026 0705 01
   03105  I 09242026 0705 02
   12584  O 09242026 0705 12
   11537  O 09242026 0705 07
   10794  O 09242026 0705 08
   10117  O 09242026 0705 12
   10696  O 09242026 0705 08
   12640  I 09242026 0705 02
   12371  O 09242026 0705 07
   12555  O 09242026 0705 08
   12141  I 09242026 0706 02
   12093  I 09242026 0706 01
   12147  I 09242026 0706 02
   01341  O 09242026 0706 04
   03101  I 09242026 0706 02
   10817  I 09242026 0706 01
   03012  O 09242026 0706 07
   12717  I 09242026 0706 05
   12623  I 09242026 0706 02
   10378  O 09242026 0706 04
   12471  O 09242026 0707 07
   03159  O 09242026 0707 11
   12199  I 09242026 0707 01
   12818  I 09242026 0707 02
   11725  O 09242026 0707 03
   12135  O 09242026 0707 04
   12754  O 09242026 0707 07
   01452  O 09242026 0707 03
   12666  O 09242026 0707 04
   12499  O 09242026 0707 03
   12757  O 09242026 0708 11
   03085  O 09242026 0708 08
   03029  O 09242026 0709 12
   10310  O 09242026 0709 11
   03124  O 09242026 0709 08
   12140  O 09242026 0710 12
   12832  O 09242026 0710 04
   12951  O 09242026 0710 03
   01499  O 09242026 0710 07
   12887  O 09242026 0711 03
   12843  O 09242026 0711 04
   12944  O 09242026 0711 03
   12930  O 09242026 0711 04
   10663  O 09242026 0711 07
   12151  O 09242026 0712 03
   12662  O 09242026 0713 04
   12372  O 09242026 0713 03
   12897  O 09242026 0713 03
   12583  O 09242026 0714 12
   12791  O 09242026 0714 04
   12947  O 09242026 0714 03
   12760  O 09242026 0714 04
   12856  O 09242026 0714 03
   12762  O 09242026 0714 03
   12831  O 09242026 0714 03
   12761  O 09242026 0714 04
   12949  I 09242026 0714 02
   12949  O 09242026 0714 04
   12844  O 09242026 0714 03
   11400  O 09242026 0715 12
   12183  O 09242026 0715 14
   12373  O 09242026 0715 04
   12825  O 09242026 0715 03
   12948  O 09242026 0715 03
   01320  O 09242026 0715 12
   03001  O 09242026 0715 11
   01459  O 09242026 0716 12
   10287  O 09242026 0718 11
   01365  O 09242026 0718 08
   12569  O 09242026 0721 07
   12153  O 09242026 0721 03
   12072  O 09242026 0721 07
   12706  O 09242026 0722 11
   12561  O 09242026 0722 07
   01432  O 09242026 0723 04
   12721  O 09242026 0724 08
   01449  O 09242026 0724 08
   12488  O 09242026 0725 14
   01249  O 09242026 0726 12
   12793  O 09242026 0727 07
   01234  O 09242026 0730 03
   01456  O 09242026 0730 08
   12546  O 09242026 0736 12
   12188  O 09242026 0737 12
   12136  O 09242026 0750 03
   01512  O 09242026 0807 12
   12663  I 09242026 0850 06
   12725  I 09242026 0959 01
   12334  I 09242026 1039 05
   11692  I 09242026 1056 01
   03068  I 09242026 1231 05
   12088  I 09242026 1245 09
   12457  I 09242026 1245 05
   09704  I 09242026 1257 06
   03039  I 09242026 1314 05
   12688  I 09242026 1316 06
   03172  I 09242026 1319 05
   01402  I 09242026 1320 05
   12888  I 09242026 1323 06
   03177  I 09242026 1328 06
   10176  I 09242026 1329 05
   01468  I 09242026 1334 05
   01319  I 09242026 1334 02
   12256  I 09242026 1334 05
   10333  I 09242026 1335 05
   10849  I 09242026 1336 01
   03182  I 09242026 1339 06
   03176  I 09242026 1341 05
   11607  I 09242026 1344 06
   03135  I 09242026 1344 01
   12069  I 09242026 1345 06
   03179  I 09242026 1345 05
   12679  I 09242026 1346 05
   10843  I 09242026 1346 06
   12847  I 09242026 1347 06
   01306  I 09242026 1349 02
   01335  I 09242026 1351 05
   10795  I 09242026 1353 06
   12785  I 09242026 1356 01
   01357  I 09242026 1400 06
   12890  I 09242026 1400 05
   03018  I 09242026 1400 05
   12246  I 09242026 1401 06
   01422  I 09242026 1401 05
   10169  I 09242026 1401 02
   12396  I 09242026 1403 02
   03167  I 09242026 1406 05
   11935  I 09242026 1406 06
   03035  I 09242026 1406 05
   12808  I 09242026 1408 05
   12965  I 09242026 1408 01
   12927  I 09242026 1408 02
   11933  I 09242026 1408 01
   12267  I 09242026 1408 05
   12822  I 09242026 1409 01
   12845  I 09242026 1410 06
   12922  I 09242026 1411 01
   01344  I 09242026 1411 05
   11774  I 09242026 1411 02
   12724  I 09242026 1411 05
   12674  I 09242026 1414 06
   12920  I 09242026 1415 01
   12800  I 09242026 1415 02
   12711  I 09242026 1416 06
   03026  I 09242026 1417 01
   12967  I 09242026 1417 06
   11167  I 09242026 1419 01
   10831  I 09242026 1419 05
   12802  I 09242026 1420 02
   01333  I 09242026 1420 05
   12058  I 09242026 1420 01
   12149  I 09242026 1421 05
   10839  I 09242026 1421 06
   12786  I 09242026 1421 02
   12930  I 09242026 1421 06
   11777  I 09242026 1421 05
   10787  I 09242026 1422 06
   01417  I 09242026 1422 06
   12289  I 09242026 1424 06
   12473  I 09242026 1424 05
   11400  I 09242026 1426 05
   12241  I 09242026 1426 02
   12185  I 09242026 1426 01
   01511  I 09242026 1427 02
   12815  I 09242026 1428 05
   12558  I 09242026 1428 06
   12871  I 09242026 1428 06
   12094  I 09242026 1429 05
   12390  I 09242026 1429 02
   01276  I 09242026 1430 01
   12531  I 09242026 1430 06
   12234  I 09242026 1431 01
   12074  I 09242026 1431 02
   10231  I 09242026 1432 01
   01433  I 09242026 1432 06
   10091  I 09242026 1432 05
   12651  I 09242026 1432 06
   01448  I 09242026 1433 02
   12540  I 09242026 1433 05
   11223  I 09242026 1433 06
   12110  I 09242026 1436 01
   12873  I 09242026 1436 01
   12057  I 09242026 1436 01
   10234  I 09242026 1436 02
   12055  I 09242026 1437 01
   12130  I 09242026 1437 02
   12440  I 09242026 1437 05
   10589  I 09242026 1437 05
   10291  I 09242026 1437 06
   10606  I 09242026 1438 01
   11398  I 09242026 1438 06
   10698  I 09242026 1438 05
   10386  I 09242026 1438 01
   12615  I 09242026 1438 05
   11248  I 09242026 1439 06
   12622  I 09242026 1439 01
   11222  I 09242026 1439 02
   11688  I 09242026 1439 05
   12814  I 09242026 1439 02
   11404  I 09242026 1439 06
   12710  I 09242026 1440 05
   03059  I 09242026 1440 05
   10071  I 09242026 1441 05
   12472  I 09242026 1441 06
   12743  I 09242026 1441 05
   12343  I 09242026 1441 06
   03108  I 09242026 1441 05
   12736  I 09242026 1443 05
   09676  I 09242026 1443 02
   12568  I 09242026 1444 06
   12661  I 09242026 1444 05
   09833  I 09242026 1444 05
   10811  I 09242026 1444 06
   10612  I 09242026 1444 06
   10385  I 09242026 1444 05
   03112  I 09242026 1445 06
   10700  I 09242026 1445 06
   12409  I 09242026 1445 06
   12946  I 09242026 1445 06
   11926  I 09242026 1446 05
   10222  I 09242026 1446 05
   10086  I 09242026 1446 05
   12852  I 09242026 1447 06
   01510  I 09242026 1447 02
   10046  I 09242026 1447 01
   12183  I 09242026 1447 06
   12064  I 09242026 1447 02
   12369  I 09242026 1448 02
   03030  I 09242026 1448 02
   10765  I 09242026 1448 05
   12790  I 09242026 1449 01
   12689  I 09242026 1449 06
   11779  I 09242026 1449 02
   01477  I 09242026 1449 06
   12325  I 09242026 1449 01
   03126  I 09242026 1450 06
   12601  I 09242026 1450 02
   12730  I 09242026 1450 05
   10094  I 09242026 1450 01
   12841  I 09242026 1450 01
   01382  I 09242026 1450 05
   12854  I 09242026 1450 06
   12456  I 09242026 1451 01
   01379  I 09242026 1451 01
   12259  I 09242026 1451 06
   12862  I 09242026 1452 01
   12415  I 09242026 1452 06
   12630  I 09242026 1453 02
   12059  I 09242026 1454 02
   12652  I 09242026 1454 02
   11946  I 09242026 1454 05
   12471  I 09242026 1455 02
   01327  I 09242026 1455 01
   12594  I 09242026 1454 06
   12738  I 09242026 1455 01
   11789  I 09242026 1455 06
   03010  I 09242026 1455 05
   12740  I 09242026 1455 02
   10505  I 09242026 1456 02
   12357  I 09242026 1458 02
   12620  I 09242026 1459 05
   12133  I 09242026 1459 01
   12669  O 09242026 1500 07
   12807  O 09242026 1500 12
   10809  O 09242026 1500 03
   11765  O 09242026 1500 11
   03053  O 09242026 1500 08
   03122  O 09242026 1500 12
   01470  O 09242026 1500 08
   10243  O 09242026 1500 04
   12720  O 09242026 1500 07
   12668  O 09242026 1500 03
   12731  O 09242026 1500 11
   12298  O 09242026 1500 14
   10200  O 09242026 1500 12
   10318  O 09242026 1500 04
   12694  O 09242026 1500 03
   12858  O 09242026 1500 08
   10673  O 09242026 1500 07
   12049  O 09242026 1500 14
   12718  O 09242026 1500 03
   12359  O 09242026 1500 12
   12397  O 09242026 1500 04
   12759  O 09242026 1500 04
   12823  O 09242026 1500 03
   12461  O 09242026 1500 11
   12824  O 09242026 1500 03
   12872  O 09242026 1500 04
   10754  O 09242026 1500 14
   01454  O 09242026 1500 08
   12903  O 09242026 1500 03
   12812  O 09242026 1500 11
   11392  I 09242026 1500 02
   12963  O 09242026 1500 04
   12598  O 09242026 1500 12
   12612  O 09242026 1500 03
   12928  O 09242026 1500 04
   12610  O 09242026 1500 11
   12792  O 09242026 1501 04
   11605  O 09242026 1500 11
   12217  O 09242026 1501 04
   11780  O 09242026 1501 03
   01345  O 09242026 1501 07
   10405  O 09242026 1501 11
   10224  O 09242026 1501 08
   12863  O 09242026 1501 04
   10522  O 09242026 1501 07
   12898  O 09242026 1501 03
   12222  O 09242026 1501 12
   10788  O 09242026 1501 08
   12962  O 09242026 1501 03
   12090  O 09242026 1501 07
   12950  O 09242026 1501 03
   11538  O 09242026 1501 08
   12293  O 09242026 1501 12
   12758  O 09242026 1501 03
   12353  O 09242026 1501 07
   12886  I 09242026 1501 01
   12244  O 09242026 1501 04
   12236  O 09242026 1501 08
   12804  O 09242026 1501 03
   12809  O 09242026 1501 12
   10604  O 09242026 1501 03
   12553  O 09242026 1501 12
   10791  O 09242026 1501 07
   12538  O 09242026 1501 04
   01351  O 09242026 1501 08
   01355  O 09242026 1501 03
   10728  O 09242026 1501 07
   12147  O 09242026 1501 04
   12485  O 09242026 1501 12
   10726  O 09242026 1501 03
   12096  O 09242026 1501 04
   10145  O 09242026 1501 08
   12142  O 09242026 1501 07
   11534  O 09242026 1501 08
   12629  O 09242026 1502 07
   12816  O 09242026 1502 03
   12667  O 09242026 1502 04
   12255  O 09242026 1502 08
   12503  O 09242026 1502 07
   03148  O 09242026 1502 03
   12764  O 09242026 1502 08
   11772  O 09242026 1502 07
   10306  O 09242026 1502 03
   12818  O 09242026 1502 04
   12085  O 09242026 1502 03
   01436  O 09242026 1502 07
   12237  O 09242026 1502 08
   12156  O 09242026 1502 04
   01428  O 09242026 1502 07
   10766  O 09242026 1502 08
   12678  O 09242026 1502 11
   11724  O 09242026 1502 03
   01231  O 09242026 1502 08
   03122  I 09242026 1502 05
   12337  O 09242026 1502 03
   10146  O 09242026 1502 08
   12798  O 09242026 1502 04
   03122  O 09242026 1502 07
   10523  O 09242026 1502 03
   10724  I 09242026 1502 01
   10641  O 09242026 1502 07
   03037  O 09242026 1502 08
   12122  O 09242026 1503 08
   12489  I 09242026 1503 02
   12632  O 09242026 1503 07
   01302  O 09242026 1503 08
   10573  O 09242026 1503 03
   10827  O 09242026 1503 04
   10607  O 09242026 1503 03
   12530  O 09242026 1503 04
   12961  O 09242026 1503 12
   12355  O 09242026 1503 03
   10609  O 09242026 1503 12
   11267  O 09242026 1503 11
   12642  O 09242026 1503 12
   10847  O 09242026 1503 11
   12650  O 09242026 1503 12
   10817  O 09242026 1504 03
   11250  O 09242026 1504 12
   11940  O 09242026 1504 07
   10240  O 09242026 1504 08
   12206  O 09242026 1504 04
   11408  O 09242026 1504 03
   12351  O 09242026 1504 08
   10144  O 09242026 1504 07
   03007  O 09242026 1504 11
   10223  O 09242026 1504 08
   03027  O 09242026 1504 07
   11390  O 09242026 1504 08
   11863  O 09242026 1504 12
   10808  O 09242026 1504 07
   01446  O 09242026 1504 08
   10675  O 09242026 1504 03
   03078  O 09242026 1504 07
   11776  O 09242026 1504 08
   12199  O 09242026 1505 04
   12128  O 09242026 1505 12
   12663  O 09242026 1505 11
   10785  O 09242026 1505 12
   11848  O 09242026 1505 12
   12577  O 09242026 1505 12
   10219  O 09242026 1505 08
   12846  O 09242026 1505 11
   10350  O 09242026 1505 12
   12575  O 09242026 1505 08
   03032  O 09242026 1505 07
   12329  I 09242026 1505 02
   10611  O 09242026 1505 12
   03153  O 09242026 1506 11
   03168  O 09242026 1506 07
   10775  O 09242026 1506 08
   12855  O 09242026 1506 03
   12673  O 09242026 1506 12
   12302  O 09242026 1507 07
   10357  O 09242026 1507 08
   03058  O 09242026 1507 07
   11402  O 09242026 1507 12
   01423  O 09242026 1507 11
   12082  O 09242026 1507 08
   12639  O 09242026 1507 12
   12368  O 09242026 1507 08
   10383  O 09242026 1508 11
   11726  O 09242026 1508 03
   12653  O 09242026 1509 12
   10407  O 09242026 1509 12
   01356  O 09242026 1509 03
   12476  O 09242026 1509 04
   12889  O 09242026 1509 03
   11879  O 09242026 1509 08
   12474  O 09242026 1509 07
   12827  O 09242026 1509 03
   12926  O 09242026 1509 04
   10759  O 09242026 1509 08
   12840  O 09242026 1509 07
   12374  O 09242026 1509 03
   12376  O 09242026 1510 04
   12716  O 09242026 1510 07
   01317  O 09242026 1510 12
   03120  O 09242026 1510 11
   10054  O 09242026 1510 04
   03017  O 09242026 1510 07
   10642  O 09242026 1511 07
   09823  O 09242026 1511 12
   10140  O 09242026 1511 07
   10425  O 09242026 1511 08
   11943  O 09242026 1512 07
   12205  O 09242026 1512 03
   11928  O 09242026 1512 08
   03061  O 09242026 1512 07
   12726  O 09242026 1512 11
   01504  O 09242026 1513 04
   01495  O 09242026 1513 12
   11388  O 09242026 1513 08
   12349  O 09242026 1513 03
   10678  O 09242026 1514 04
   01483  O 09242026 1514 08
   10050  O 09242026 1514 04
   11166  O 09242026 1515 04
   12614  O 09242026 1515 03
   12595  O 09242026 1515 12
   12623  O 09242026 1516 03
   10334  O 09242026 1516 08
   10705  O 09242026 1517 11
   11387  O 09242026 1519 07
   01373  O 09242026 1519 08
   10026  O 09242026 1519 07
   03152  O 09242026 1522 07
   03105  O 09242026 1523 03
   12924  O 09242026 1524 07
   10786  O 09242026 1524 08
   01266  O 09242026 1525 08
   11355  O 09242026 1529 08
   10135  O 09242026 1530 12
   12275  I 09242026 1538 05
   12919  O 09242026 1541 07
   01374  O 09242026 1545 04
   03103  O 09242026 1545 04
   12291  O 09242026 1547 03
   12230  O 09242026 1549 07
   12224  I 09242026 1550 05
   01413  O 09242026 1559 12
   12640  O 09242026 1602 08
   01415  O 09242026 1608 14
   03101  O 09242026 1612 03
   10608  O 09242026 1633 12
   12451  O 09242026 1700 03
   12439  O 09242026 1700 04
   12191  O 09242026 1700 03
   12735  O 09242026 1700 07
   11519  O 09242026 1701 07
   10841  O 09242026 1701 07
   10055  O 09242026 1706 14
   10449  O 09242026 1708 08
   12805  O 09242026 1708 07
   12305  O 09242026 1710 08
   10466  O 09242026 1713 12
   10712  O 09242026 1716 07
   11493  O 09242026 1733 14
   10796  O 09242026 1739 04
   12756  I 09242026 1757 06
   12833  O 09242026 1800 12
   03104  O 09242026 1800 14
   10199  O 09242026 1800 11
   12093  O 09242026 1801 11
   12737  O 09242026 1801 11
   12945  O 09242026 1802 12
   12187  O 09242026 1804 12
   12192  I 09242026 1806 05
   12624  I 09242026 1815 01
   12583  I 09242026 1818 06
   12783  I 09242026 1822 05
   03123  I 09242026 1822 06
   01459  I 09242026 1824 05
   11693  I 09242026 1830 05
   10083  I 09242026 1831 06
   12780  I 09242026 1832 06
   12502  I 09242026 1833 06
   12701  I 09242026 1835 01
   12754  I 09242026 1836 05
   12569  I 09242026 1837 05
   01452  I 09242026 1843 02
   12732  I 09242026 1844 06
   12672  I 09242026 1846 01
   11495  I 09242026 1846 02
   12501  I 09242026 1846 06
   12254  I 09242026 1848 06
   12829  I 09242026 1848 02
   12164  I 09242026 1851 02
   12356  I 09242026 1853 02
   12500  I 09242026 1855 06
   12692  O 09242026 1900 03
   11494  O 09242026 1900 07
   12828  O 09242026 1900 04
   12208  O 09242026 1900 12
   12693  O 09242026 1900 03
   10309  O 09242026 1900 12
   12717  O 09242026 1900 08
   12317  O 09242026 1900 03
   12938  O 09242026 1900 11
   11221  O 09242026 1900 03
   11784  O 09242026 1900 08
   10232  O 09242026 1900 03
   10588  O 09242026 1900 12
   12125  O 09242026 1900 07
   12486  O 09242026 1901 11
   03088  I 09242026 1901 01
   12869  O 09242026 1901 12
   12877  O 09242026 1901 03
   03151  O 09242026 1901 04
   01339  O 09242026 1902 07
   03062  O 09242026 1902 08
   12350  O 09242026 1902 03
   12742  O 09242026 1902 03
   12084  O 09242026 1902 03
   11690  O 09242026 1902 08
   12066  O 09242026 1903 07
   12578  O 09242026 1903 08
   10576  O 09242026 1903 03
   12755  O 09242026 1903 03
   12700  O 09242026 1903 03
   12799  O 09242026 1904 04
   11942  O 09242026 1904 07
   12682  O 09242026 1904 12
   12545  O 09242026 1905 03
   12532  O 09242026 1910 12
   10574  O 09242026 1910 12
   12810  O 09242026 1910 11
   10047  I 09242026 2046 06
   01234  I 09242026 2047 01
   11522  O 09242026 2109 04
   12089  I 09242026 2110 05
   11646  I 09242026 2112 06
   12497  I 09242026 2116 01
   12392  I 09242026 2141 05
   12266  I 09242026 2142 02
   01320  I 09242026 2145 06
   01425  I 09242026 2150 06
   12458  I 09242026 2151 02
   12475  I 09242026 2153 06
   11169  I 09242026 2154 05
   12136  I 09242026 2158 01
   10201  I 09242026 2158 05
   12645  I 09242026 2159 05
   10184  I 09242026 2200 06
   12760  I 09242026 2204 01
   12753  I 09242026 2204 01
   11647  I 09242026 2204 05
   10221  I 09242026 2204 02
   12056  I 09242026 2204 01
   03029  I 09242026 2205 06
   10310  I 09242026 2205 06
   12844  I 09242026 2205 02
   12825  I 09242026 2206 02
   12664  I 09242026 2206 06
   12791  I 09242026 2206 01
   10720  I 09242026 2208 06
   10706  I 09242026 2209 05
   12831  I 09242026 2209 01
   12148  I 09242026 2210 01
   12080  I 09242026 2211 06
   03170  I 09242026 2211 01
   12951  I 09242026 2212 01
   12856  I 09242026 2214 01
   01487  I 09242026 2214 02
   12467  I 09242026 2215 02
   12897  I 09242026 2216 05
   12140  I 09242026 2217 06
   12072  I 09242026 2218 06
   12948  I 09242026 2218 01
   12712  I 09242026 2218 05
   11168  I 09242026 2220 06
   12496  I 09242026 2220 06
   12793  I 09242026 2220 01
   12949  I 09242026 2221 02
   10100  I 09242026 2221 06
   12135  I 09242026 2221 01
   10177  I 09242026 2221 05
   12499  I 09242026 2222 02
   11266  I 09242026 2222 05
   01449  I 09242026 2222 05
   10456  I 09242026 2222 06
   12887  I 09242026 2223 01
   12723  I 09242026 2223 02
   03047  I 09242026 2223 05
   12576  I 09242026 2223 06
   01475  I 09242026 2223 01
   10287  I 09242026 2224 06
   10117  I 09242026 2224 05
   12757  I 09242026 2225 06
   12555  I 09242026 2226 05
   10264  I 09242026 2226 06
   12813  I 09242026 2227 06
   10697  I 09242026 2227 05
   12247  I 09242026 2227 05
   01295  I 09242026 2227 02
   03001  I 09242026 2227 05
   12637  I 09242026 2228 06
   01432  I 09242026 2228 05
   10605  I 09242026 2228 05
   11936  I 09242026 2228 06
   01330  I 09242026 2229 06
   12146  I 09242026 2230 05
   12115  I 09242026 2230 01
   10830  I 09242026 2230 01
   03012  I 09242026 2231 06
   12676  I 09242026 2231 06
   12690  I 09242026 2232 06
   10116  I 09242026 2232 05
   12763  I 09242026 2233 01
   10658  I 09242026 2233 05
   12631  I 09242026 2233 06
   10369  I 09242026 2233 06
   12644  I 09242026 2234 06
   12354  I 09242026 2235 05
   10356  I 09242026 2235 05
   03119  I 09242026 2235 06
   12116  I 09242026 2235 06
   12843  I 09242026 2235 02
   10581  I 09242026 2236 05
   10617  I 09242026 2236 05
   10017  I 09242026 2236 06
   01249  I 09242026 2237 05
   12238  I 09242026 2237 06
   12944  I 09242026 2237 01
   12727  I 09242026 2237 06
   12832  I 09242026 2237 01
   12625  I 09242026 2238 06
   10825  I 09242026 2238 06
   10285  I 09242026 2238 06
   12153  I 09242026 2239 02
   12020  I 09242026 2239 06
   12067  I 09242026 2240 06
   12878  I 09242026 2240 02
   12372  I 09242026 2240 02
   12662  I 09242026 2240 02
   12762  I 09242026 2240 01
   12561  I 09242026 2241 01
   11411  I 09242026 2241 01
   12665  I 09242026 2241 01
   03085  I 09242026 2241 06
   12383  I 09242026 2241 02
   10669  I 09242026 2242 02
   12761  I 09242026 2242 01
   01499  I 09242026 2242 06
   10384  I 09242026 2242 05
   03124  I 09242026 2242 06
   12729  I 09242026 2242 05
   11787  I 09242026 2243 06
   12546  I 09242026 2243 06
   12647  I 09242026 2244 01
   12609  I 09242026 2245 06
   12539  I 09242026 2245 06
   03159  I 09242026 2245 09
   12698  I 09242026 2246 01
   12487  I 09242026 2246 05
   01365  I 09242026 2247 05
   03173  I 09242026 2247 06
   10490  I 09242026 2247 06
   10794  I 09242026 2247 06
   12204  I 09242026 2248 01
   01492  I 09242026 2248 06
   12269  I 09242026 2249 05
   12721  I 09242026 2249 02
   12151  I 09242026 2249 01
   12098  I 09242026 2249 02
   10469  I 09242026 2250 02
   12901  I 09242026 2250 06
   11694  I 09242026 2250 05
   11687  I 09242026 2250 01
   12543  I 09242026 2251 01
   12123  I 09242026 2251 10
   12556  I 09242026 2251 01
   12076  I 09242026 2252 01
   12462  I 09242026 2252 05
   12373  I 09242026 2252 02
   03080  I 09242026 2253 05
   03077  I 09242026 2253 06
   12371  I 09242026 2253 05
   10133  I 09242026 2254 10
   12188  I 09242026 2255 01
   01405  I 09242026 2255 01
   11537  I 09242026 2255 06
   12666  I 09242026 2255 01
   12370  I 09242026 2256 06
   12417  I 09242026 2256 06
   12557  I 09242026 2256 01
   10245  I 09242026 2256 01
   01296  I 09242026 2257 13
   12820  I 09242026 2257 06
   01456  I 09242026 2257 02
   10378  I 09242026 2257 01
   12021  I 09242026 2258 02
   12582  I 09242026 2258 06
   11650  I 09242026 2258 01
   12488  I 09242026 2258 05
   10598  I 09242026 2258 05
   12412  I 09242026 2258 06
   10640  I 09242026 2258 01
   10148  I 09242026 2259 05
   01512  I 09242026 2259 01
   11725  I 09242026 2259 01
   12582  O 09242026 2259 07
   10696  I 09242026 2259 01
   12582  I 09242026 2259 05
   12149  O 09242026 2300 08
   10839  O 09242026 2300 07
   11167  O 09242026 2300 03
   10386  O 09242026 2300 04
   12946  O 09242026 2300 12
   12130  O 09242026 2300 03
   12821  O 09242026 2300 11
   03167  O 09242026 2300 08
   12531  O 09242026 2300 03
   11404  O 09242026 2300 12
   01335  O 09242026 2300 07
   12894  O 09242026 2300 11
   01357  O 09242026 2300 08
   12456  O 09242026 2300 03
   12594  O 09242026 2300 12
   12357  O 09242026 2300 04
   12299  O 09242026 2300 11
   11498  O 09242026 2300 07
   12055  O 09242026 2300 03
   12097  O 09242026 2300 08
   12339  O 09242026 2300 11
   03177  O 09242026 2300 04
   12064  O 09242026 2300 03
   11496  O 09242026 2300 08
   03059  O 09242026 2300 07
   12710  O 09242026 2300 11
   12601  O 09242026 2300 04
   12396  O 09242026 2300 03
   03030  O 09242026 2300 14
   10500  O 09242026 2300 07
   10169  O 09242026 2300 04
   12854  O 09242026 2300 11
   10787  O 09242026 2300 07
   12724  O 09242026 2300 12
   12965  O 09242026 2300 03
   11692  O 09242026 2300 04
   12184  O 09242026 2300 11
   12540  O 09242026 2300 03
   12473  O 09242026 2300 14
   10291  O 09242026 2300 07
   12094  O 09242026 2300 11
   10127  O 09242026 2300 08
   10724  O 09242026 2300 03
   03018  O 09242026 2300 07
   12847  O 09242026 2300 04
   10612  O 09242026 2300 14
   01344  O 09242026 2300 08
   10795  O 09242026 2300 07
   12651  O 09242026 2300 11
   12740  O 09242026 2300 03
   12786  O 09242026 2301 04
   10333  O 09242026 2301 08
   01402  O 09242026 2301 07
   12433  O 09242026 2301 03
   11400  O 09242026 2301 12
   12558  O 09242026 2301 04
   10811  O 09242026 2301 08
   12568  O 09242026 2301 12
   12057  O 09242026 2301 04
   01471  O 09242026 2301 07
   12890  O 09242026 2301 08
   10698  O 09242026 2301 03
   12234  O 09242026 2301 04
   12133  O 09242026 2301 03
   03112  O 09242026 2301 07
   03035  O 09242026 2301 11
   12622  O 09242026 2301 04
   10231  O 09242026 2301 03
   11607  O 09242026 2301 11
   12852  O 09242026 2301 12
   12081  O 09242026 2301 07
   10385  O 09242026 2301 04
   10222  O 09242026 2301 08
   10831  O 09242026 2301 12
   01510  O 09242026 2301 03
   12185  O 09242026 2301 11
   10700  O 09242026 2301 07
   12841  O 09242026 2301 04
   12267  O 09242026 2301 12
   01319  O 09242026 2301 03
   12743  O 09242026 2301 07
   12967  O 09242026 2301 11
   12058  O 09242026 2301 03
   12259  O 09242026 2301 12
   01477  O 09242026 2301 11
   12725  O 09242026 2301 04
   11392  O 09242026 2301 07
   03068  O 09242026 2301 03
   12415  O 09242026 2301 12
   12679  O 09242026 2301 11
   01341  I 09242026 2301 01
   03179  O 09242026 2302 12
   03161  I 09242026 2302 01
   10849  O 09242026 2302 03
   12611  I 09242026 2302 02
   12814  O 09242026 2302 04
   12808  O 09242026 2302 07
   12730  O 09242026 2302 12
   12670  O 09242026 2302 03
   01433  O 09242026 2302 08
   12845  O 09242026 2302 12
   11248  O 09242026 2302 11
   03136  I 09242026 2302 01
   12888  O 09242026 2302 07
   12862  O 09242026 2302 04
   12615  O 09242026 2302 08
   12871  O 09242026 2302 03
   11777  O 09242026 2302 07
   12815  O 09242026 2302 08
   12369  O 09242026 2302 12
   12440  O 09242026 2302 07
   12472  O 09242026 2302 11
   03182  O 09242026 2302 07
   12819  O 09242026 2302 11
   10176  O 09242026 2302 08
   09676  O 09242026 2302 04
   12736  O 09242026 2302 12
   10589  O 09242026 2302 07
   11933  O 09242026 2303 04
   10843  O 09242026 2303 08
   12329  O 09242026 2303 03
   10234  O 09242026 2303 04
   01417  O 09242026 2303 12
   12409  O 09242026 2303 12
   12922  O 09242026 2303 03
   12074  O 09242026 2303 08
   12920  O 09242026 2303 03
   12800  O 09242026 2303 04
   12927  O 09242026 2303 04
   03010  O 09242026 2303 08
   12802  O 09242026 2303 03
   11688  O 09242026 2303 07
   12822  O 09242026 2303 03
   01327  O 09242026 2303 12
   12785  O 09242026 2304 04
   01333  O 09242026 2304 12
   12873  O 09242026 2304 03
   10021  O 09242026 2304 12
   11767  O 09242026 2304 11
   12256  O 09242026 2304 08
   12661  O 09242026 2304 07
   03102  I 09242026 2304 02
   10505  O 09242026 2304 08
   12325  O 09242026 2304 11
   09704  O 09242026 2304 08
   03108  O 09242026 2304 11
   11926  O 09242026 2304 07
   10086  O 09242026 2305 07
   03172  O 09242026 2305 08
   12706  I 09242026 2305 02
   01422  O 09242026 2305 07
   11223  O 09242026 2305 08
   12674  O 09242026 2306 12
   12689  O 09242026 2306 08
   12289  O 09242026 2306 07
   12688  O 09242026 2306 08
   01379  O 09242026 2306 07
   10094  O 09242026 2306 03
   10765  O 09242026 2306 07
   12059  O 09242026 2306 04
   11398  O 09242026 2306 08
   10091  O 09242026 2306 07
   12241  O 09242026 2307 04
   12390  O 09242026 2307 03
   09833  O 09242026 2307 11
   11937  O 09242026 2307 08
   03026  O 09242026 2307 11
   01306  O 09242026 2307 12
   12943  O 09242026 2307 03
   03039  O 09242026 2307 08
   01511  O 09242026 2307 03
   12630  O 09242026 2308 07
   12343  O 09242026 2308 08
   03126  O 09242026 2308 03
   12790  O 09242026 2309 03
   11779  O 09242026 2309 07
   12457  O 09242026 2309 08
   10606  O 09242026 2310 04
   11789  O 09242026 2311 07
   12738  O 09242026 2312 03
   11946  O 09242026 2312 07
   01382  O 09242026 2313 08
   01276  O 09242026 2313 03
   12110  O 09242026 2314 04
   12334  O 09242026 2316 12
   03176  O 09242026 2318 08
   12489  O 09242026 2319 12
   12224  O 09242026 2323 12
   03135  O 09242026 2328 07
   01468  O 09242026 2337 12
   12189  I 09242026 2356 02
   12088  O 09242026 2356 07
