   03098  I 09292026 0458 05
   01454  I 09292026 0506 01
   11690  I 09292026 0533 05
   12457  I 09292026 0540 05
   10202  I 09292026 0545 06
   12890  I 09292026 0545 06
   12628  I 09292026 0551 05
   12249  I 09292026 0551 05
   03007  I 09292026 0551 06
   12307  I 09292026 0552 06
   11935  I 09292026 0556 06
   12130  I 09292026 0559 05
   01402  I 09292026 0559 05
   03141  I 09292026 0559 05
   12845  I 09292026 0601 06
   12854  I 09292026 0603 06
   10795  I 09292026 0603 06
   10663  I 09292026 0605 05
   03179  I 09292026 0605 05
   10127  I 09292026 0605 06
   01335  I 09292026 0605 05
   01231  I 09292026 0606 05
   12677  I 09292026 0606 05
   12627  I 09292026 0607 05
   12922  I 09292026 0608 01
   12785  I 09292026 0608 02
   12965  I 09292026 0609 02
   11167  I 09292026 0609 01
   12651  I 09292026 0609 06
   11647  I 09292026 0609 05
   12822  I 09292026 0610 05
   10720  I 09292026 0610 06
   03172  I 09292026 0610 05
   12889  I 09292026 0610 05
   10070  I 09292026 0611 05
   12903  I 09292026 0611 01
   12692  I 09292026 0611 02
   12808  I 09292026 0611 06
   11774  I 09292026 0611 02
   03080  O 09292026 0611 03
   11933  I 09292026 0612 01
   12800  I 09292026 0612 02
   01295  I 09292026 0612 01
   03026  I 09292026 0612 01
   11267  I 09292026 0613 01
   09704  I 09292026 0613 02
   11400  I 09292026 0613 05
   12241  I 09292026 0613 02
   10383  I 09292026 0617 05
   12632  I 09292026 0617 05
   12825  I 09292026 0618 01
   11493  I 09292026 0618 05
   12802  I 09292026 0619 01
   12531  I 09292026 0619 06
   01481  I 09292026 0619 05
   01339  I 09292026 0619 06
   11768  I 09292026 0619 06
   12246  I 09292026 0619 01
   12812  I 09292026 0620 06
   12920  I 09292026 0620 01
   12256  I 09292026 0620 05
   10736  I 09292026 0621 01
   11223  I 09292026 0621 06
   11936  I 09292026 0622 06
   12080  I 09292026 0622 06
   03167  I 09292026 0623 05
   10787  I 09292026 0623 06
   01495  I 09292026 0624 05
   12342  I 09292026 0624 06
   03135  I 09292026 0624 01
   12824  I 09292026 0624 02
   12851  I 09292026 0625 05
   10169  I 09292026 0625 02
   10373  I 09292026 0625 01
   12826  I 09292026 0626 01
   12162  I 09292026 0626 02
   12149  I 09292026 0627 05
   12558  I 09292026 0627 06
   12463  I 09292026 0627 05
   12615  I 09292026 0627 05
   01357  I 09292026 0627 06
   12814  I 09292026 0627 02
   12222  I 09292026 0628 06
   10849  I 09292026 0628 01
   12672  I 09292026 0628 02
   01306  I 09292026 0628 02
   10073  I 09292026 0629 05
   03018  I 09292026 0629 05
   12156  O 09292026 0629 07
   10333  I 09292026 0629 05
   12156  I 09292026 0629 06
   12693  I 09292026 0630 01
   03120  I 09292026 0630 05
   12943  I 09292026 0630 01
   01345  I 09292026 0630 06
   12674  I 09292026 0631 06
   10199  I 09292026 0631 05
   12833  I 09292026 0631 06
   10425  I 09292026 0631 02
   10788  I 09292026 0631 05
   10357  I 09292026 0631 06
   11928  I 09292026 0631 05
   12066  I 09292026 0632 06
   03061  I 09292026 0632 05
   10766  I 09292026 0632 06
   01504  I 09292026 0632 02
   10467  I 09292026 0633 01
   12711  I 09292026 0633 06
   10386  I 09292026 0633 02
   10759  I 09292026 0633 05
   12081  I 09292026 0633 05
   10135  I 09292026 0633 06
   01266  I 09292026 0634 05
   01432  I 09292026 0634 05
   10839  I 09292026 0634 06
   10605  I 09292026 0634 05
   12888  I 09292026 0634 06
   11784  I 09292026 0634 05
   12289  I 09292026 0635 06
   12343  I 09292026 0635 06
   03058  I 09292026 0635 06
   12594  I 09292026 0635 06
   12440  I 09292026 0635 05
   10612  I 09292026 0635 13
   10585  I 09292026 0636 02
   12460  I 09292026 0636 02
   12306  I 09292026 0637 05
   12390  I 09292026 0637 02
   12823  I 09292026 0637 01
   12871  I 09292026 0637 01
   10698  I 09292026 0637 05
   11404  I 09292026 0637 06
   12115  I 09292026 0638 01
   12945  I 09292026 0638 06
   11777  I 09292026 0638 05
   12058  I 09292026 0638 01
   03118  I 09292026 0638 05
   12354  I 09292026 0639 05
   12577  I 09292026 0639 09
   11863  I 09292026 0639 06
   10384  I 09292026 0639 05
   12184  I 09292026 0639 05
   12020  I 09292026 0639 06
   03177  I 09292026 0639 06
   12873  I 09292026 0639 01
   10358  I 09292026 0639 05
   12057  I 09292026 0640 01
   10234  I 09292026 0640 02
   12069  I 09292026 0640 06
   10831  I 09292026 0641 05
   10291  I 09292026 0641 05
   01511  I 09292026 0641 02
   01471  I 09292026 0641 05
   12815  I 09292026 0642 05
   10050  I 09292026 0642 02
   11166  I 09292026 0642 01
   12710  I 09292026 0642 05
   12183  I 09292026 0642 06
   12488  I 09292026 0642 06
   12084  I 09292026 0642 02
   12191  I 09292026 0642 01
   10754  I 09292026 0642 06
   01477  I 09292026 0642 05
   10094  I 09292026 0642 01
   12439  I 09292026 0642 02
   03059  I 09292026 0642 05
   10449  I 09292026 0642 05
   12688  I 09292026 0643 05
   10144  I 09292026 0643 06
   12862  I 09292026 0643 01
   10261  I 09292026 0643 05
   12622  I 09292026 0643 01
   12383  I 09292026 0644 01
   12074  I 09292026 0644 02
   03108  I 09292026 0644 09
   03151  I 09292026 0644 02
   12185  I 09292026 0644 05
   11726  I 09292026 0644 01
   12555  I 09292026 0644 06
   12853  I 09292026 0644 06
   12473  I 09292026 0644 05
   01452  I 09292026 0644 02
   12568  I 09292026 0644 06
   12317  I 09292026 0644 01
   12234  I 09292026 0645 01
   12112  I 09292026 0645 02
   12652  I 09292026 0645 02
   10811  I 09292026 0645 05
   10222  I 09292026 0645 06
   12792  I 09292026 0645 01
   10407  I 09292026 0646 09
   12260  I 09292026 0646 05
   12804  I 09292026 0646 01
   12188  I 09292026 0646 09
   12732  I 09292026 0646 06
   10589  I 09292026 0646 05
   12695  I 09292026 0646 01
   10617  I 09292026 0647 05
   10091  I 09292026 0647 05
   01415  I 09292026 0647 05
   10522  I 09292026 0647 06
   12699  O 09292026 0647 03
   12699  I 09292026 0647 02
   10780  I 09292026 0647 05
   12369  I 09292026 0647 05
   12852  I 09292026 0647 06
   10588  I 09292026 0647 06
   12373  I 09292026 0647 01
   01417  I 09292026 0648 06
   12657  I 09292026 0648 06
   12451  I 09292026 0648 02
   12754  I 09292026 0648 05
   12186  I 09292026 0648 06
   12376  I 09292026 0649 01
   12374  I 09292026 0649 02
   11522  I 09292026 0650 02
   12716  I 09292026 0650 06
   12538  I 09292026 0650 02
   12305  I 09292026 0650 06
   11767  I 09292026 0650 05
   01374  I 09292026 0650 01
   12790  I 09292026 0650 02
   12601  I 09292026 0650 02
   12221  I 09292026 0651 09
   09676  I 09292026 0651 02
   03101  I 09292026 0651 01
   12088  I 09292026 0651 06
   11222  I 09292026 0651 02
   01479  I 09292026 0651 06
   12578  I 09292026 0651 01
   12829  I 09292026 0651 02
   11398  I 09292026 0652 06
   11496  I 09292026 0652 05
   01422  I 09292026 0652 01
   12540  I 09292026 0652 05
   11946  I 09292026 0652 05
   12293  I 09292026 0652 05
   03126  I 09292026 0653 06
   12638  I 09292026 0653 02
   11519  I 09292026 0653 06
   12544  I 09292026 0653 05
   10046  I 09292026 0653 01
   12113  I 09292026 0653 06
   12357  I 09292026 0653 02
   12500  I 09292026 0654 06
   12946  I 09292026 0654 06
   12611  I 09292026 0654 02
   12259  I 09292026 0654 06
   12416  I 09292026 0654 06
   11943  I 09292026 0654 05
   12259  O 09292026 0654 07
   10765  I 09292026 0654 06
   12259  I 09292026 0654 05
   10609  I 09292026 0655 06
   12689  I 09292026 0655 06
   12799  I 09292026 0655 02
   10841  I 09292026 0655 05
   10841  O 09292026 0655 07
   12805  I 09292026 0655 05
   11688  I 09292026 0655 06
   12125  I 09292026 0655 02
   10611  I 09292026 0655 09
   12587  I 09292026 0656 05
   12098  I 09292026 0656 02
   10350  I 09292026 0656 01
   12725  I 09292026 0656 02
   10231  I 09292026 0656 01
   12131  I 09292026 0656 02
   09833  I 09292026 0656 06
   12741  I 09292026 0657 01
   12764  I 09292026 0657 06
   10505  I 09292026 0658 05
   01396  I 09292026 0658 06
   12630  I 09292026 0658 02
   11408  I 09292026 0658 02
   12861  I 09292026 0658 06
   12187  I 09292026 0658 06
   11692  I 09292026 0658 01
   10378  I 09292026 0659 01
   10796  I 09292026 0659 02
   11725  I 09292026 0659 01
   12737  I 09292026 0659 01
   10712  I 09292026 0659 06
   12877  I 09292026 0659 01
   10133  O 09292026 0700 07
   10071  O 09292026 0700 12
   11879  O 09292026 0700 11
   10809  O 09292026 0700 03
   10055  I 09292026 0700 02
   11719  I 09292026 0700 01
   10847  O 09292026 0700 08
   12828  O 09292026 0700 04
   03037  O 09292026 0700 07
   12356  O 09292026 0700 03
   12869  O 09292026 0700 12
   12840  O 09292026 0700 11
   12501  O 09292026 0700 08
   10243  O 09292026 0700 04
   12502  O 09292026 0700 07
   12461  O 09292026 0700 03
   12496  O 09292026 0700 11
   10309  O 09292026 0700 12
   12471  O 09292026 0700 07
   01470  O 09292026 0700 08
   12082  O 09292026 0700 11
   12668  O 09292026 0700 03
   10318  O 09292026 0700 04
   12846  O 09292026 0700 12
   01351  O 09292026 0700 08
   12758  O 09292026 0700 03
   11937  O 09292026 0700 11
   10310  O 09292026 0700 12
   12647  O 09292026 0700 04
   12858  O 09292026 0700 07
   10500  O 09292026 0700 08
   12076  O 09292026 0700 03
   12729  O 09292026 0700 11
   12720  O 09292026 0700 07
   12637  O 09292026 0700 12
   11650  O 09292026 0700 04
   12723  O 09292026 0700 03
   01492  O 09292026 0700 08
   12049  O 09292026 0700 14
   12753  O 09292026 0700 12
   12743  O 09292026 0700 07
   12807  O 09292026 0700 11
   12217  O 09292026 0700 04
   10221  O 09292026 0700 03
   12644  O 09292026 0700 12
   12299  O 09292026 0700 11
   03104  O 09292026 0700 14
   10047  O 09292026 0700 04
   10607  O 09292026 0700 03
   12894  O 09292026 0700 11
   12625  O 09292026 0700 04
   12339  O 09292026 0700 11
   12736  O 09292026 0700 12
   10490  O 09292026 0700 07
   10285  O 09292026 0700 08
   12475  O 09292026 0700 11
   12543  O 09292026 0701 04
   12820  O 09292026 0701 14
   11780  O 09292026 0701 03
   11848  O 09292026 0701 12
   11355  I 09292026 0701 02
   12821  O 09292026 0701 11
   10240  O 09292026 0701 04
   12056  O 09292026 0701 08
   10224  O 09292026 0701 07
   12645  O 09292026 0701 11
   12325  I 09292026 0701 01
   11940  O 09292026 0701 04
   12694  I 09292026 0701 02
   03030  O 09292026 0701 14
   12298  O 09292026 0701 11
   11534  O 09292026 0701 08
   12961  O 09292026 0701 12
   03112  O 09292026 0701 07
   11605  O 09292026 0701 11
   12266  O 09292026 0701 04
   12247  O 09292026 0701 11
   12598  O 09292026 0701 12
   03053  O 09292026 0701 08
   11942  O 09292026 0701 07
   12678  O 09292026 0701 11
   11168  O 09292026 0701 12
   11538  O 09292026 0701 08
   12722  O 09292026 0701 07
   12639  O 09292026 0701 12
   11392  I 09292026 0701 06
   12726  O 09292026 0701 11
   10385  O 09292026 0701 08
   12142  O 09292026 0701 07
   12530  O 09292026 0701 03
   12757  O 09292026 0701 08
   10830  O 09292026 0701 07
   12164  O 09292026 0702 03
   01344  O 09292026 0702 08
   10466  I 09292026 0702 01
   12138  O 09292026 0702 03
   11411  O 09292026 0702 04
   11402  O 09292026 0702 12
   11776  O 09292026 0702 08
   10232  O 09292026 0702 04
   03148  O 09292026 0702 03
   12097  I 09292026 0702 02
   12341  I 09292026 0702 01
   12248  O 09292026 0702 03
   12133  I 09292026 0702 01
   01302  O 09292026 0702 08
   10598  O 09292026 0702 07
   12545  O 09292026 0702 03
   12670  O 09292026 0702 04
   12690  O 09292026 0702 07
   03077  O 09292026 0702 08
   10817  O 09292026 0702 03
   12731  O 09292026 0702 11
   12085  O 09292026 0702 03
   10146  O 09292026 0702 08
   11724  O 09292026 0702 03
   11494  O 09292026 0702 11
   12813  O 09292026 0702 08
   01448  O 09292026 0702 03
   03159  O 09292026 0703 11
   12337  O 09292026 0703 03
   12350  O 09292026 0703 04
   12096  O 09292026 0703 03
   12609  O 09292026 0703 07
   10604  O 09292026 0703 04
   11772  O 09292026 0703 07
   12237  O 09292026 0703 08
   12128  O 09292026 0703 12
   03032  O 09292026 0703 07
   12140  O 09292026 0703 12
   12123  I 09292026 0703 10
   11926  O 09292026 0703 11
   12878  O 09292026 0703 03
   12093  I 09292026 0703 02
   12123  O 09292026 0703 11
   12612  O 09292026 0703 03
   12701  O 09292026 0703 04
   03105  I 09292026 0703 01
   12650  O 09292026 0703 12
   12886  I 09292026 0703 02
   12192  O 09292026 0703 11
   11286  O 09292026 0703 04
   12433  O 09292026 0703 03
   12595  O 09292026 0703 12
   12874  I 09292026 0703 01
   10724  I 09292026 0704 02
   10576  O 09292026 0704 03
   12755  O 09292026 0704 03
   12503  O 09292026 0704 07
   12816  O 09292026 0704 04
   12148  O 09292026 0704 03
   12122  O 09292026 0704 08
   12742  O 09292026 0704 04
   11787  O 09292026 0704 11
   12067  O 09292026 0704 08
   12665  O 09292026 0704 03
   12359  O 09292026 0704 12
   12623  O 09292026 0704 03
   12372  O 09292026 0704 04
   03088  I 09292026 0705 01
   12472  O 09292026 0705 14
   12809  O 09292026 0705 11
   12640  I 09292026 0705 02
   10705  O 09292026 0706 11
   12189  O 09292026 0706 11
   12236  O 09292026 0706 08
   12717  I 09292026 0706 05
   12467  O 09292026 0706 12
   12624  I 09292026 0706 01
   11387  O 09292026 0706 07
   01373  O 09292026 0706 08
   01369  I 09292026 0706 01
   11390  O 09292026 0706 08
   03122  O 09292026 0707 07
   01356  O 09292026 0707 03
   10287  O 09292026 0707 11
   03078  O 09292026 0707 12
   01459  O 09292026 0707 12
   10808  O 09292026 0707 07
   12663  O 09292026 0707 11
   10145  O 09292026 0707 11
   12204  O 09292026 0707 03
   01365  O 09292026 0707 08
   12397  O 09292026 0707 03
   12872  O 09292026 0707 04
   12950  O 09292026 0707 03
   12718  O 09292026 0707 04
   12759  O 09292026 0707 03
   01425  O 09292026 0707 12
   12863  O 09292026 0707 04
   12355  O 09292026 0708 03
   03029  O 09292026 0708 12
   03001  O 09292026 0708 11
   12642  O 09292026 0708 12
   12370  O 09292026 0708 11
   12302  O 09292026 0708 12
   10177  O 09292026 0708 07
   03168  O 09292026 0709 07
   03027  O 09292026 0709 11
   12230  O 09292026 0709 07
   12546  O 09292026 0709 12
   12791  O 09292026 0709 03
   12855  O 09292026 0709 04
   12951  O 09292026 0709 03
   10140  O 09292026 0709 12
   12415  O 09292026 0710 12
   12926  O 09292026 0710 03
   01428  O 09292026 0710 07
   12583  O 09292026 0711 12
   12329  O 09292026 0711 03
   12762  O 09292026 0711 03
   03152  O 09292026 0711 07
   12667  O 09292026 0711 03
   12682  O 09292026 0712 12
   10219  O 09292026 0712 08
   12756  O 09292026 0712 12
   12089  O 09292026 0712 11
   12412  O 09292026 0713 12
   03176  I 09292026 0713 02
   03173  O 09292026 0713 03
   12476  O 09292026 0714 03
   01367  O 09292026 0714 07
   12827  O 09292026 0714 03
   12919  O 09292026 0714 03
   12569  O 09292026 0716 12
   12021  O 09292026 0717 14
   12180  O 09292026 0717 08
   12147  O 09292026 0719 04
   12371  O 09292026 0720 08
   12021  I 09292026 0720 13
   12021  O 09292026 0720 14
   10026  O 09292026 0721 08
   12375  O 09292026 0721 07
   10658  O 09292026 0723 14
   01234  O 09292026 0724 04
   12924  O 09292026 0724 07
   03010  I 09292026 0724 05
   10117  O 09292026 0727 12
   12349  O 09292026 0728 03
   12368  I 09292026 0728 06
   12224  O 09292026 0734 07
   12136  O 09292026 0737 03
   01512  O 09292026 0747 12
