   03098  I 09292026 0458 05
   01454  I 09292026 0506 01
   11690  I 09292026 0533 05
   12457  I 09292026 0540 05
   10202  I 09292026 0545 06
   12890  I 09292026 0545 06
   12628  I 09292026 0551 05
   12249  I 09292026 0551 05
   03007  I 09292026 0551 06
   12307  I 09292026 0552 06
   11935  I 09292026 0556 06
   12130  I 09292026 0559 05
   01402  I 09292026 0559 05
   03141  I 09292026 0559 05
   12845  I 09292026 0601 06
   12854  I 09292026 0603 06
   10795  I 09292026 0603 06
   10663  I 09292026 0605 05
   03179  I 09292026 0605 05
   10127  I 09292026 0605 06
   01335  I 09292026 0605 05
   01231  I 09292026 0606 05
   12677  I 09292026 0606 05
   12627  I 09292026 0607 05
   12922  I 09292026 0608 01
   12785  I 09292026 0608 02
   12965  I 09292026 0609 02
   11167  I 09292026 0609 01
   12651  I 09292026 0609 06
   11647  I 09292026 0609 05
   12822  I 09292026 0610 05
   10720  I 09292026 0610 06
   03172  I 09292026 0610 05
   12889  I 09292026 0610 05
   10070  I 09292026 0611 05
   12903  I 09292026 0611 01
   12692  I 09292026 0611 02
   12808  I 09292026 0611 06
   11774  I 09292026 0611 02
   03080  O 09292026 0611 03
   11933  I 09292026 0612 01
   12800  I 09292026 0612 02
   01295  I 09292026 0612 01
   03026  I 09292026 0612 01
   11267  I 09292026 0613 01
   09704  I 09292026 0613 02
   11400  I 09292026 0613 05
   12241  I 09292026 0613 02
   10383  I 09292026 0617 05
   12632  I 09292026 0617 05
   12825  I 09292026 0618 01
   11493  I 09292026 0618 05
   12802  I 09292026 0619 01
   12531  I 09292026 0619 06
   01481  I 09292026 0619 05
   01339  I 09292026 0619 06
   11768  I 09292026 0619 06
   12246  I 09292026 0619 01
   12812  I 09292026 0620 06
   12920  I 09292026 0620 01
   12256  I 09292026 0620 05
   10736  I 09292026 0621 01
   11223  I 09292026 0621 06
   11936  I 09292026 0622 06
   12080  I 09292026 0622 06
   03167  I 09292026 0623 05
   10787  I 09292026 0623 06
   01495  I 09292026 0624 05
   12342  I 09292026 0624 06
   03135  I 09292026 0624 01
   12824  I 09292026 0624 02
   12851  I 09292026 0625 05
   10169  I 09292026 0625 02
   10373  I 09292026 0625 01
   12826  I 09292026 0626 01
   12162  I 09292026 0626 02
   12149  I 09292026 0627 05
   12558  I 09292026 0627 06
   12463  I 09292026 0627 05
   12615  I 09292026 0627 05
   01357  I 09292026 0627 06
   12814  I 09292026 0627 02
   12222  I 09292026 0628 06
   10849  I 09292026 0628 01
   12672  I 09292026 0628 02
   01306  I 09292026 0628 02
   10073  I 09292026 0629 05
   03018  I 09292026 0629 05
   12156  O 09292026 0629 07
   10333  I 09292026 0629 05
   12156  I 09292026 0629 06
   12693  I 09292026 0630 01
   03120  I 09292026 0630 05
   12943  I 09292026 0630 01
   01345  I 09292026 0630 06
   12674  I 09292026 0631 06
   10199  I 09292026 0631 05
   12833  I 09292026 0631 06
   10425  I 09292026 0631 02
   10788  I 09292026 0631 05
   10357  I 09292026 0631 06
   11928  I 09292026 0631 05
   12066  I 09292026 0632 06
   03061  I 09292026 0632 05
   10766  I 09292026 0632 06
   01504  I 09292026 0632 02
   10467  I 09292026 0633 01
   12711  I 09292026 0633 06
   10386  I 09292026 0633 02
   10759  I 09292026 0633 05
   12081  I 09292026 0633 05
   10135  I 09292026 0633 06
   01266  I 09292026 0634 05
   01432  I 09292026 0634 05
   10839  I 09292026 0634 06
   10605  I 09292026 0634 05
   12888  I 09292026 0634 06
   11784  I 09292026 0634 05
   12289  I 09292026 0635 06
   12343  I 09292026 0635 06
   03058  I 09292026 0635 06
   12594  I 09292026 0635 06
   12440  I 09292026 0635 05
   10612  I 09292026 0635 13
   10585  I 09292026 0636 02
   12460  I 09292026 0636 02
   12306  I 09292026 0637 05
   12390  I 09292026 0637 02
   12823  I 09292026 0637 01
   12871  I 09292026 0637 01
   10698  I 09292026 0637 05
   11404  I 09292026 0637 06
   12115  I 09292026 0638 01
   12945  I 09292026 0638 06
   11777  I 09292026 0638 05
   12058  I 09292026 0638 01
   03118  I 09292026 0638 05
   12354  I 09292026 0639 05
   12577  I 09292026 0639 09
   11863  I 09292026 0639 06
   10384  I 09292026 0639 05
   12184  I 09292026 0639 05
   12020  I 09292026 0639 06
   03177  I 09292026 0639 06
   12873  I 09292026 0639 01
   10358  I 09292026 0639 05
   12057  I 09292026 0640 01
   10234  I 09292026 0640 02
   12069  I 09292026 0640 06
   10831  I 09292026 0641 05
   10291  I 09292026 0641 05
   01511  I 09292026 0641 02
   01471  I 09292026 0641 05
   12815  I 09292026 0642 05
   10050  I 09292026 0642 02
   11166  I 09292026 0642 01
   12710  I 09292026 0642 05
   12183  I 09292026 0642 06
   12488  I 09292026 0642 06
   12084  I 09292026 0642 02
   12191  I 09292026 0642 01
   10754  I 09292026 0642 06
   01477  I 09292026 0642 05
   10094  I 09292026 0642 01
   12439  I 09292026 0642 02
   03059  I 09292026 0642 05
   10449  I 09292026 0642 05
   12688  I 09292026 0643 05
   10144  I 09292026 0643 06
   12862  I 09292026 0643 01
   10261  I 09292026 0643 05
   12622  I 09292026 0643 01
   12383  I 09292026 0644 01
   12074  I 09292026 0644 02
   03108  I 09292026 0644 09
   03151  I 09292026 0644 02
   12185  I 09292026 0644 05
   11726  I 09292026 0644 01
   12555  I 09292026 0644 06
   12853  I 09292026 0644 06
   12473  I 09292026 0644 05
   01452  I 09292026 0644 02
   12568  I 09292026 0644 06
   12317  I 09292026 0644 01
   12234  I 09292026 0645 01
   12112  I 09292026 0645 02
   12652  I 09292026 0645 02
   10811  I 09292026 0645 05
   10222  I 09292026 0645 06
   12792  I 09292026 0645 01
   10407  I 09292026 0646 09
   12260  I 09292026 0646 05
   12804  I 09292026 0646 01
   12188  I 09292026 0646 09
   12732  I 09292026 0646 06
   10589  I 09292026 0646 05
   12695  I 09292026 0646 01
   10617  I 09292026 0647 05
   10091  I 09292026 0647 05
   01415  I 09292026 0647 05
   10522  I 09292026 0647 06
   12699  O 09292026 0647 03
   12699  I 09292026 0647 02
   10780  I 09292026 0647 05
   12369  I 09292026 0647 05
   12852  I 09292026 0647 06
   10588  I 09292026 0647 06
   12373  I 09292026 0647 01
   01417  I 09292026 0648 06
   12657  I 09292026 0648 06
   12451  I 09292026 0648 02
   12754  I 09292026 0648 05
   12186  I 09292026 0648 06
   12376  I 09292026 0649 01
   12374  I 09292026 0649 02
   11522  I 09292026 0650 02
   12716  I 09292026 0650 06
   12538  I 09292026 0650 02
   12305  I 09292026 0650 06
   11767  I 09292026 0650 05
   01374  I 09292026 0650 01
   12790  I 09292026 0650 02
   12601  I 09292026 0650 02
   12221  I 09292026 0651 09
   09676  I 09292026 0651 02
   03101  I 09292026 0651 01
   12088  I 09292026 0651 06
   11222  I 09292026 0651 02
   01479  I 09292026 0651 06
   12578  I 09292026 0651 01
   12829  I 09292026 0651 02
   11398  I 09292026 0652 06
   11496  I 09292026 0652 05
   01422  I 09292026 0652 01
   12540  I 09292026 0652 05
   11946  I 09292026 0652 05
   12293  I 09292026 0652 05
   03126  I 09292026 0653 06
   12638  I 09292026 0653 02
   11519  I 09292026 0653 06
   12544  I 09292026 0653 05
   10046  I 09292026 0653 01
   12113  I 09292026 0653 06
   12357  I 09292026 0653 02
   12500  I 09292026 0654 06
   12946  I 09292026 0654 06
   12611  I 09292026 0654 02
   12259  I 09292026 0654 06
   12416  I 09292026 0654 06
   11943  I 09292026 0654 05
   12259  O 09292026 0654 07
   10765  I 09292026 0654 06
   12259  I 09292026 0654 05
   10609  I 09292026 0655 06
   12689  I 09292026 0655 06
   12799  I 09292026 0655 02
   10841  I 09292026 0655 05
   10841  O 09292026 0655 07
   12805  I 09292026 0655 05
   11688  I 09292026 0655 06
   12125  I 09292026 0655 02
   10611  I 09292026 0655 09
   12587  I 09292026 0656 05
   12098  I 09292026 0656 02
   10350  I 09292026 0656 01
   12725  I 09292026 0656 02
   10231  I 09292026 0656 01
   12131  I 09292026 0656 02
   09833  I 09292026 0656 06
   12741  I 09292026 0657 01
   12764  I 09292026 0657 06
   10505  I 09292026 0658 05
   01396  I 09292026 0658 06
   12630  I 09292026 0658 02
   11408  I 09292026 0658 02
   12861  I 09292026 0658 06
   12187  I 09292026 0658 06
   11692  I 09292026 0658 01
   10378  I 09292026 0659 01
   10796  I 09292026 0659 02
   11725  I 09292026 0659 01
   12737  I 09292026 0659 01
   10712  I 09292026 0659 06
   12877  I 09292026 0659 01
   10133  O 09292026 0700 07
   10071  O 09292026 0700 12
   11879  O 09292026 0700 11
   10809  O 09292026 0700 03
   10055  I 09292026 0700 02
   11719  I 09292026 0700 01
   10847  O 09292026 0700 08
   12828  O 09292026 0700 04
   03037  O 09292026 0700 07
   12356  O 09292026 0700 03
   12869  O 09292026 0700 12
   12840  O 09292026 0700 11
   12501  O 09292026 0700 08
   10243  O 09292026 0700 04
   12502  O 09292026 0700 07
   12461  O 09292026 0700 03
   12496  O 09292026 0700 11
   10309  O 09292026 0700 12
   12471  O 09292026 0700 07
   01470  O 09292026 0700 08
   12082  O 09292026 0700 11
   12668  O 09292026 0700 03
   10318  O 09292026 0700 04
   12846  O 09292026 0700 12
   01351  O 09292026 0700 08
   12758  O 09292026 0700 03
   11937  O 09292026 0700 11
   10310  O 09292026 0700 12
   12647  O 09292026 0700 04
   12858  O 09292026 0700 07
   10500  O 09292026 0700 08
   12076  O 09292026 0700 03
   12729  O 09292026 0700 11
   12720  O 09292026 0700 07
   12637  O 09292026 0700 12
   11650  O 09292026 0700 04
   12723  O 09292026 0700 03
   01492  O 09292026 0700 08
   12049  O 09292026 0700 14
   12753  O 09292026 0700 12
   12743  O 09292026 0700 07
   12807  O 09292026 0700 11
   12217  O 09292026 0700 04
   10221  O 09292026 0700 03
   12644  O 09292026 0700 12
   12299  O 09292026 0700 11
   03104  O 09292026 0700 14
   10047  O 09292026 0700 04
   10607  O 09292026 0700 03
   12894  O 09292026 0700 11
   12625  O 09292026 0700 04
   12339  O 09292026 0700 11
   12736  O 09292026 0700 12
   10490  O 09292026 0700 07
   10285  O 09292026 0700 08
   12475  O 09292026 0700 11
   12543  O 09292026 0701 04
   12820  O 09292026 0701 14
   11780  O 09292026 0701 03
   11848  O 09292026 0701 12
   11355  I 09292026 0701 02
   12821  O 09292026 0701 11
   10240  O 09292026 0701 04
   12056  O 09292026 0701 08
   10224  O 09292026 0701 07
   12645  O 09292026 0701 11
   12325  I 09292026 0701 01
   11940  O 09292026 0701 04
   12694  I 09292026 0701 02
   03030  O 09292026 0701 14
   12298  O 09292026 0701 11
   11534  O 09292026 0701 08
   12961  O 09292026 0701 12
   03112  O 09292026 0701 07
   11605  O 09292026 0701 11
   12266  O 09292026 0701 04
   12247  O 09292026 0701 11
   12598  O 09292026 0701 12
   03053  O 09292026 0701 08
   11942  O 09292026 0701 07
   12678  O 09292026 0701 11
   11168  O 09292026 0701 12
   11538  O 09292026 0701 08
   12722  O 09292026 0701 07
   12639  O 09292026 0701 12
   11392  I 09292026 0701 06
   12726  O 09292026 0701 11
   10385  O 09292026 0701 08
   12142  O 09292026 0701 07
   12530  O 09292026 0701 03
   12757  O 09292026 0701 08
   10830  O 09292026 0701 07
   12164  O 09292026 0702 03
   01344  O 09292026 0702 08
   10466  I 09292026 0702 01
   12138  O 09292026 0702 03
   11411  O 09292026 0702 04
   11402  O 09292026 0702 12
   11776  O 09292026 0702 08
   10232  O 09292026 0702 04
   03148  O 09292026 0702 03
   12097  I 09292026 0702 02
   12341  I 09292026 0702 01
   12248  O 09292026 0702 03
   12133  I 09292026 0702 01
   01302  O 09292026 0702 08
   10598  O 09292026 0702 07
   12545  O 09292026 0702 03
   12670  O 09292026 0702 04
   12690  O 09292026 0702 07
   03077  O 09292026 0702 08
   10817  O 09292026 0702 03
   12731  O 09292026 0702 11
   12085  O 09292026 0702 03
   10146  O 09292026 0702 08
   11724  O 09292026 0702 03
   11494  O 09292026 0702 11
   12813  O 09292026 0702 08
   01448  O 09292026 0702 03
   03159  O 09292026 0703 11
   12337  O 09292026 0703 03
   12350  O 09292026 0703 04
   12096  O 09292026 0703 03
   12609  O 09292026 0703 07
   10604  O 09292026 0703 04
   11772  O 09292026 0703 07
   12237  O 09292026 0703 08
   12128  O 09292026 0703 12
   03032  O 09292026 0703 07
   12140  O 09292026 0703 12
   12123  I 09292026 0703 10
   11926  O 09292026 0703 11
   12878  O 09292026 0703 03
   12093  I 09292026 0703 02
   12123  O 09292026 0703 11
   12612  O 09292026 0703 03
   12701  O 09292026 0703 04
   03105  I 09292026 0703 01
   12650  O 09292026 0703 12
   12886  I 09292026 0703 02
   12192  O 09292026 0703 11
   11286  O 09292026 0703 04
   12433  O 09292026 0703 03
   12595  O 09292026 0703 12
   12874  I 09292026 0703 01
   10724  I 09292026 0704 02
   10576  O 09292026 0704 03
   12755  O 09292026 0704 03
   12503  O 09292026 0704 07
   12816  O 09292026 0704 04
   12148  O 09292026 0704 03
   12122  O 09292026 0704 08
   12742  O 09292026 0704 04
   11787  O 09292026 0704 11
   12067  O 09292026 0704 08
   12665  O 09292026 0704 03
   12359  O 09292026 0704 12
   12623  O 09292026 0704 03
   12372  O 09292026 0704 04
   03088  I 09292026 0705 01
   12472  O 09292026 0705 14
   12809  O 09292026 0705 11
   12640  I 09292026 0705 02
   10705  O 09292026 0706 11
   12189  O 09292026 0706 11
   12236  O 09292026 0706 08
   12717  I 09292026 0706 05
   12467  O 09292026 0706 12
   12624  I 09292026 0706 01
   11387  O 09292026 0706 07
   01373  O 09292026 0706 08
   01369  I 09292026 0706 01
   11390  O 09292026 0706 08
   03122  O 09292026 0707 07
   01356  O 09292026 0707 03
   10287  O 09292026 0707 11
   03078  O 09292026 0707 12
   01459  O 09292026 0707 12
   10808  O 09292026 0707 07
   12663  O 09292026 0707 11
   10145  O 09292026 0707 11
   12204  O 09292026 0707 03
   01365  O 09292026 0707 08
   12397  O 09292026 0707 03
   12872  O 09292026 0707 04
   12950  O 09292026 0707 03
   12718  O 09292026 0707 04
   12759  O 09292026 0707 03
   01425  O 09292026 0707 12
   12863  O 09292026 0707 04
   12355  O 09292026 0708 03
   03029  O 09292026 0708 12
   03001  O 09292026 0708 11
   12642  O 09292026 0708 12
   12370  O 09292026 0708 11
   12302  O 09292026 0708 12
   10177  O 09292026 0708 07
   03168  O 09292026 0709 07
   03027  O 09292026 0709 11
   12230  O 09292026 0709 07
   12546  O 09292026 0709 12
   12791  O 09292026 0709 03
   12855  O 09292026 0709 04
   12951  O 09292026 0709 03
   10140  O 09292026 0709 12
   12415  O 09292026 0710 12
   12926  O 09292026 0710 03
   01428  O 09292026 0710 07
   12583  O 09292026 0711 12
   12329  O 09292026 0711 03
   12762  O 09292026 0711 03
   03152  O 09292026 0711 07
   12667  O 09292026 0711 03
   12682  O 09292026 0712 12
   10219  O 09292026 0712 08
   12756  O 09292026 0712 12
   12089  O 09292026 0712 11
   12412  O 09292026 0713 12
   03176  I 09292026 0713 02
   03173  O 09292026 0713 03
   12476  O 09292026 0714 03
   01367  O 09292026 0714 07
   12827  O 09292026 0714 03
   12919  O 09292026 0714 03
   12569  O 09292026 0716 12
   12021  O 09292026 0717 14
   12180  O 09292026 0717 08
   12147  O 09292026 0719 04
   12371  O 09292026 0720 08
   12021  I 09292026 0720 13
   12021  O 09292026 0720 14
   10026  O 09292026 0721 08
   12375  O 09292026 0721 07
   10658  O 09292026 0723 14
   01234  O 09292026 0724 04
   12924  O 09292026 0724 07
   03010  I 09292026 0724 05
   10117  O 09292026 0727 12
   12349  O 09292026 0728 03
   12368  I 09292026 0728 06
   12224  O 09292026 0734 07
   12136  O 09292026 0737 03
   01512  O 09292026 0747 12
   12153  O 09292026 0809 03
   10608  O 09292026 0812 12
   03068  I 09292026 1247 05
   12727  I 09292026 1308 10
   01312  I 09292026 1310 05
   11646  I 09292026 1329 06
   01468  I 09292026 1331 05
   12208  I 09292026 1334 05
   03122  I 09292026 1336 06
   01320  I 09292026 1338 06
   12497  I 09292026 1338 01
   10706  I 09292026 1339 05
   01319  I 09292026 1346 01
   01249  I 09292026 1346 05
   03062  I 09292026 1347 06
   10224  I 09292026 1347 05
   12392  I 09292026 1352 05
   03119  I 09292026 1352 05
   03047  I 09292026 1352 05
   12832  I 09292026 1353 05
   01317  I 09292026 1357 02
   10021  I 09292026 1358 05
   10456  I 09292026 1358 06
   10176  I 09292026 1401 05
   12760  I 09292026 1402 01
   12887  I 09292026 1404 05
   01333  I 09292026 1406 06
   03123  I 09292026 1407 06
   12679  I 09292026 1408 05
   12967  I 09292026 1408 06
   12901  I 09292026 1408 06
   12539  I 09292026 1409 06
   10807  I 09292026 1409 01
   03012  I 09292026 1409 06
   12721  I 09292026 1410 02
   12136  I 09292026 1412 01
   11169  I 09292026 1413 05
   12844  I 09292026 1413 01
   12831  I 09292026 1413 02
   12664  I 09292026 1416 06
   01475  I 09292026 1416 01
   12949  I 09292026 1416 01
   12700  I 09292026 1418 05
   10201  I 09292026 1418 05
   12561  I 09292026 1419 01
   10083  I 09292026 1419 06
   12948  I 09292026 1420 01
   11498  I 09292026 1421 05
   12856  I 09292026 1421 01
   12135  I 09292026 1423 01
   12930  I 09292026 1423 06
   12458  I 09292026 1423 01
   10184  I 09292026 1423 06
   12793  I 09292026 1423 01
   11652  I 09292026 1424 01
   12712  I 09292026 1426 06
   10356  I 09292026 1426 05
   03182  I 09292026 1427 06
   01330  I 09292026 1427 06
   12897  I 09292026 1427 01
   12780  I 09292026 1427 06
   10369  I 09292026 1427 05
   12676  I 09292026 1428 05
   12433  I 09292026 1428 01
   12625  I 09292026 1428 06
   12813  I 09292026 1429 06
   12761  I 09292026 1429 02
   12247  I 09292026 1429 05
   10697  I 09292026 1429 05
   12944  I 09292026 1429 01
   10221  I 09292026 1430 02
   12609  I 09292026 1430 06
   12576  I 09292026 1430 05
   12783  I 09292026 1431 05
   12499  I 09292026 1432 01
   01449  I 09292026 1433 05
   11687  I 09292026 1433 01
   12668  I 09292026 1433 01
   12064  I 09292026 1433 01
   03124  I 09292026 1434 06
   11266  I 09292026 1436 05
   10200  I 09292026 1436 05
   10071  I 09292026 1436 06
   12110  I 09292026 1437 01
   12614  I 09292026 1437 01
   10606  I 09292026 1437 01
   10116  I 09292026 1438 05
   12951  I 09292026 1439 01
   01276  I 09292026 1439 01
   11248  I 09292026 1439 06
   11724  I 09292026 1440 01
   12662  I 09292026 1440 02
   10285  I 09292026 1440 06
   10843  I 09292026 1440 05
   12356  I 09292026 1440 02
   12487  I 09292026 1440 05
   10581  I 09292026 1440 05
   11779  I 09292026 1440 02
   12687  I 09292026 1440 06
   12049  I 09292026 1441 06
   10669  I 09292026 1441 02
   11495  I 09292026 1441 02
   11787  I 09292026 1442 06
   12472  I 09292026 1442 06
   10785  I 09292026 1442 06
   12843  I 09292026 1443 01
   11926  I 09292026 1443 05
   01499  I 09292026 1445 02
   12269  I 09292026 1445 05
   01510  I 09292026 1445 01
   10385  I 09292026 1445 05
   12067  I 09292026 1446 05
   12409  I 09292026 1446 06
   10490  I 09292026 1447 06
   12582  I 09292026 1447 05
   10794  I 09292026 1447 06
   11937  I 09292026 1447 06
   12763  I 09292026 1447 05
   12556  I 09292026 1447 01
   10469  I 09292026 1447 02
   01456  I 09292026 1448 06
   12757  I 09292026 1448 06
   01382  I 09292026 1450 06
   12275  I 09292026 1452 06
   12298  I 09292026 1452 05
   10678  I 09292026 1452 02
   11494  I 09292026 1453 06
   12841  I 09292026 1453 01
   12620  I 09292026 1453 05
   12543  I 09292026 1454 01
   12059  I 09292026 1454 02
   10148  I 09292026 1455 05
   01365  I 09292026 1455 05
   12412  I 09292026 1455 06
   12631  I 09292026 1455 06
   01296  I 09292026 1455 13
   12730  I 09292026 1456 05
   12238  I 09292026 1456 06
   01405  I 09292026 1456 01
   11537  I 09292026 1456 06
   11388  I 09292026 1456 02
   01327  I 09292026 1456 01
   12557  I 09292026 1457 02
   10245  I 09292026 1458 01
   12740  I 09292026 1458 02
   12204  I 09292026 1458 01
   11789  I 09292026 1459 06
   12816  I 09292026 1459 01
   12828  I 09292026 1459 01
   12738  I 09292026 1459 02
   12149  O 09292026 1500 08
   12357  O 09292026 1500 04
   12693  O 09292026 1500 03
   10839  O 09292026 1500 07
   12710  O 09292026 1500 11
   10070  O 09292026 1500 12
   03177  O 09292026 1500 04
   12627  O 09292026 1500 12
   12080  O 09292026 1500 11
   01481  O 09292026 1500 08
   12531  O 09292026 1500 03
   01335  O 09292026 1500 07
   03102  I 09292026 1500 01
   01357  O 09292026 1500 08
   12845  O 09292026 1500 12
   12741  O 09292026 1500 03
   03059  O 09292026 1500 07
   01402  O 09292026 1500 08
   12594  O 09292026 1500 11
   10787  O 09292026 1500 07
   10261  O 09292026 1500 12
   12130  O 09292026 1500 03
   12716  O 09292026 1500 04
   12133  O 09292026 1500 07
   12081  O 09292026 1500 08
   10222  O 09292026 1500 07
   12234  O 09292026 1500 04
   12558  O 09292026 1500 08
   10383  O 09292026 1500 11
   10609  O 09292026 1500 12
   10795  O 09292026 1500 07
   12540  O 09292026 1500 08
   12578  O 09292026 1500 03
   12814  O 09292026 1500 04
   12222  O 09292026 1500 07
   10611  O 09292026 1500 12
   12943  O 09292026 1500 03
   12538  O 09292026 1500 04
   03010  O 09292026 1500 08
   12293  O 09292026 1500 07
   10780  O 09292026 1500 04
   12826  O 09292026 1500 03
   01504  O 09292026 1501 04
   10291  O 09292026 1501 08
   01471  O 09292026 1501 07
   12628  O 09292026 1501 12
   12651  O 09292026 1501 11
   10522  O 09292026 1501 08
   12113  O 09292026 1501 11
   12305  O 09292026 1501 12
   11392  O 09292026 1501 07
   12888  O 09292026 1501 08
   10199  O 09292026 1501 07
   12373  O 09292026 1501 04
   11777  O 09292026 1501 08
   12699  O 09292026 1501 03
   01345  O 09292026 1501 07
   11767  O 09292026 1501 11
   11355  O 09292026 1501 04
   12815  O 09292026 1501 08
   11400  O 09292026 1501 11
   12259  O 09292026 1501 07
   12812  O 09292026 1501 12
   12790  O 09292026 1501 03
   10500  I 09292026 1501 02
   10724  O 09292026 1501 04
   10766  O 09292026 1501 08
   12416  O 09292026 1501 07
   12965  O 09292026 1501 04
   12672  O 09292026 1501 03
   12569  I 09292026 1501 02
   03136  I 09292026 1501 01
   12185  O 09292026 1501 11
   10696  I 09292026 1501 01
   01479  O 09292026 1502 04
   12871  O 09292026 1502 08
   10788  O 09292026 1502 08
   10202  O 09292026 1502 03
   12862  O 09292026 1502 07
   12577  O 09292026 1502 12
   01396  O 09292026 1502 08
   03007  O 09292026 1502 11
   12306  O 09292026 1502 07
   12069  O 09292026 1502 08
   10333  O 09292026 1502 07
   03085  I 09292026 1502 01
   12440  O 09292026 1502 07
   03172  O 09292026 1502 08
   12489  I 09292026 1502 02
   10373  O 09292026 1502 11
   12473  O 09292026 1502 14
   12922  O 09292026 1502 03
   12638  O 09292026 1502 12
   12873  O 09292026 1502 04
   11404  O 09292026 1503 12
   12822  O 09292026 1503 03
   12652  O 09292026 1503 12
   12568  O 09292026 1503 12
   12289  O 09292026 1503 07
   12824  O 09292026 1503 03
   12689  O 09292026 1503 08
   12785  O 09292026 1503 04
   12688  O 09292026 1503 08
   12162  O 09292026 1503 03
   10505  O 09292026 1503 07
   12376  O 09292026 1503 12
   01231  O 09292026 1503 08
   03179  O 09292026 1503 12
   10831  O 09292026 1503 12
   12920  O 09292026 1503 03
   12799  O 09292026 1503 08
   12677  O 09292026 1503 07
   12800  O 09292026 1503 04
   10358  O 09292026 1503 12
   12802  O 09292026 1503 03
   12256  O 09292026 1503 08
   10407  O 09292026 1503 11
   01495  O 09292026 1503 12
   11933  O 09292026 1503 04
   12854  O 09292026 1504 07
   10811  O 09292026 1504 08
   03161  I 09292026 1504 01
   12186  O 09292026 1504 07
   03118  O 09292026 1504 08
   03058  O 09292026 1504 07
   11688  O 09292026 1504 08
   12342  O 09292026 1504 07
   03108  O 09292026 1504 11
   11928  O 09292026 1504 04
   12808  O 09292026 1504 08
   03120  O 09292026 1504 11
   03105  O 09292026 1505 03
   12544  O 09292026 1505 12
   01454  O 09292026 1505 08
   12829  O 09292026 1505 04
   12199  I 09292026 1505 02
   01477  O 09292026 1505 12
   12632  O 09292026 1505 08
   12451  O 09292026 1505 03
   10765  O 09292026 1505 07
   10759  O 09292026 1506 08
   12666  I 09292026 1506 02
   11943  O 09292026 1506 07
   03141  O 09292026 1506 12
   10640  I 09292026 1506 01
   11398  O 09292026 1506 08
   03018  O 09292026 1506 07
   01339  O 09292026 1506 12
   12156  O 09292026 1507 03
   12630  O 09292026 1507 08
   12587  O 09292026 1507 07
   12343  O 09292026 1507 08
   10585  O 09292026 1507 04
   12241  O 09292026 1507 03
   10378  O 09292026 1507 03
   12463  O 09292026 1508 12
   09833  O 09292026 1508 11
   09676  O 09292026 1508 04
   12889  O 09292026 1509 04
   11222  O 09292026 1509 03
   11719  O 09292026 1509 03
   10094  O 09292026 1509 04
   12374  O 09292026 1509 04
   10050  O 09292026 1509 04
   11768  O 09292026 1509 08
   11166  O 09292026 1509 03
   10736  O 09292026 1510 04
   09704  O 09292026 1511 08
   01511  O 09292026 1511 03
   11726  O 09292026 1512 03
   12706  I 09292026 1512 02
   12183  O 09292026 1512 14
   12754  O 09292026 1512 07
   11935  O 09292026 1513 14
   12221  O 09292026 1513 12
   10350  O 09292026 1513 12
   01341  I 09292026 1514 02
   01422  O 09292026 1514 07
   11946  O 09292026 1514 07
   12191  O 09292026 1515 07
   12249  O 09292026 1517 12
   11223  O 09292026 1518 08
   01417  O 09292026 1520 08
   10169  O 09292026 1523 11
   12390  O 09292026 1524 04
   01266  O 09292026 1525 08
   10135  O 09292026 1526 12
   12946  O 09292026 1526 11
   12115  O 09292026 1527 07
   01374  O 09292026 1530 04
   03026  O 09292026 1531 11
   03135  O 09292026 1533 03
   10663  O 09292026 1540 08
   03148  I 09292026 1551 02
   11690  O 09292026 1600 04
   12640  O 09292026 1605 08
   12764  O 09292026 1612 07
   12439  O 09292026 1700 03
   03101  O 09292026 1702 03
   10841  I 09292026 1704 13
   01415  O 09292026 1704 14
   10841  O 09292026 1704 14
   10449  O 09292026 1704 11
   10055  O 09292026 1706 14
   12805  O 09292026 1707 07
   03098  O 09292026 1707 07
   10466  O 09292026 1708 11
   10712  O 09292026 1709 07
   10796  O 09292026 1730 03
   01413  I 09292026 1737 05
   11493  O 09292026 1750 14
   03167  O 09292026 1801 11
   12945  O 09292026 1801 12
   12851  O 09292026 1801 12
   12128  I 09292026 1802 06
   03061  O 09292026 1802 12
   12833  O 09292026 1803 12
   12093  O 09292026 1804 11
   12461  I 09292026 1806 05
   12737  O 09292026 1806 12
   12187  O 09292026 1814 12
   12341  O 09292026 1814 11
   12810  I 09292026 1815 05
   11863  O 09292026 1816 12
   01487  I 09292026 1821 02
   12791  I 09292026 1821 01
   10576  I 09292026 1822 02
   12502  I 09292026 1825 06
   12532  I 09292026 1827 05
   12355  I 09292026 1833 02
   12762  I 09292026 1834 01
   12663  I 09292026 1835 06
   12639  I 09292026 1836 05
   01356  I 09292026 1838 01
   12961  I 09292026 1841 06
   12350  I 09292026 1842 01
   12189  I 09292026 1845 02
   12670  I 09292026 1849 01
   12372  I 09292026 1850 02
   12415  I 09292026 1850 06
   12501  I 09292026 1850 06
   12375  I 09292026 1850 02
   10232  I 09292026 1852 01
   11221  I 09292026 1853 01
   01448  I 09292026 1855 02
   10146  I 09292026 1856 05
   10405  I 09292026 1858 01
   10573  I 09292026 1858 02
   12755  I 09292026 1859 01
   12623  I 09292026 1859 02
   12692  O 09292026 1900 03
   12657  O 09292026 1900 04
   12260  O 09292026 1900 12
   12890  O 09292026 1900 11
   12852  O 09292026 1900 07
   12383  O 09292026 1900 04
   10754  O 09292026 1900 14
   12307  O 09292026 1900 12
   12825  O 09292026 1900 03
   12732  O 09292026 1900 12
   12188  O 09292026 1900 03
   11408  O 09292026 1900 03
   10234  O 09292026 1900 03
   12131  O 09292026 1900 04
   10231  O 09292026 1900 03
   12694  O 09292026 1900 07
   03088  O 09292026 1900 04
   10698  O 09292026 1901 03
   12717  O 09292026 1901 07
   12098  O 09292026 1901 08
   10588  O 09292026 1901 12
   12317  O 09292026 1901 03
   12369  O 09292026 1901 12
   12725  O 09292026 1901 03
   11267  O 09292026 1901 03
   11692  O 09292026 1901 11
   12368  O 09292026 1902 11
   12695  O 09292026 1902 04
   03151  O 09292026 1902 03
   12804  O 09292026 1902 04
   12853  O 09292026 1902 12
   12097  O 09292026 1902 07
   12246  O 09292026 1902 04
   11167  O 09292026 1902 03
   10605  O 09292026 1902 07
   11784  O 09292026 1902 11
   01369  O 09292026 1902 03
   12500  O 09292026 1903 03
   12877  O 09292026 1903 03
   12074  O 09292026 1904 04
   12125  O 09292026 1904 11
   01295  O 09292026 1904 07
   12792  O 09292026 1905 07
   12337  I 09292026 1905 01
   10425  O 09292026 1907 03
   12066  O 09292026 1908 08
   01452  O 09292026 1910 04
   11519  O 09292026 1911 07
   12861  O 09292026 1911 12
   11522  O 09292026 1914 04
   12021  I 09292026 1922 02
   12325  O 09292026 1924 11
   12084  O 09292026 1933 03
   12724  I 09292026 2029 05
   12674  O 09292026 2101 12
   10642  I 09292026 2105 05
   10357  O 09292026 2109 03
   12919  I 09292026 2123 01
   12759  I 09292026 2126 06
   12678  I 09292026 2127 06
   12950  I 09292026 2129 06
   11607  I 09292026 2131 06
   12924  I 09292026 2136 01
   10847  I 09292026 2139 05
   10809  I 09292026 2139 05
   12718  I 09292026 2143 05
   11605  I 09292026 2145 05
   01425  I 09292026 2153 06
   12413  I 09292026 2158 05
   11387  I 09292026 2159 05
   01428  I 09292026 2205 05
   10264  I 09292026 2205 06
   12475  I 09292026 2207 06
   12530  I 09292026 2208 02
   10604  I 09292026 2209 01
   03053  I 09292026 2209 05
   12595  I 09292026 2209 06
   12673  I 09292026 2211 05
   12496  I 09292026 2211 13
   12653  I 09292026 2211 06
   12299  I 09292026 2211 05
   12807  I 09292026 2212 06
   12938  I 09292026 2212 06
   11538  I 09292026 2213 05
   12849  I 09292026 2214 05
   12598  I 09292026 2214 06
   11250  I 09292026 2219 06
   01344  I 09292026 2219 05
   03017  I 09292026 2220 05
   11390  I 09292026 2221 06
   12629  I 09292026 2222 05
   12957  I 09292026 2223 01
   10726  I 09292026 2223 01
   12359  I 09292026 2223 06
   12647  I 09292026 2223 01
   01459  I 09292026 2224 05
   03152  I 09292026 2224 02
   03027  I 09292026 2224 05
   12818  I 09292026 2225 01
   12486  I 09292026 2225 06
   01302  I 09292026 2227 06
   11940  I 09292026 2227 06
   10240  I 09292026 2227 06
   12731  I 09292026 2227 05
   10607  I 09292026 2227 01
   10309  I 09292026 2227 06
   10641  I 09292026 2227 05
   12872  I 09292026 2227 01
   12417  I 09292026 2227 06
   12476  I 09292026 2229 02
   03168  I 09292026 2229 06
   12840  I 09292026 2229 05
   10140  I 09292026 2230 05
   12650  I 09292026 2230 05
   12255  I 09292026 2231 05
   12291  I 09292026 2232 01
   12869  I 09292026 2232 05
   12682  I 09292026 2233 05
   12553  I 09292026 2233 05
   03037  I 09292026 2234 06
   12485  I 09292026 2234 05
   12809  I 09292026 2235 05
   12863  I 09292026 2235 01
   12138  I 09292026 2235 02
   12758  I 09292026 2235 01
   10219  I 09292026 2235 05
   12926  I 09292026 2236 01
   01483  I 09292026 2236 06
   12266  I 09292026 2236 02
   12726  I 09292026 2236 05
   11402  I 09292026 2236 05
   01446  I 09292026 2236 06
   10675  I 09292026 2236 05
   12236  I 09292026 2237 06
   01470  I 09292026 2237 05
   12743  I 09292026 2237 05
   12217  I 09292026 2238 02
   11776  I 09292026 2238 06
   12642  I 09292026 2238 05
   03078  I 09292026 2238 06
   11942  I 09292026 2239 05
   12894  I 09292026 2239 06
   10243  I 09292026 2239 02
   11848  I 09292026 2239 06
   11879  I 09292026 2240 06
   10318  I 09292026 2240 01
   12798  I 09292026 2240 02
   11534  I 09292026 2240 06
   12858  I 09292026 2240 05
   12701  I 09292026 2240 01
   11765  I 09292026 2241 06
   12206  I 09292026 2241 02
   12503  I 09292026 2241 05
   03112  I 09292026 2241 06
   11772  I 09292026 2241 06
   10026  I 09292026 2241 05
   12142  I 09292026 2241 06
   12353  I 09292026 2242 05
   11780  I 09292026 2242 06
   12339  I 09292026 2242 05
   12855  I 09292026 2243 02
   12827  I 09292026 2245 01
   12082  I 09292026 2245 06
   12349  I 09292026 2245 01
   12742  I 09292026 2245 02
   12546  I 09292026 2246 06
   12612  I 09292026 2246 02
   12153  I 09292026 2246 02
   11650  I 09292026 2246 01
   03103  I 09292026 2247 02
   12821  I 09292026 2247 06
   12180  I 09292026 2247 06
   01373  I 09292026 2247 05
   12244  I 09292026 2248 02
   03032  I 09292026 2249 02
   03104  I 09292026 2249 05
   10808  I 09292026 2251 06
   12122  I 09292026 2252 06
   12720  I 09292026 2253 05
   10574  I 09292026 2253 05
   12371  I 09292026 2254 05
   12329  I 09292026 2255 02
   12237  I 09292026 2255 05
   10658  I 09292026 2255 06
   12076  I 09292026 2255 01
   12545  I 09292026 2256 02
   01512  I 09292026 2256 01
   12846  I 09292026 2256 05
   03030  I 09292026 2256 01
   12370  I 09292026 2256 06
   11286  I 09292026 2256 02
   12230  I 09292026 2257 06
   01351  I 09292026 2257 06
   12820  I 09292026 2258 06
   12248  I 09292026 2258 02
   12471  I 09292026 2258 02
   12667  I 09292026 2259 01
   10116  O 09292026 2300 12
   10608  I 09292026 2300 01
   11498  O 09292026 2300 11
   11774  O 09292026 2300 04
   03047  O 09292026 2300 08
   03012  O 09292026 2300 07
   01249  O 09292026 2300 12
   10469  O 09292026 2300 03
   10127  O 09292026 2300 12
   12664  O 09292026 2300 07
   10678  O 09292026 2300 04
   12020  O 09292026 2300 08
   12539  O 09292026 2300 12
   12556  O 09292026 2300 03
   11496  O 09292026 2300 11
   12625  O 09292026 2300 07
   10386  O 09292026 2300 04
   11936  O 09292026 2300 14
   12460  O 09292026 2300 03
   11169  O 09292026 2300 08
   12409  O 09292026 2300 11
   10021  O 09292026 2300 12
   12557  O 09292026 2300 07
   10706  O 09292026 2300 14
   03123  O 09292026 2300 12
   12930  O 09292026 2300 04
   12832  O 09292026 2300 03
   12615  O 09292026 2300 08
   12967  O 09292026 2300 11
   10697  O 09292026 2300 12
   12712  O 09292026 2300 04
   12887  O 09292026 2300 03
   10369  O 09292026 2300 11
   01367  I 09292026 2300 05
   12067  O 09292026 2300 08
   12601  O 09292026 2300 04
   03119  O 09292026 2300 11
   10705  I 09292026 2300 02
   10467  O 09292026 2300 03
   12631  O 09292026 2300 11
   12783  O 09292026 2300 12
   01319  O 09292026 2300 04
   12901  O 09292026 2300 12
   12096  I 09292026 2300 01
   10807  O 09292026 2300 03
   01405  O 09292026 2300 03
   01330  O 09292026 2300 04
   12736  I 09292026 2300 05
   12780  O 09292026 2301 11
   01306  O 09292026 2301 04
   10669  O 09292026 2301 03
   12620  O 09292026 2301 12
   12057  O 09292026 2301 04
   10720  O 09292026 2301 11
   10221  O 09292026 2301 03
   11266  O 09292026 2301 12
   01296  O 09292026 2301 14
   10200  O 09292026 2301 07
   11652  O 09292026 2301 04
   01475  O 09292026 2301 03
   12238  O 09292026 2301 11
   10794  O 09292026 2301 07
   12662  O 09292026 2301 04
   11537  O 09292026 2301 08
   12247  O 09292026 2301 11
   12828  O 09292026 2301 03
   11248  O 09292026 2301 11
   12487  O 09292026 2301 12
   12740  O 09292026 2301 03
   12711  O 09292026 2301 07
   12112  O 09292026 2301 11
   12793  O 09292026 2301 03
   12576  O 09292026 2301 03
   12757  O 09292026 2301 08
   12085  I 09292026 2301 01
   12856  O 09292026 2301 03
   10091  O 09292026 2301 04
   12843  O 09292026 2302 03
   01341  O 09292026 2302 12
   03176  O 09292026 2302 04
   10083  O 09292026 2302 07
   12136  O 09292026 2302 03
   03182  O 09292026 2302 04
   10612  O 09292026 2302 14
   10617  O 09292026 2302 04
   12497  O 09292026 2302 04
   10843  O 09292026 2302 07
   12059  O 09292026 2302 03
   12823  O 09292026 2302 03
   10148  O 09292026 2302 07
   01333  O 09292026 2302 12
   12944  O 09292026 2302 04
   10384  O 09292026 2302 08
   12761  O 09292026 2302 03
   10456  O 09292026 2302 07
   12831  O 09292026 2302 03
   12760  O 09292026 2302 03
   10589  O 09292026 2302 04
   12457  O 09292026 2302 07
   12184  O 09292026 2302 11
   11495  O 09292026 2302 04
   12844  O 09292026 2302 03
   10144  O 09292026 2302 07
   12730  O 09292026 2302 12
   12679  O 09292026 2303 11
   10201  O 09292026 2303 04
   11779  O 09292026 2303 08
   10817  I 09292026 2303 01
   10696  O 09292026 2303 04
   12727  O 09292026 2303 11
   12392  O 09292026 2303 03
   12948  O 09292026 2303 03
   12147  I 09292026 2303 02
   12489  O 09292026 2303 12
   12721  O 09292026 2303 08
   10245  O 09292026 2303 03
   03136  O 09292026 2303 03
   12903  O 09292026 2303 03
   12302  I 09292026 2303 01
   12561  O 09292026 2303 03
   12722  I 09292026 2303 01
   12611  O 09292026 2303 04
   01317  O 09292026 2303 12
   03161  O 09292026 2303 03
   12622  O 09292026 2303 04
   10356  O 09292026 2303 07
   12354  O 09292026 2303 08
   11687  O 09292026 2303 03
   12135  O 09292026 2303 04
   12582  O 09292026 2304 07
   12687  O 09292026 2304 03
   12624  O 09292026 2304 04
   12064  O 09292026 2304 03
   12951  O 09292026 2304 04
   10145  I 09292026 2304 01
   11388  O 09292026 2304 08
   01327  O 09292026 2304 12
   11725  O 09292026 2304 03
   11647  O 09292026 2304 07
   12874  O 09292026 2304 04
   12543  O 09292026 2304 03
   01312  O 09292026 2304 12
   12886  O 09292026 2304 04
   10640  O 09292026 2304 03
   10184  O 09292026 2304 04
   03085  O 09292026 2304 08
   12458  O 09292026 2304 03
   12269  O 09292026 2304 12
   03126  O 09292026 2305 03
   12058  O 09292026 2305 03
   12700  O 09292026 2305 04
   10785  O 09292026 2305 12
   12666  O 09292026 2306 03
   12676  O 09292026 2306 11
   12706  O 09292026 2307 11
   01510  O 09292026 2308 03
   12738  O 09292026 2308 03
   12555  O 09292026 2308 07
   12204  O 09292026 2308 07
   10073  O 09292026 2309 11
   12088  O 09292026 2309 12
   12841  O 09292026 2309 03
   10046  O 09292026 2309 03
   03124  O 09292026 2310 03
   12488  O 09292026 2311 11
   10849  O 09292026 2311 03
   01382  O 09292026 2316 08
   12412  O 09292026 2319 12
   01276  O 09292026 2321 03
   12199  O 09292026 2321 04
   12569  O 09292026 2321 12
   01432  O 09292026 2322 08
   11789  O 09292026 2322 07
   01499  O 09292026 2323 07
   01449  O 09292026 2324 08
   12110  O 09292026 2326 07
   01456  O 09292026 2333 08
   01468  O 09292026 2338 12
