   01454  I 09142026 0251 01
   03068  I 09142026 0448 05
   12474  O 09142026 0500 11
   01468  I 09142026 0532 05
   11690  I 09142026 0536 06
   12692  I 09142026 0539 05
   03151  I 09142026 0544 01
   12628  I 09142026 0552 05
   03007  I 09142026 0552 06
   12392  I 09142026 0552 05
   01306  I 09142026 0557 02
   03062  I 09142026 0600 05
   10127  I 09142026 0600 06
   12249  I 09142026 0602 05
   12631  I 09142026 0603 06
   01231  I 09142026 0604 05
   01319  I 09142026 0605 01
   01423  I 09142026 0605 05
   11267  I 09142026 0605 05
   12844  I 09142026 0605 02
   12632  I 09142026 0609 05
   12947  I 09142026 0610 02
   12897  I 09142026 0611 01
   12539  I 09142026 0611 06
   12625  I 09142026 0611 05
   01295  I 09142026 0613 02
   03047  I 09142026 0613 05
   01339  I 09142026 0613 06
   10071  I 09142026 0613 05
   12965  I 09142026 0613 02
   12664  I 09142026 0614 06
   12561  I 09142026 0614 01
   12903  I 09142026 0615 01
   11647  I 09142026 0616 05
   01249  I 09142026 0616 05
   12967  I 09142026 0616 06
   03170  I 09142026 0616 01
   10456  I 09142026 0616 05
   03119  I 09142026 0616 05
   12461  I 09142026 0617 05
   12497  I 09142026 0617 01
   12812  I 09142026 0618 06
   12760  I 09142026 0618 01
   12856  I 09142026 0618 02
   10021  I 09142026 0619 05
   12676  I 09142026 0619 05
   11767  I 09142026 0620 05
   12889  I 09142026 0620 05
   12948  I 09142026 0620 01
   12136  I 09142026 0620 02
   11167  I 09142026 0620 01
   12791  I 09142026 0620 02
   10736  I 09142026 0620 01
   10201  I 09142026 0621 01
   12761  I 09142026 0621 02
   12532  I 09142026 0621 05
   12712  I 09142026 0622 06
   10199  I 09142026 0623 05
   11652  I 09142026 0623 01
   12530  I 09142026 0623 02
   12072  I 09142026 0623 02
   11605  I 09142026 0623 05
   01449  I 09142026 0623 02
   12711  I 09142026 0623 06
   03061  I 09142026 0624 06
   10100  I 09142026 0624 06
   01495  I 09142026 0624 05
   12110  I 09142026 0625 02
   12810  I 09142026 0625 06
   10369  I 09142026 0626 06
   12949  I 09142026 0626 01
   01320  I 09142026 0626 06
   01333  I 09142026 0626 05
   10807  I 09142026 0626 01
   12762  I 09142026 0627 01
   12831  I 09142026 0627 02
   12317  I 09142026 0628 01
   11936  I 09142026 0628 06
   01487  I 09142026 0628 02
   01266  I 09142026 0628 05
   12584  I 09142026 0628 06
   12813  I 09142026 0628 06
   12267  I 09142026 0628 05
   10285  I 09142026 0628 06
   12679  I 09142026 0628 05
   12780  I 09142026 0629 06
   10356  I 09142026 0630 05
   10706  I 09142026 0630 06
   01504  I 09142026 0630 02
   10720  I 09142026 0630 06
   10849  I 09142026 0630 01
   11646  I 09142026 0631 06
   12721  I 09142026 0631 02
   12833  I 09142026 0632 06
   12502  I 09142026 0632 06
   01432  I 09142026 0633 05
   12094  I 09142026 0633 05
   10184  I 09142026 0634 06
   01330  I 09142026 0634 06
   12945  I 09142026 0634 06
   12188  I 09142026 0634 01
   10605  I 09142026 0634 06
   12440  I 09142026 0634 05
   12376  I 09142026 0634 02
   10054  I 09142026 0634 01
   10200  I 09142026 0634 05
   12793  I 09142026 0635 01
   12020  I 09142026 0635 06
   12371  I 09142026 0635 05
   12693  I 09142026 0635 06
   12234  I 09142026 0636 01
   10697  I 09142026 0636 05
   12944  I 09142026 0636 01
   10847  I 09142026 0636 05
   12569  I 09142026 0637 05
   12609  I 09142026 0637 06
   10841  I 09142026 0637 05
   11266  I 09142026 0637 05
   11498  I 09142026 0637 06
   10176  I 09142026 0637 06
   12930  I 09142026 0637 01
   12409  I 09142026 0637 06
   10766  I 09142026 0637 05
   01475  I 09142026 0638 01
   10116  I 09142026 0638 05
   03176  I 09142026 0638 05
   12662  I 09142026 0638 02
   12669  I 09142026 0638 06
   12354  I 09142026 0639 05
   10407  I 09142026 0639 09
   10606  I 09142026 0639 01
   10759  I 09142026 0639 06
   10050  I 09142026 0639 02
   11166  I 09142026 0639 01
   12701  I 09142026 0640 01
   10698  I 09142026 0640 06
   11784  I 09142026 0640 05
   11779  I 09142026 0640 02
   10357  I 09142026 0640 06
   12451  I 09142026 0640 02
   12832  I 09142026 0640 05
   12341  I 09142026 0640 06
   11169  I 09142026 0640 02
   12764  I 09142026 0640 06
   12049  I 09142026 0641 05
   11787  I 09142026 0641 06
   10135  I 09142026 0641 05
   03123  I 09142026 0641 06
   12356  I 09142026 0641 02
   10576  I 09142026 0641 02
   03058  I 09142026 0642 06
   12067  I 09142026 0642 06
   11248  I 09142026 0642 06
   12825  I 09142026 0642 01
   12951  I 09142026 0642 02
   01232  I 09142026 0642 06
   10609  I 09142026 0642 05
   10827  I 09142026 0642 01
   12084  I 09142026 0642 02
   12191  I 09142026 0642 01
   01345  I 09142026 0643 06
   01436  I 09142026 0643 05
   01452  I 09142026 0643 02
   10617  I 09142026 0643 05
   10232  I 09142026 0643 01
   10589  I 09142026 0643 06
   12647  I 09142026 0643 01
   10017  I 09142026 0643 06
   11937  I 09142026 0643 06
   12156  I 09142026 0643 06
   12208  I 09142026 0644 05
   12727  I 09142026 0644 06
   03012  I 09142026 0644 05
   01499  I 09142026 0644 06
   12222  I 09142026 0644 05
   10588  I 09142026 0644 06
   01365  I 09142026 0644 05
   11725  I 09142026 0645 01
   10843  I 09142026 0645 06
   12783  I 09142026 0645 05
   10786  I 09142026 0645 06
   12698  I 09142026 0645 02
   12057  I 09142026 0645 01
   10669  I 09142026 0645 02
   12383  I 09142026 0645 01
   12184  I 09142026 0645 05
   12654  I 09142026 0646 05
   11863  I 09142026 0646 06
   12412  I 09142026 0646 05
   10700  I 09142026 0646 06
   10490  I 09142026 0646 06
   10794  I 09142026 0646 06
   12066  I 09142026 0646 06
   12372  I 09142026 0646 01
   12439  I 09142026 0647 02
   12843  I 09142026 0647 01
   12578  I 09142026 0647 02
   03124  I 09142026 0647 02
   10144  I 09142026 0647 05
   12755  I 09142026 0647 02
   12064  I 09142026 0647 01
   11694  I 09142026 0647 06
   10385  I 09142026 0647 05
   10611  I 09142026 0648 09
   12855  I 09142026 0648 02
   01417  I 09142026 0648 06
   12329  I 09142026 0648 02
   12853  I 09142026 0648 05
   10261  I 09142026 0648 05
   01456  I 09142026 0649 06
   12805  I 09142026 0649 05
   12221  I 09142026 0649 09
   12462  I 09142026 0649 05
   01374  I 09142026 0650 01
   12499  I 09142026 0650 02
   10581  I 09142026 0650 05
   12687  I 09142026 0650 06
   03120  I 09142026 0651 05
   12829  I 09142026 0651 02
   12763  I 09142026 0651 02
   12373  I 09142026 0651 01
   10469  I 09142026 0651 02
   10231  I 09142026 0651 01
   12716  I 09142026 0651 06
   12254  I 09142026 0652 05
   12901  I 09142026 0652 06
   01276  I 09142026 0652 01
   10384  I 09142026 0652 05
   11495  I 09142026 0652 02
   12298  I 09142026 0652 02
   12710  I 09142026 0652 05
   11519  I 09142026 0653 09
   12543  I 09142026 0653 06
   12293  I 09142026 0653 05
   10449  I 09142026 0653 06
   11687  I 09142026 0653 01
   12699  O 09142026 0654 03
   12699  I 09142026 0654 02
   12757  I 09142026 0654 06
   12538  I 09142026 0654 02
   12305  I 09142026 0654 06
   11496  I 09142026 0654 05
   11408  I 09142026 0655 02
   12620  I 09142026 0655 06
   12275  I 09142026 0655 06
   12417  I 09142026 0656 06
   12740  I 09142026 0656 02
   12135  I 09142026 0656 01
   12238  I 09142026 0656 05
   03085  I 09142026 0656 06
   10350  I 09142026 0656 09
   01415  I 09142026 0656 05
   10425  I 09142026 0656 02
   10148  I 09142026 0657 05
   11537  I 09142026 0657 06
   12557  I 09142026 0657 01
   12487  I 09142026 0657 05
   10245  I 09142026 0657 01
   12807  I 09142026 0657 06
   12657  I 09142026 0657 06
   01405  I 09142026 0657 06
   01341  I 09142026 0657 01
   10796  I 09142026 0658 01
   10146  I 09142026 0658 05
   11692  I 09142026 0659 01
   12730  I 09142026 0659 02
   10378  I 09142026 0659 01
   03102  I 09142026 0659 01
   12093  I 09142026 0659 06
   03161  I 09142026 0659 01
   11650  O 09142026 0700 04
   12457  O 09142026 0700 08
   11879  O 09142026 0700 07
   10809  O 09142026 0700 03
   11848  O 09142026 0700 11
   12021  O 09142026 0700 14
   12627  O 09142026 0700 12
   12670  O 09142026 0700 04
   12187  I 09142026 0700 06
   12460  O 09142026 0700 03
   11286  O 09142026 0700 08
   12260  O 09142026 0700 12
   12845  O 09142026 0700 11
   11693  O 09142026 0700 07
   11724  O 09142026 0700 03
   12741  O 09142026 0700 04
   10070  O 09142026 0700 11
   10658  O 09142026 0700 08
   11926  O 09142026 0700 07
   01296  O 09142026 0700 14
   12307  O 09142026 0700 12
   12668  O 09142026 0700 03
   12601  O 09142026 0700 04
   12732  O 09142026 0700 12
   10177  O 09142026 0700 08
   10831  O 09142026 0700 12
   12638  O 09142026 0700 11
   12337  O 09142026 0700 03
   10386  O 09142026 0700 04
   11943  I 09142026 0700 05
   12555  I 09142026 0700 01
   10696  I 09142026 0700 02
   12467  O 09142026 0700 12
   12355  O 09142026 0700 03
   11719  O 09142026 0700 04
   12808  O 09142026 0700 07
   10780  O 09142026 0700 12
   12852  O 09142026 0700 11
   12058  O 09142026 0700 03
   12611  I 09142026 0700 02
   12890  O 09142026 0700 11
   11400  O 09142026 0700 12
   12306  O 09142026 0700 07
   12816  O 09142026 0701 03
   12467  I 09142026 0701 10
   11355  I 09142026 0701 01
   12612  O 09142026 0701 03
   12204  O 09142026 0701 07
   12471  O 09142026 0701 08
   12467  O 09142026 0701 12
   12820  O 09142026 0701 14
   12488  I 09142026 0701 02
   12342  O 09142026 0701 11
   12851  O 09142026 0701 07
   10046  O 09142026 0701 03
   10202  O 09142026 0701 08
   10712  I 09142026 0701 06
   12375  I 09142026 0701 02
   12742  O 09142026 0701 03
   11780  O 09142026 0701 11
   12821  O 09142026 0701 07
   03010  O 09142026 0701 08
   11940  O 09142026 0701 04
   12475  O 09142026 0701 07
   12624  I 09142026 0701 01
   03173  O 09142026 0701 03
   01459  O 09142026 0701 12
   12614  I 09142026 0701 01
   11522  I 09142026 0702 02
   12582  I 09142026 0702 01
   12666  I 09142026 0702 01
   12737  I 09142026 0702 02
   10091  O 09142026 0702 08
   10598  O 09142026 0702 07
   10086  O 09142026 0702 07
   10640  I 09142026 0702 01
   12861  O 09142026 0702 08
   03136  I 09142026 0702 01
   10373  O 09142026 0702 12
   12248  O 09142026 0702 03
   12689  O 09142026 0702 07
   12688  O 09142026 0702 08
   10133  O 09142026 0702 12
   12731  O 09142026 0702 11
   12798  O 09142026 0702 04
   12695  O 09142026 0702 03
   12677  O 09142026 0702 07
   12694  I 09142026 0703 02
   01369  I 09142026 0703 06
   11221  I 09142026 0703 01
   10466  I 09142026 0703 02
   12112  O 09142026 0703 11
   12544  O 09142026 0703 11
   11388  I 09142026 0703 02
   10585  O 09142026 0703 04
   03035  O 09142026 0703 11
   12874  O 09142026 0703 03
   12085  O 09142026 0703 03
   12886  O 09142026 0703 04
   01425  O 09142026 0704 12
   12131  O 09142026 0704 04
   10358  O 09142026 0704 11
   01477  O 09142026 0704 12
   03118  O 09142026 0704 07
   03179  O 09142026 0704 12
   12790  O 09142026 0704 03
   12369  O 09142026 0704 12
   12370  O 09142026 0704 12
   12186  O 09142026 0704 07
   12224  O 09142026 0704 12
   12651  O 09142026 0704 12
   10055  I 09142026 0704 01
   03141  O 09142026 0704 12
   01448  O 09142026 0705 03
   10234  O 09142026 0705 04
   10573  O 09142026 0705 03
   11933  O 09142026 0705 04
   12717  I 09142026 0705 05
   03101  I 09142026 0706 02
   12854  O 09142026 0706 12
   12113  O 09142026 0706 11
   01422  O 09142026 0706 07
   12640  I 09142026 0706 02
   12738  O 09142026 0706 03
   12706  O 09142026 0706 11
   12266  O 09142026 0707 03
   03027  O 09142026 0707 11
   03039  O 09142026 0707 08
   09704  O 09142026 0707 08
   01511  O 09142026 0708 03
   11398  O 09142026 0708 08
   12148  O 09142026 0708 04
   10073  O 09142026 0708 12
   12546  O 09142026 0708 12
   12189  O 09142026 0708 11
   01325  O 09142026 0708 08
   12803  O 09142026 0708 07
   03148  O 09142026 0709 03
   12463  O 09142026 0710 12
   12736  O 09142026 0711 12
   03088  O 09142026 0712 07
   12115  O 09142026 0712 11
   09833  O 09142026 0715 11
   12059  O 09142026 0715 04
   03152  O 09142026 0716 04
   12325  O 09142026 0717 11
   03026  O 09142026 0717 11
   10287  O 09142026 0720 07
   10705  O 09142026 0724 11
   12334  O 09142026 0724 07
   01234  O 09142026 0733 04
   12390  O 09142026 0737 04
   10663  O 09142026 0739 11
   03098  O 09142026 0745 11
   12125  I 09142026 0824 06
   10678  I 09142026 0829 02
   12623  I 09142026 0947 02
   12700  I 09142026 1017 05
   11607  I 09142026 1025 06
   03104  I 09142026 1045 01
   03101  O 09142026 1102 04
   01413  I 09142026 1123 06
   10369  O 09142026 1124 07
   12760  O 09142026 1148 03
   01355  I 09142026 1246 05
   11774  I 09142026 1256 02
   10642  I 09142026 1304 05
   12822  I 09142026 1312 05
   01312  I 09142026 1321 05
   12678  I 09142026 1330 06
   10809  I 09142026 1331 05
   12924  I 09142026 1331 06
   03053  I 09142026 1335 05
   10140  I 09142026 1338 05
   01344  I 09142026 1340 05
   10224  I 09142026 1340 06
   12718  I 09142026 1344 05
   10383  I 09142026 1344 06
   12759  I 09142026 1353 01
   12205  I 09142026 1353 02
   12898  I 09142026 1355 02
   01428  I 09142026 1355 05
   12963  I 09142026 1355 01
   12673  I 09142026 1357 05
   03148  I 09142026 1359 02
   12069  I 09142026 1400 06
   12938  I 09142026 1401 06
   11250  I 09142026 1401 06
   12929  I 09142026 1402 01
   12162  I 09142026 1403 02
   11928  I 09142026 1403 05
   12724  I 09142026 1406 05
   12922  I 09142026 1408 01
   12353  I 09142026 1408 05
   12869  I 09142026 1410 05
   12928  I 09142026 1410 01
   12128  I 09142026 1411 06
   12612  I 09142026 1411 06
   12080  I 09142026 1412 06
   10309  I 09142026 1415 06
   12255  I 09142026 1417 05
   10523  I 09142026 1417 06
   01317  I 09142026 1418 02
   12458  I 09142026 1418 02
   12575  I 09142026 1418 05
   12863  I 09142026 1419 01
   12334  I 09142026 1419 02
   12475  I 09142026 1420 06
   03017  I 09142026 1421 05
   11390  I 09142026 1421 06
   12355  I 09142026 1421 02
   12950  I 09142026 1421 02
   12610  I 09142026 1422 06
   12595  I 09142026 1422 06
   11940  I 09142026 1422 06
   10240  I 09142026 1422 06
   03153  I 09142026 1423 06
   12872  I 09142026 1424 01
   12650  I 09142026 1424 05
   03152  I 09142026 1424 06
   10223  I 09142026 1424 05
   12731  I 09142026 1425 05
   12858  I 09142026 1425 05
   12433  I 09142026 1425 01
   11538  I 09142026 1425 06
   12840  I 09142026 1425 05
   12785  I 09142026 1426 01
   11879  I 09142026 1426 06
   12085  I 09142026 1426 05
   10726  I 09142026 1426 06
   12668  I 09142026 1427 01
   12962  I 09142026 1427 02
   12206  I 09142026 1428 02
   10607  I 09142026 1428 01
   12849  I 09142026 1428 05
   10641  I 09142026 1429 05
   03037  I 09142026 1430 05
   12413  I 09142026 1430 05
   01302  I 09142026 1430 06
   12291  I 09142026 1430 01
   12653  I 09142026 1431 05
   12359  I 09142026 1431 06
   10775  I 09142026 1433 06
   10318  I 09142026 1433 01
   12236  I 09142026 1433 05
   11765  I 09142026 1433 06
   12809  I 09142026 1435 05
   12351  I 09142026 1435 02
   01448  I 09142026 1435 01
   03027  I 09142026 1436 05
   11724  I 09142026 1436 01
   11942  I 09142026 1436 05
   12058  I 09142026 1436 01
   12142  I 09142026 1437 06
   12639  I 09142026 1437 05
   12476  I 09142026 1438 02
   10219  I 09142026 1438 05
   12674  I 09142026 1439 06
   01356  I 09142026 1439 01
   03168  I 09142026 1439 06
   12601  I 09142026 1440 02
   12577  I 09142026 1440 09
   12894  I 09142026 1440 06
   10785  I 09142026 1441 06
   10243  I 09142026 1441 02
   01510  I 09142026 1441 02
   12726  I 09142026 1442 05
   12919  I 09142026 1442 01
   12090  I 09142026 1442 06
   10675  I 09142026 1442 01
   12682  I 09142026 1442 05
   10026  I 09142026 1443 06
   12663  I 09142026 1443 06
   12138  I 09142026 1444 02
   12743  I 09142026 1444 05
   12926  I 09142026 1444 05
   12821  I 09142026 1444 06
   01470  I 09142026 1444 05
   12598  I 09142026 1444 06
   10673  I 09142026 1444 05
   11402  I 09142026 1444 05
   12217  I 09142026 1445 01
   11848  I 09142026 1445 05
   01446  I 09142026 1445 06
   03078  I 09142026 1446 06
   11776  I 09142026 1446 06
   11534  I 09142026 1447 06
   12818  I 09142026 1447 01
   12827  I 09142026 1447 01
   01373  I 09142026 1447 05
   01351  I 09142026 1447 06
   12349  I 09142026 1448 01
   12471  I 09142026 1448 02
   11780  I 09142026 1448 06
   12798  I 09142026 1448 02
   12553  I 09142026 1448 05
   12629  I 09142026 1448 05
   12841  I 09142026 1449 01
   11926  I 09142026 1449 05
   12556  I 09142026 1449 02
   12642  I 09142026 1449 06
   12082  I 09142026 1449 06
   12819  I 09142026 1449 02
   12816  I 09142026 1449 01
   11772  I 09142026 1449 05
   12670  I 09142026 1449 01
   12299  I 09142026 1450 05
   01382  I 09142026 1450 06
   12299  O 09142026 1451 07
   12299  I 09142026 1451 05
   10808  I 09142026 1451 06
   10728  I 09142026 1451 06
   12339  I 09142026 1451 05
   01327  I 09142026 1452 01
   03032  I 09142026 1453 02
   12097  I 09142026 1453 05
   12742  I 09142026 1453 01
   12474  I 09142026 1454 05
   11494  I 09142026 1454 06
   01296  I 09142026 1454 13
   10500  I 09142026 1454 05
   12237  I 09142026 1455 05
   12720  I 09142026 1455 05
   12820  I 09142026 1455 06
   10574  I 09142026 1456 05
   12337  I 09142026 1456 01
   12485  I 09142026 1457 06
   03103  I 09142026 1457 02
   12545  I 09142026 1457 01
   11286  I 09142026 1458 02
   12096  I 09142026 1458 01
   12667  I 09142026 1458 01
   12122  I 09142026 1459 02
   10817  I 09142026 1459 01
   11650  I 09142026 1459 01
   12259  I 09142026 1459 06
   12254  O 09142026 1500 11
   10116  O 09142026 1500 12
   12669  O 09142026 1500 07
   12383  O 09142026 1500 03
   10807  O 09142026 1500 04
   10127  O 09142026 1500 12
   10017  O 09142026 1500 08
   01405  O 09142026 1500 03
   12499  O 09142026 1500 04
   12584  O 09142026 1500 12
   12275  O 09142026 1500 07
   12412  O 09142026 1500 11
   01319  O 09142026 1500 04
   11221  O 09142026 1500 03
   03170  O 09142026 1500 12
   10720  O 09142026 1500 11
   01330  O 09142026 1500 04
   12694  O 09142026 1500 03
   12409  O 09142026 1500 12
   12710  O 09142026 1500 11
   10046  I 09142026 1500 01
   12625  O 09142026 1500 04
   12538  O 09142026 1500 03
   11498  O 09142026 1500 11
   12730  O 09142026 1500 12
   12543  O 09142026 1500 04
   01367  I 09142026 1500 01
   12049  O 09142026 1500 14
   11605  O 09142026 1500 12
   12539  O 09142026 1500 11
   10581  O 09142026 1500 07
   12497  O 09142026 1500 04
   12392  O 09142026 1500 03
   12757  O 09142026 1500 12
   12812  O 09142026 1500 11
   11652  O 09142026 1500 04
   10736  O 09142026 1500 03
   12238  O 09142026 1500 11
   10589  O 09142026 1500 07
   03119  O 09142026 1500 12
   12666  O 09142026 1500 04
   10469  O 09142026 1500 03
   12712  O 09142026 1500 07
   12631  O 09142026 1500 12
   10200  O 09142026 1500 11
   10100  O 09142026 1500 08
   10456  O 09142026 1500 07
   10766  O 09142026 1501 07
   03085  O 09142026 1501 08
   12147  I 09142026 1501 02
   12487  O 09142026 1501 07
   01475  O 09142026 1501 04
   10231  O 09142026 1501 03
   10385  O 09142026 1501 08
   12298  O 09142026 1501 14
   12462  O 09142026 1501 07
   12763  O 09142026 1501 03
   10697  O 09142026 1501 11
   03012  O 09142026 1501 08
   10184  O 09142026 1501 04
   12094  O 09142026 1501 11
   10384  O 09142026 1501 03
   01345  O 09142026 1501 07
   11692  O 09142026 1501 08
   12965  O 09142026 1501 04
   12609  O 09142026 1501 08
   03068  O 09142026 1501 03
   10700  O 09142026 1501 07
   12727  O 09142026 1501 11
   12064  O 09142026 1501 03
   12557  O 09142026 1501 07
   11537  O 09142026 1501 08
   12901  O 09142026 1501 12
   11694  O 09142026 1501 07
   11687  O 09142026 1501 04
   12555  O 09142026 1501 11
   12813  O 09142026 1501 08
   11169  O 09142026 1501 07
   12679  O 09142026 1502 12
   10847  O 09142026 1502 08
   12949  O 09142026 1502 04
   12793  O 09142026 1502 03
   01436  O 09142026 1502 07
   12620  O 09142026 1502 11
   12440  O 09142026 1502 08
   12764  O 09142026 1502 12
   12856  O 09142026 1502 03
   10145  I 09142026 1502 01
   12662  O 09142026 1502 04
   11266  O 09142026 1502 11
   01306  O 09142026 1502 12
   12664  O 09142026 1502 07
   12843  O 09142026 1502 04
   12831  O 09142026 1502 03
   03123  O 09142026 1502 11
   12944  O 09142026 1502 04
   12791  O 09142026 1502 03
   11646  O 09142026 1502 12
   10696  O 09142026 1502 04
   12948  O 09142026 1502 03
   10144  O 09142026 1502 07
   11248  O 09142026 1502 11
   10576  O 09142026 1502 04
   12903  O 09142026 1502 03
   01454  O 09142026 1502 08
   01452  O 09142026 1502 04
   12897  O 09142026 1502 03
   10608  I 09142026 1503 01
   10678  O 09142026 1503 04
   12020  O 09142026 1503 11
   12844  O 09142026 1503 03
   01231  O 09142026 1503 07
   03047  O 09142026 1503 08
   10698  O 09142026 1503 03
   10285  O 09142026 1503 08
   10605  O 09142026 1503 07
   11787  O 09142026 1503 11
   11936  O 09142026 1503 08
   12230  I 09142026 1503 01
   10606  O 09142026 1503 04
   12701  O 09142026 1503 03
   12722  I 09142026 1503 01
   12706  I 09142026 1504 02
   10705  I 09142026 1504 01
   11779  O 09142026 1504 07
   12951  O 09142026 1504 08
   10611  O 09142026 1504 12
   12302  I 09142026 1504 01
   12267  O 09142026 1504 12
   10356  O 09142026 1504 07
   12354  O 09142026 1504 08
   12582  O 09142026 1504 08
   11647  O 09142026 1504 07
   11388  O 09142026 1504 08
   10148  O 09142026 1504 07
   12687  O 09142026 1504 08
   10071  O 09142026 1504 12
   12967  O 09142026 1505 07
   10176  O 09142026 1505 11
   12221  O 09142026 1505 12
   10350  O 09142026 1505 12
   12930  O 09142026 1505 03
   01341  O 09142026 1505 12
   11267  O 09142026 1505 11
   01295  O 09142026 1506 07
   11943  O 09142026 1506 07
   12372  O 09142026 1506 03
   11495  O 09142026 1506 04
   10794  O 09142026 1506 07
   11355  O 09142026 1506 08
   01369  O 09142026 1506 03
   03136  O 09142026 1506 03
   12611  O 09142026 1506 04
   10604  I 09142026 1506 01
   12199  I 09142026 1507 02
   12329  O 09142026 1507 04
   03161  O 09142026 1507 03
   10640  O 09142026 1507 04
   12654  O 09142026 1508 12
   12530  O 09142026 1509 04
   01499  O 09142026 1509 08
   10245  O 09142026 1509 03
   01333  O 09142026 1509 12
   01339  O 09142026 1509 12
   11937  O 09142026 1510 08
   12067  O 09142026 1510 08
   03058  O 09142026 1510 07
   12110  O 09142026 1510 08
   01504  O 09142026 1511 04
   01417  O 09142026 1511 08
   10261  O 09142026 1511 11
   12066  O 09142026 1512 14
   12561  O 09142026 1512 03
   10425  O 09142026 1513 03
   12762  O 09142026 1513 03
   01232  O 09142026 1513 11
   03007  O 09142026 1514 11
   12417  O 09142026 1514 08
   10588  O 09142026 1515 11
   10786  O 09142026 1515 08
   01249  O 09142026 1516 12
   12721  O 09142026 1518 08
   12072  O 09142026 1518 03
   10378  O 09142026 1518 04
   03176  O 09142026 1519 08
   12947  O 09142026 1520 03
   12136  O 09142026 1520 03
   01374  O 09142026 1521 04
   01449  O 09142026 1524 08
   12187  O 09142026 1524 12
   10843  O 09142026 1525 07
   01266  O 09142026 1525 08
   01365  O 09142026 1526 08
   12569  O 09142026 1532 12
   10135  O 09142026 1540 12
   01468  O 09142026 1549 12
   01456  O 09142026 1559 08
   10050  O 09142026 1600 04
   11166  O 09142026 1600 04
   01495  O 09142026 1602 11
   12640  O 09142026 1603 08
   12293  O 09142026 1603 07
   12488  O 09142026 1604 14
   12222  O 09142026 1700 07
   12451  O 09142026 1700 04
   12657  O 09142026 1700 03
   10796  O 09142026 1700 04
   10449  O 09142026 1703 08
   12376  O 09142026 1703 12
   10054  O 09142026 1705 03
   10407  O 09142026 1705 12
   12805  O 09142026 1706 07
   10841  O 09142026 1706 14
   01415  O 09142026 1706 14
   12890  I 09142026 1752 05
   11693  I 09142026 1759 05
   12717  O 09142026 1800 07
   10706  O 09142026 1800 08
   12191  O 09142026 1800 08
   11519  O 09142026 1801 07
   10055  O 09142026 1802 14
   12725  I 09142026 1802 01
   03141  I 09142026 1803 05
   12845  I 09142026 1804 06
   12305  O 09142026 1806 08
   03151  O 09142026 1811 03
   12846  I 09142026 1817 05
   12368  I 09142026 1818 06
   12732  I 09142026 1820 06
   10264  I 09142026 1826 06
   01483  I 09142026 1826 06
   10712  O 09142026 1828 07
   12439  O 09142026 1830 04
   10234  I 09142026 1830 01
   11522  O 09142026 1830 08
   12131  I 09142026 1834 02
   10169  I 09142026 1835 02
   12189  I 09142026 1837 05
   12790  I 09142026 1846 01
   10573  I 09142026 1847 01
   12500  I 09142026 1849 06
   12828  I 09142026 1850 01
   12861  I 09142026 1852 05
   12369  I 09142026 1853 05
   12415  I 09142026 1854 06
   12463  I 09142026 1854 05
   11789  I 09142026 1855 06
   12736  I 09142026 1855 05
   12248  I 09142026 1855 02
   12961  I 09142026 1856 06
   12738  I 09142026 1857 01
   12325  I 09142026 1859 01
   12208  O 09142026 1900 12
   12647  O 09142026 1900 03
   12693  O 09142026 1900 04
   12461  O 09142026 1900 07
   03061  O 09142026 1900 08
   12356  O 09142026 1900 03
   12502  O 09142026 1900 08
   12614  O 09142026 1900 03
   12317  O 09142026 1900 04
   11408  O 09142026 1900 03
   11496  O 09142026 1900 11
   12188  O 09142026 1900 03
   10669  O 09142026 1900 04
   01487  O 09142026 1900 03
   12698  O 09142026 1900 03
   12624  O 09142026 1900 04
   03062  O 09142026 1900 12
   11167  O 09142026 1900 03
   12810  O 09142026 1900 11
   03088  I 09142026 1901 01
   12375  O 09142026 1901 08
   12578  O 09142026 1901 07
   10232  O 09142026 1901 03
   11690  O 09142026 1901 08
   12783  O 09142026 1902 12
   12234  O 09142026 1902 03
   11784  O 09142026 1902 08
   12084  O 09142026 1903 03
   01276  O 09142026 1903 03
   12853  O 09142026 1903 12
   10466  O 09142026 1904 11
   12532  O 09142026 1905 11
   01423  O 09142026 1906 11
   10146  O 09142026 1906 08
   10827  O 09142026 1908 03
   12829  O 09142026 1908 03
   12373  O 09142026 1908 03
   12632  O 09142026 1911 12
   10759  O 09142026 1912 08
   12371  O 09142026 1913 08
   12125  O 09142026 1914 11
   11863  O 09142026 1915 12
   10199  O 09142026 2000 07
   12833  O 09142026 2000 08
   12945  O 09142026 2000 12
   12341  O 09142026 2001 11
   12737  O 09142026 2001 11
   12780  O 09142026 2002 12
   03098  I 09142026 2049 05
   10357  O 09142026 2106 08
   10333  I 09142026 2110 05
   01425  I 09142026 2137 06
   12307  I 09142026 2138 06
   03039  I 09142026 2143 05
   03135  I 09142026 2145 01
   10070  I 09142026 2146 05
   01402  I 09142026 2147 05
   01459  I 09142026 2147 05
   10795  I 09142026 2147 06
   10787  I 09142026 2153 06
   01335  I 09142026 2154 05
   12677  I 09142026 2156 05
   12269  I 09142026 2158 05
   12628  O 09142026 2200 04
   10201  O 09142026 2200 03
   01479  I 09142026 2201 06
   03179  I 09142026 2202 05
   12342  I 09142026 2202 06
   10202  I 09142026 2203 06
   12854  I 09142026 2205 06
   12246  I 09142026 2206 01
   10663  I 09142026 2207 05
   03167  I 09142026 2208 05
   12688  I 09142026 2210 06
   12802  I 09142026 2210 02
   03035  I 09142026 2210 05
   12808  I 09142026 2212 05
   12792  I 09142026 2212 01
   10831  I 09142026 2212 05
   11768  I 09142026 2213 06
   12531  I 09142026 2213 06
   12927  I 09142026 2214 01
   12888  I 09142026 2214 06
   12185  I 09142026 2214 01
   03172  I 09142026 2215 05
   12260  I 09142026 2216 05
   10221  I 09142026 2216 02
   12920  I 09142026 2216 01
   12824  I 09142026 2217 02
   11933  I 09142026 2218 01
   10306  I 09142026 2219 02
   01481  I 09142026 2219 05
   11400  I 09142026 2220 05
   12615  I 09142026 2220 05
   11223  I 09142026 2221 06
   12081  I 09142026 2222 05
   12496  I 09142026 2223 06
   12786  I 09142026 2224 01
   12943  I 09142026 2224 01
   10358  I 09142026 2224 05
   12266  I 09142026 2225 02
   12873  I 09142026 2226 01
   12627  I 09142026 2226 06
   12088  I 09142026 2227 06
   01325  I 09142026 2227 01
   12473  I 09142026 2227 05
   12396  I 09142026 2228 02
   12957  I 09142026 2229 02
   10839  I 09142026 2229 06
   12576  I 09142026 2230 06
   12651  I 09142026 2230 06
   09833  I 09142026 2231 05
   01422  I 09142026 2231 06
   12390  I 09142026 2232 02
   12241  I 09142026 2232 02
   12397  I 09142026 2232 01
   03018  I 09142026 2232 05
   10791  I 09142026 2232 02
   12814  I 09142026 2233 02
   12115  I 09142026 2233 01
   12672  I 09142026 2233 01
   12871  I 09142026 2234 01
   10291  I 09142026 2234 05
   12343  I 09142026 2234 06
   12826  I 09142026 2235 01
   12946  I 09142026 2235 06
   03112  I 09142026 2236 06
   12851  I 09142026 2237 05
   12055  I 09142026 2237 02
   03108  I 09142026 2237 05
   10825  I 09142026 2237 06
   12501  I 09142026 2238 06
   11222  I 09142026 2238 01
   12289  I 09142026 2239 06
   10222  I 09142026 2239 06
   10811  I 09142026 2239 05
   03059  I 09142026 2240 05
   12754  I 09142026 2240 06
   12804  I 09142026 2240 02
   10467  I 09142026 2240 01
   10386  I 09142026 2240 02
   11726  I 09142026 2240 01
   12558  I 09142026 2240 06
   12460  I 09142026 2241 02
   12357  I 09142026 2242 02
   10788  I 09142026 2242 05
   10522  I 09142026 2242 06
   12186  I 09142026 2242 06
   12652  I 09142026 2242 05
   11404  I 09142026 2243 06
   12862  I 09142026 2243 01
   12059  I 09142026 2243 02
   12695  I 09142026 2243 01
   03118  I 09142026 2244 06
   11719  I 09142026 2244 01
   10585  I 09142026 2244 02
   12904  I 09142026 2245 01
   12074  I 09142026 2245 02
   01433  I 09142026 2246 06
   10091  I 09142026 2246 05
   12661  I 09142026 2246 05
   12815  I 09142026 2246 06
   01511  I 09142026 2247 02
   10373  I 09142026 2247 01
   10780  I 09142026 2247 05
   01477  I 09142026 2247 06
   12852  I 09142026 2247 06
   10612  I 09142026 2248 06
   12622  I 09142026 2248 01
   12544  I 09142026 2248 06
   10086  I 09142026 2248 05
   03026  I 09142026 2248 01
   11398  I 09142026 2249 06
   03126  I 09142026 2249 06
   10658  I 09142026 2249 05
   10133  I 09142026 2250 01
   12130  I 09142026 2251 02
   11777  I 09142026 2252 05
   01357  I 09142026 2252 06
   01379  I 09142026 2252 02
   09676  I 09142026 2252 02
   03010  I 09142026 2252 01
   12456  I 09142026 2253 01
   12098  I 09142026 2253 02
   12540  I 09142026 2253 05
   01471  I 09142026 2253 05
   12546  I 09142026 2254 06
   12638  I 09142026 2254 02
   03030  I 09142026 2255 02
   12021  I 09142026 2255 01
   12244  I 09142026 2255 02
   10073  I 09142026 2256 05
   12799  I 09142026 2257 02
   12133  I 09142026 2257 01
   11946  I 09142026 2257 06
   12874  I 09142026 2258 01
   12886  I 09142026 2258 01
   01512  I 09142026 2258 02
   12306  I 09142026 2258 02
   10505  I 09142026 2259 02
   12700  O 09142026 2300 03
   12370  I 09142026 2300 06
   12553  O 09142026 2300 12
   12720  O 09142026 2300 07
   10318  O 09142026 2300 04
   12840  O 09142026 2300 11
   12711  O 09142026 2300 08
   10574  O 09142026 2300 12
   12630  I 09142026 2300 02
   11879  O 09142026 2300 11
   10809  O 09142026 2300 03
   10243  O 09142026 2300 04
   01470  O 09142026 2300 08
   03053  O 09142026 2300 07
   12807  O 09142026 2300 12
   12082  O 09142026 2300 11
   10728  O 09142026 2300 07
   10675  O 09142026 2300 03
   11607  O 09142026 2300 12
   12474  O 09142026 2300 11
   12692  O 09142026 2300 03
   01344  O 09142026 2300 08
   11650  O 09142026 2300 04
   12678  O 09142026 2300 11
   10642  O 09142026 2300 07
   12642  O 09142026 2300 12
   12112  I 09142026 2300 01
   12668  O 09142026 2300 03
   03037  O 09142026 2300 08
   12938  O 09142026 2300 11
   12689  I 09142026 2300 06
   12142  O 09142026 2300 12
   12858  O 09142026 2300 07
   10094  I 09142026 2300 01
   11724  O 09142026 2300 03
   12255  O 09142026 2300 12
   01355  O 09142026 2300 04
   12819  O 09142026 2300 08
   12809  O 09142026 2300 11
   10604  O 09142026 2300 03
   11848  O 09142026 2300 12
   12413  O 09142026 2300 04
   10617  O 09142026 2300 07
   12598  O 09142026 2300 11
   10607  O 09142026 2300 03
   01428  O 09142026 2300 08
   12217  O 09142026 2300 04
   10309  O 09142026 2300 12
   11538  O 09142026 2300 07
   12128  O 09142026 2300 11
   03102  O 09142026 2300 08
   12629  O 09142026 2300 12
   12057  O 09142026 2300 04
   12740  O 09142026 2300 03
   11942  O 09142026 2300 08
   12184  O 09142026 2300 07
   12610  O 09142026 2301 12
   12138  O 09142026 2301 03
   12716  O 09142026 2301 07
   11534  O 09142026 2301 08
   10609  O 09142026 2301 12
   10224  O 09142026 2301 07
   10641  O 09142026 2301 08
   01510  O 09142026 2301 03
   12673  O 09142026 2301 12
   01296  O 09142026 2301 14
   12612  O 09142026 2301 03
   03032  O 09142026 2301 07
   01351  O 09142026 2301 08
   12726  O 09142026 2301 12
   12869  O 09142026 2301 11
   12872  O 09142026 2301 04
   12337  O 09142026 2301 03
   12743  O 09142026 2301 07
   10726  O 09142026 2301 08
   12718  O 09142026 2301 04
   12676  O 09142026 2301 11
   12898  O 09142026 2301 03
   12928  O 09142026 2301 04
   03104  O 09142026 2301 14
   03120  O 09142026 2301 11
   12302  O 09142026 2301 07
   12639  O 09142026 2301 12
   12963  O 09142026 2301 03
   12863  O 09142026 2301 04
   12759  O 09142026 2301 04
   12832  O 09142026 2301 03
   01302  O 09142026 2301 04
   11765  O 09142026 2301 08
   11767  O 09142026 2301 12
   12855  O 09142026 2301 03
   11940  O 09142026 2301 04
   10785  O 09142026 2301 12
   10219  O 09142026 2301 08
   12926  O 09142026 2302 03
   12650  O 09142026 2302 12
   11390  O 09142026 2302 08
   10240  O 09142026 2302 04
   03148  O 09142026 2302 03
   12485  O 09142026 2302 12
   12798  O 09142026 2302 04
   12670  O 09142026 2302 03
   10500  O 09142026 2302 08
   12090  O 09142026 2302 07
   12575  O 09142026 2302 04
   10523  O 09142026 2302 03
   10724  I 09142026 2302 02
   11772  O 09142026 2302 07
   11392  I 09142026 2302 06
   12237  O 09142026 2302 08
   01396  I 09142026 2302 06
   12489  I 09142026 2302 02
   12761  O 09142026 2302 03
   12822  O 09142026 2302 03
   12653  O 09142026 2302 12
   12922  O 09142026 2302 03
   12206  O 09142026 2302 04
   12825  O 09142026 2302 03
   10705  O 09142026 2302 11
   10145  O 09142026 2302 04
   12122  O 09142026 2303 08
   12924  O 09142026 2302 03
   10223  O 09142026 2303 07
   11928  O 09142026 2303 04
   12236  O 09142026 2303 03
   11776  O 09142026 2303 08
   03078  O 09142026 2303 07
   12682  O 09142026 2303 12
   12755  O 09142026 2303 03
   03027  O 09142026 2303 07
   11780  O 09142026 2303 03
   01446  O 09142026 2303 08
   12849  O 09142026 2303 07
   12929  O 09142026 2303 03
   12962  O 09142026 2303 04
   12950  O 09142026 2303 03
   12113  I 09142026 2303 01
   12818  O 09142026 2303 04
   12355  O 09142026 2303 03
   12096  O 09142026 2303 04
   01327  O 09142026 2303 12
   11286  O 09142026 2303 03
   03168  O 09142026 2303 07
   12667  O 09142026 2303 04
   01367  O 09142026 2303 07
   12785  O 09142026 2303 03
   12249  O 09142026 2303 12
   10808  O 09142026 2303 07
   12741  I 09142026 2303 01
   03124  O 09142026 2303 04
   10775  O 09142026 2304 08
   12458  O 09142026 2304 03
   12351  O 09142026 2304 04
   12556  O 09142026 2304 04
   12706  O 09142026 2304 11
   12545  O 09142026 2304 03
   03017  O 09142026 2304 07
   01312  O 09142026 2304 12
   12577  O 09142026 2305 12
   11926  O 09142026 2305 11
   01317  O 09142026 2305 12
   10140  O 09142026 2305 07
   01320  O 09142026 2305 12
   03153  O 09142026 2305 11
   10021  O 09142026 2306 12
   10490  O 09142026 2306 08
   12841  O 09142026 2306 03
   10673  O 09142026 2306 07
   12663  O 09142026 2306 11
   01356  O 09142026 2306 03
   10817  O 09142026 2307 03
   11725  O 09142026 2307 03
   11688  I 09142026 2307 01
   12291  O 09142026 2307 04
   12085  O 09142026 2307 03
   12827  O 09142026 2308 03
   12334  O 09142026 2308 12
   12097  O 09142026 2308 11
   11402  O 09142026 2308 12
   12162  O 09142026 2308 03
   12919  O 09142026 2309 03
   12889  O 09142026 2309 04
   12623  O 09142026 2309 03
   10849  O 09142026 2310 03
   12147  O 09142026 2310 04
   10026  O 09142026 2313 07
   01373  O 09142026 2313 08
   01432  O 09142026 2313 08
   12135  O 09142026 2314 04
   12349  O 09142026 2314 03
   10765  I 09142026 2314 06
   12476  O 09142026 2316 03
   01382  O 09142026 2317 08
   03152  O 09142026 2317 04
   01413  O 09142026 2323 07
   12199  O 09142026 2325 03
   03103  O 09142026 2333 04
   10608  O 09142026 2351 12
