   12247  I 09032026 0001 01
   10712  O 09032026 0205 11
   01454  I 09032026 0450 01
   10642  I 09032026 0512 05
   09823  I 09032026 0524 06
   11690  I 09032026 0533 05
   12249  I 09032026 0539 05
   12628  I 09032026 0543 05
   12457  I 09032026 0546 05
   03007  I 09032026 0549 06
   10202  I 09032026 0551 06
   12844  I 09032026 0553 02
   12307  I 09032026 0553 06
   12627  I 09032026 0555 05
   10021  I 09032026 0559 05
   10809  I 09032026 0600 01
   01231  I 09032026 0601 05
   12532  I 09032026 0601 06
   12823  I 09032026 0604 01
   12673  I 09032026 0605 05
   01413  I 09032026 0606 06
   12711  I 09032026 0607 06
   12929  I 09032026 0608 01
   03141  I 09032026 0608 05
   01339  I 09032026 0608 06
   12897  I 09032026 0609 01
   12810  I 09032026 0609 06
   01481  I 09032026 0610 05
   12824  I 09032026 0610 02
   12965  I 09032026 0610 01
   01355  I 09032026 0611 05
   12967  I 09032026 0611 05
   12677  I 09032026 0611 05
   12759  I 09032026 0612 01
   10070  I 09032026 0614 05
   03120  I 09032026 0614 05
   03053  I 09032026 0615 05
   10224  I 09032026 0615 05
   12924  I 09032026 0615 01
   01344  I 09032026 0616 05
   11267  I 09032026 0616 01
   01428  I 09032026 0618 05
   12950  I 09032026 0618 02
   12898  I 09032026 0618 01
   12963  I 09032026 0618 01
   10736  I 09032026 0618 02
   12205  I 09032026 0618 01
   12460  I 09032026 0619 02
   12610  I 09032026 0619 06
   03122  I 09032026 0619 06
   11250  I 09032026 0620 06
   12962  I 09032026 0620 02
   10140  I 09032026 0621 05
   12938  I 09032026 0623 06
   12692  I 09032026 0624 01
   10199  I 09032026 0624 05
   12341  I 09032026 0625 05
   11942  I 09032026 0625 06
   11936  I 09032026 0625 05
   12595  I 09032026 0625 06
   12688  I 09032026 0625 05
   12872  I 09032026 0625 01
   12390  I 09032026 0625 01
   03098  I 09032026 0626 05
   10678  I 09032026 0627 02
   12826  I 09032026 0627 01
   12650  I 09032026 0627 05
   10373  I 09032026 0627 02
   10585  I 09032026 0627 02
   11498  I 09032026 0628 05
   11935  I 09032026 0628 06
   01423  I 09032026 0628 05
   03153  I 09032026 0628 06
   01495  I 09032026 0628 05
   03152  I 09032026 0629 06
   01483  I 09032026 0629 06
   12069  I 09032026 0630 06
   12863  I 09032026 0630 01
   12236  I 09032026 0630 05
   01232  I 09032026 0630 06
   12840  I 09032026 0630 06
   11607  I 09032026 0630 01
   10309  I 09032026 0630 06
   12693  I 09032026 0630 05
   10754  I 09032026 0631 06
   12718  I 09032026 0631 02
   12833  I 09032026 0631 05
   12476  I 09032026 0631 01
   12317  I 09032026 0631 01
   12355  I 09032026 0632 02
   12855  I 09032026 0632 02
   01325  I 09032026 0632 01
   10449  I 09032026 0632 05
   12353  I 09032026 0632 05
   10054  I 09032026 0632 02
   01345  I 09032026 0632 06
   10673  I 09032026 0633 06
   10605  I 09032026 0633 06
   11390  I 09032026 0633 06
   12156  O 09032026 0633 03
   12156  I 09032026 0633 02
   10467  I 09032026 0633 01
   12289  I 09032026 0633 06
   11767  I 09032026 0634 05
   12945  I 09032026 0634 06
   12869  I 09032026 0634 05
   11765  I 09032026 0635 06
   11933  I 09032026 0635 01
   12653  I 09032026 0635 05
   12849  I 09032026 0635 05
   12669  I 09032026 0635 05
   10050  I 09032026 0636 02
   12793  I 09032026 0636 01
   12647  I 09032026 0636 01
   12724  I 09032026 0636 05
   12255  I 09032026 0636 05
   10358  I 09032026 0636 06
   12350  I 09032026 0636 01
   12820  I 09032026 0636 06
   10675  I 09032026 0637 01
   12342  I 09032026 0637 06
   10641  I 09032026 0637 05
   12451  I 09032026 0637 02
   12926  I 09032026 0637 01
   12858  I 09032026 0637 05
   10357  I 09032026 0638 02
   01446  I 09032026 0638 06
   11863  I 09032026 0638 06
   12183  I 09032026 0638 06
   12056  I 09032026 0639 01
   12804  I 09032026 0639 02
   10827  I 09032026 0639 01
   01470  I 09032026 0639 05
   12234  I 09032026 0639 06
   12084  I 09032026 0639 02
   12191  I 09032026 0639 01
   12544  I 09032026 0639 05
   10318  I 09032026 0639 01
   10405  I 09032026 0639 06
   12639  I 09032026 0639 06
   10609  I 09032026 0640 05
   11879  I 09032026 0640 06
   12208  I 09032026 0640 05
   10766  I 09032026 0640 06
   12612  I 09032026 0640 02
   12919  I 09032026 0640 01
   11937  I 09032026 0640 06
   12112  I 09032026 0641 02
   12058  I 09032026 0641 01
   01504  I 09032026 0641 02
   10611  I 09032026 0641 09
   10604  I 09032026 0641 01
   03118  I 09032026 0641 06
   10135  I 09032026 0642 05
   10759  I 09032026 0642 05
   10697  I 09032026 0642 06
   12485  I 09032026 0642 05
   10700  I 09032026 0642 06
   12066  I 09032026 0642 06
   12186  I 09032026 0643 05
   01436  I 09032026 0643 06
   12260  I 09032026 0643 05
   12090  I 09032026 0643 06
   10232  I 09032026 0643 01
   10523  I 09032026 0643 02
   12594  I 09032026 0643 06
   03037  I 09032026 0643 05
   11387  I 09032026 0643 05
   10243  I 09032026 0643 01
   10576  I 09032026 0643 02
   12809  I 09032026 0643 05
   12674  I 09032026 0643 06
   11166  I 09032026 0643 01
   11780  I 09032026 0644 06
   12587  I 09032026 0644 01
   10234  I 09032026 0644 02
   12057  I 09032026 0644 01
   12726  I 09032026 0644 05
   12818  I 09032026 0644 01
   12351  I 09032026 0644 02
   12376  I 09032026 0645 06
   11772  I 09032026 0645 05
   12359  I 09032026 0645 06
   12222  I 09032026 0645 05
   12642  I 09032026 0645 06
   10841  I 09032026 0645 05
   10796  I 09032026 0646 01
   12790  I 09032026 0646 02
   12689  I 09032026 0646 05
   12827  I 09032026 0646 01
   03151  I 09032026 0646 02
   03032  I 09032026 0646 01
   11726  I 09032026 0646 01
   10223  I 09032026 0646 05
   12293  I 09032026 0647 05
   10791  I 09032026 0647 02
   10026  I 09032026 0647 06
   10726  I 09032026 0647 01
   12530  I 09032026 0647 02
   12699  O 09032026 0647 03
   10786  I 09032026 0647 05
   12699  I 09032026 0647 02
   03104  I 09032026 0648 05
   10780  I 09032026 0648 05
   12716  I 09032026 0649 06
   12433  I 09032026 0649 01
   12374  I 09032026 0649 01
   11784  I 09032026 0649 06
   12720  I 09032026 0649 05
   12755  I 09032026 0649 02
   12682  I 09032026 0649 06
   12206  I 09032026 0650 01
   12805  I 09032026 0650 05
   12237  I 09032026 0650 06
   12545  I 09032026 0650 01
   10612  I 09032026 0650 13
   12694  I 09032026 0651 02
   12187  I 09032026 0651 02
   10588  I 09032026 0651 05
   12538  I 09032026 0651 02
   11943  I 09032026 0651 05
   11493  I 09032026 0651 05
   12851  I 09032026 0652 05
   12670  I 09032026 0652 01
   12131  I 09032026 0652 01
   12695  I 09032026 0652 01
   12439  I 09032026 0652 02
   12349  I 09032026 0652 01
   01351  I 09032026 0652 06
   11496  I 09032026 0652 05
   10728  I 09032026 0652 06
   12553  I 09032026 0652 05
   12368  I 09032026 0652 06
   11286  I 09032026 0652 02
   10086  I 09032026 0653 05
   11692  I 09032026 0653 02
   12085  I 09032026 0653 01
   11408  I 09032026 0653 02
   12575  I 09032026 0653 06
   12486  I 09032026 0653 06
   12829  I 09032026 0653 01
   03017  I 09032026 0653 01
   10073  I 09032026 0654 05
   01415  I 09032026 0654 05
   10500  I 09032026 0654 06
   12474  I 09032026 0654 06
   12306  I 09032026 0654 01
   11355  I 09032026 0654 02
   10334  I 09032026 0654 01
   03103  I 09032026 0655 02
   12059  I 09032026 0655 01
   12816  I 09032026 0655 02
   12244  I 09032026 0655 01
   10574  I 09032026 0655 05
   12737  I 09032026 0655 02
   12687  I 09032026 0655 06
   01373  I 09032026 0656 05
   10808  I 09032026 0656 06
   01471  I 09032026 0656 05
   12370  I 09032026 0656 06
   12846  I 09032026 0656 01
   10407  I 09032026 0656 09
   12861  I 09032026 0656 05
   10146  I 09032026 0656 02
   11494  I 09032026 0656 05
   12706  I 09032026 0657 02
   11404  I 09032026 0657 06
   12630  I 09032026 0657 01
   12710  I 09032026 0657 05
   12877  I 09032026 0657 01
   12803  I 09032026 0657 02
   12577  I 09032026 0657 01
   12416  I 09032026 0658 06
   12764  I 09032026 0658 06
   12742  I 09032026 0658 01
   12122  I 09032026 0658 06
   12463  I 09032026 0659 01
   11519  I 09032026 0659 06
   12488  I 09032026 0659 01
   11650  I 09032026 0659 01
   12254  O 09032026 0700 11
   12700  O 09032026 0700 03
   11693  O 09032026 0700 07
   11694  O 09032026 0700 08
   10706  O 09032026 0700 14
   12637  O 09032026 0700 12
   12828  O 09032026 0700 04
   12383  O 09032026 0700 03
   12901  O 09032026 0700 11
   12625  O 09032026 0700 07
   03012  O 09032026 0700 08
   12496  O 09032026 0700 14
   03029  O 09032026 0700 11
   10825  O 09032026 0700 07
   12614  O 09032026 0700 03
   10310  O 09032026 0700 12
   12501  O 09032026 0700 08
   12629  I 09032026 0700 01
   12832  O 09032026 0700 04
   10055  I 09032026 0700 02
   12098  O 09032026 0700 07
   10127  O 09032026 0700 12
   12184  O 09032026 0700 11
   12539  O 09032026 0700 12
   10083  O 09032026 0700 08
   10787  O 09032026 0700 07
   10696  O 09032026 0700 04
   11522  I 09032026 0700 02
   12298  O 09032026 0700 11
   12609  O 09032026 0700 08
   12557  O 09032026 0700 07
   12753  O 09032026 0700 12
   12049  O 09032026 0700 14
   10383  O 09032026 0700 11
   12238  O 09032026 0700 12
   12813  O 09032026 0700 08
   12712  O 09032026 0700 07
   10658  O 09032026 0700 14
   12729  O 09032026 0700 11
   12146  O 09032026 0700 04
   10807  O 09032026 0700 03
   12664  O 09032026 0700 08
   10573  I 09032026 0700 01
   10369  O 09032026 0700 12
   12089  O 09032026 0700 11
   01405  O 09032026 0700 04
   12502  O 09032026 0700 03
   12620  O 09032026 0700 11
   12472  O 09032026 0700 14
   12020  O 09032026 0700 08
   10177  O 09032026 0700 07
   10466  I 09032026 0700 01
   10221  O 09032026 0700 03
   11266  O 09032026 0700 11
   12676  O 09032026 0700 12
   12499  O 09032026 0700 04
   11168  O 09032026 0700 12
   01492  O 09032026 0700 08
   12821  O 09032026 0701 11
   12076  O 09032026 0701 03
   03080  O 09032026 0701 04
   11221  I 09032026 0701 01
   12339  O 09032026 0701 11
   12644  O 09032026 0701 12
   10581  O 09032026 0701 07
   12723  O 09032026 0701 03
   01330  O 09032026 0701 04
   10617  O 09032026 0701 07
   10598  O 09032026 0701 08
   12780  O 09032026 0701 11
   12698  O 09032026 0701 04
   12783  O 09032026 0701 12
   10720  O 09032026 0701 11
   10047  O 09032026 0701 03
   12487  O 09032026 0701 12
   10017  O 09032026 0701 08
   01341  O 09032026 0701 04
   12503  O 09032026 0701 11
   10456  O 09032026 0701 07
   01487  O 09032026 0701 03
   03105  I 09032026 0701 01
   11169  O 09032026 0701 11
   12462  O 09032026 0701 12
   10469  O 09032026 0701 04
   11411  O 09032026 0701 03
   10589  O 09032026 0701 07
   10100  O 09032026 0701 08
   10608  I 09032026 0701 01
   12556  O 09032026 0701 04
   12654  O 09032026 0701 12
   12743  O 09032026 0701 07
   03173  O 09032026 0701 04
   01475  O 09032026 0701 03
   10698  O 09032026 0701 08
   12269  O 09032026 0701 12
   12135  O 09032026 0701 04
   12951  O 09032026 0701 03
   12392  O 09032026 0701 07
   03119  O 09032026 0701 11
   03030  O 09032026 0701 14
   12192  O 09032026 0701 12
   12500  O 09032026 0701 03
   10148  O 09032026 0701 08
   03035  O 09032026 0701 11
   12475  O 09032026 0701 07
   01353  O 09032026 0701 11
   12740  O 09032026 0701 03
   10116  O 09032026 0701 12
   11537  O 09032026 0701 08
   12894  O 09032026 0702 07
   12727  O 09032026 0702 11
   12021  I 09032026 0702 02
   12763  O 09032026 0702 04
   10794  O 09032026 0702 08
   11646  O 09032026 0702 12
   12275  O 09032026 0702 07
   12624  O 09032026 0702 04
   12164  O 09032026 0702 03
   10384  O 09032026 0702 07
   03123  O 09032026 0702 11
   11687  O 09032026 0702 04
   12021  O 09032026 0702 03
   03085  O 09032026 0702 11
   11495  O 09032026 0702 04
   12497  O 09032026 0702 03
   12185  O 09032026 0702 11
   10640  O 09032026 0702 04
   01425  O 09032026 0702 12
   10133  O 09032026 0702 11
   10184  O 09032026 0703 04
   12471  O 09032026 0703 14
   12224  O 09032026 0703 12
   01422  O 09032026 0703 07
   12116  O 09032026 0703 08
   12299  O 09032026 0703 11
   12874  I 09032026 0703 01
   10817  I 09032026 0703 02
   12081  O 09032026 0703 07
   12631  O 09032026 0703 11
   12819  O 09032026 0703 08
   12148  O 09032026 0703 03
   11538  O 09032026 0703 07
   12555  I 09032026 0703 02
   12701  O 09032026 0703 03
   12555  O 09032026 0703 03
   10264  O 09032026 0703 11
   12141  I 09032026 0703 02
   12679  O 09032026 0703 12
   11652  O 09032026 0703 04
   10830  O 09032026 0703 11
   12088  O 09032026 0703 12
   12356  O 09032026 0703 03
   12354  O 09032026 0703 07
   10356  O 09032026 0703 08
   03101  I 09032026 0704 02
   12097  I 09032026 0704 01
   12582  O 09032026 0704 08
   11647  O 09032026 0704 07
   01369  I 09032026 0704 01
   11388  I 09032026 0704 02
   10285  O 09032026 0704 07
   12413  I 09032026 0704 01
   03170  O 09032026 0704 12
   10490  O 09032026 0704 07
   12623  I 09032026 0704 02
   12665  O 09032026 0704 03
   12337  I 09032026 0704 01
   03047  O 09032026 0704 08
   12467  O 09032026 0704 12
   12735  O 09032026 0704 07
   12944  O 09032026 0704 03
   12843  O 09032026 0704 04
   03161  O 09032026 0704 03
   03088  O 09032026 0704 04
   12878  O 09032026 0704 03
   12125  O 09032026 0705 07
   12640  I 09032026 0705 02
   12093  I 09032026 0705 01
   12584  O 09032026 0705 12
   12096  I 09032026 0705 01
   03102  O 09032026 0705 08
   12738  O 09032026 0705 03
   10287  O 09032026 0705 11
   12887  O 09032026 0705 03
   12113  I 09032026 0705 01
   12930  O 09032026 0705 04
   03159  O 09032026 0706 11
   03077  O 09032026 0706 08
   12067  O 09032026 0706 08
   12151  O 09032026 0706 04
   11725  O 09032026 0706 03
   12717  I 09032026 0707 05
   12199  I 09032026 0707 02
   01448  O 09032026 0707 03
   12757  O 09032026 0707 11
   12140  O 09032026 0707 12
   03001  O 09032026 0707 11
   12188  O 09032026 0707 12
   12458  O 09032026 0708 07
   03136  O 09032026 0708 03
   01459  O 09032026 0708 12
   01295  O 09032026 0708 04
   12543  O 09032026 0708 03
   12611  O 09032026 0708 08
   03010  I 09032026 0708 01
   12569  O 09032026 0708 11
   12721  O 09032026 0708 08
   12247  O 09032026 0709 04
   10245  O 09032026 0709 03
   12204  O 09032026 0709 04
   12412  O 09032026 0710 12
   12397  O 09032026 0710 03
   12947  O 09032026 0710 04
   12241  O 09032026 0710 04
   12761  O 09032026 0710 03
   12760  O 09032026 0710 03
   12792  O 09032026 0710 04
   12948  O 09032026 0710 03
   12662  O 09032026 0710 04
   01499  O 09032026 0710 07
   12928  O 09032026 0710 03
   12791  O 09032026 0711 03
   12831  O 09032026 0711 04
   12856  O 09032026 0711 03
   12762  O 09032026 0711 04
   12561  O 09032026 0712 03
   12666  O 09032026 0712 04
   12756  O 09032026 0712 12
   12417  O 09032026 0713 08
   12123  O 09032026 0713 11
   12072  O 09032026 0713 07
   10669  O 09032026 0713 03
   12153  O 09032026 0714 07
   12957  O 09032026 0715 03
   12583  O 09032026 0715 12
   12371  O 09032026 0717 08
   12690  O 09032026 0719 08
   10350  I 09032026 0719 09
   12372  O 09032026 0719 03
   01249  O 09032026 0719 12
   12373  O 09032026 0720 04
   01234  O 09032026 0722 07
   11945  O 09032026 0723 07
   10117  O 09032026 0723 12
   03124  O 09032026 0725 11
   01432  O 09032026 0726 04
   01365  O 09032026 0726 08
   10425  O 09032026 0727 03
   10612  O 09032026 0732 14
   12136  O 09032026 0737 03
   12598  I 09032026 0739 05
   01468  O 09032026 0742 12
   01456  O 09032026 0742 08
   10231  I 09032026 0747 01
   12546  O 09032026 0751 12
   01512  O 09032026 0804 12
   10712  I 09032026 0856 05
   12725  I 09032026 1003 01
   10663  I 09032026 1024 05
   10306  I 09032026 1032 02
   12587  O 09032026 1051 07
   12305  I 09032026 1051 06
   03068  I 09032026 1237 05
   09704  I 09032026 1252 06
   03039  I 09032026 1258 05
   03135  I 09032026 1317 01
   12822  I 09032026 1319 05
   10333  I 09032026 1325 05
   01402  I 09032026 1325 05
   12256  I 09032026 1327 05
   03062  I 09032026 1330 06
   01306  I 09032026 1332 02
   10849  I 09032026 1335 01
   10843  I 09032026 1338 05
   03182  I 09032026 1343 06
   12267  I 09032026 1347 05
   03176  I 09032026 1347 05
   10176  I 09032026 1347 06
   01319  I 09032026 1347 01
   01320  I 09032026 1348 06
   10127  I 09032026 1351 06
   12246  I 09032026 1354 05
   12396  I 09032026 1354 02
   10765  I 09032026 1356 06
   11928  I 09032026 1358 05
   12847  I 09032026 1358 01
   10200  I 09032026 1358 05
   01357  I 09032026 1400 06
   12927  I 09032026 1401 01
   12800  I 09032026 1401 02
   01335  I 09032026 1405 05
   12785  I 09032026 1405 01
   12808  I 09032026 1406 05
   10612  I 09032026 1406 13
   11774  I 09032026 1408 02
   10795  I 09032026 1409 06
   12890  I 09032026 1409 05
   03167  I 09032026 1410 05
   12922  I 09032026 1411 01
   01333  I 09032026 1412 05
   12162  I 09032026 1415 02
   10169  I 09032026 1415 05
   11223  I 09032026 1415 06
   03179  I 09032026 1416 05
   12802  I 09032026 1416 02
   12409  I 09032026 1417 06
   10831  I 09032026 1417 05
   12845  I 09032026 1420 06
   12920  I 09032026 1420 01
   03018  I 09032026 1422 05
   12149  I 09032026 1423 05
   12786  I 09032026 1423 01
   12832  I 09032026 1424 05
   10091  I 09032026 1425 05
   10071  I 09032026 1425 06
   01382  I 09032026 1425 05
   12135  I 09032026 1425 01
   10221  I 09032026 1425 02
   12094  I 09032026 1426 05
   12651  I 09032026 1426 06
   12110  I 09032026 1426 01
   12185  I 09032026 1426 02
   12074  I 09032026 1427 02
   12732  I 09032026 1427 06
   11167  I 09032026 1427 01
   12888  I 09032026 1428 06
   12949  I 09032026 1429 01
   10606  I 09032026 1429 01
   12531  I 09032026 1430 06
   12064  I 09032026 1430 01
   10839  I 09032026 1430 06
   11725  I 09032026 1430 01
   10291  I 09032026 1430 05
   11400  I 09032026 1430 06
   11768  I 09032026 1431 06
   03026  I 09032026 1432 01
   09833  I 09032026 1432 05
   12055  I 09032026 1433 01
   12440  I 09032026 1433 05
   12576  I 09032026 1434 05
   12873  I 09032026 1434 01
   12343  I 09032026 1434 06
   12130  I 09032026 1435 02
   12672  I 09032026 1435 01
   12754  I 09032026 1435 05
   12904  I 09032026 1435 02
   10386  I 09032026 1436 02
   12946  I 09032026 1436 06
   12814  I 09032026 1436 02
   12661  I 09032026 1436 05
   11248  I 09032026 1438 06
   10144  I 09032026 1438 05
   12558  I 09032026 1439 06
   01511  I 09032026 1439 02
   12841  I 09032026 1439 01
   12853  I 09032026 1439 05
   11787  I 09032026 1439 06
   12472  I 09032026 1439 06
   12792  I 09032026 1439 01
   01477  I 09032026 1439 05
   12615  I 09032026 1440 05
   01317  I 09032026 1440 02
   12473  I 09032026 1440 05
   03108  I 09032026 1441 09
   12501  I 09032026 1441 06
   10589  I 09032026 1441 05
   10617  I 09032026 1441 05
   10385  I 09032026 1442 05
   01448  I 09032026 1442 02
   10811  I 09032026 1442 05
   10222  I 09032026 1442 06
   12871  I 09032026 1442 06
   03059  I 09032026 1442 05
   01276  I 09032026 1442 01
   12943  I 09032026 1442 01
   11926  I 09032026 1443 05
   12412  I 09032026 1443 05
   12259  I 09032026 1443 06
   11777  I 09032026 1443 05
   10522  I 09032026 1443 06
   12540  I 09032026 1444 05
   01433  I 09032026 1444 06
   10046  I 09032026 1445 01
   12082  I 09032026 1445 06
   10356  I 09032026 1445 05
   01422  I 09032026 1445 05
   01327  I 09032026 1446 01
   12854  I 09032026 1446 06
   11398  I 09032026 1446 06
   12568  I 09032026 1447 06
   12188  I 09032026 1447 02
   12852  I 09032026 1447 02
   12815  I 09032026 1447 05
   11688  I 09032026 1447 06
   01479  I 09032026 1448 02
   12266  I 09032026 1448 02
   12622  I 09032026 1448 01
   12049  I 09032026 1449 06
   12652  I 09032026 1451 02
   12556  I 09032026 1452 01
   03126  I 09032026 1452 06
   10785  I 09032026 1452 06
   12298  I 09032026 1452 05
   10094  I 09032026 1452 02
   12799  I 09032026 1452 02
   11946  I 09032026 1453 06
   11779  I 09032026 1453 02
   12638  I 09032026 1453 06
   12730  I 09032026 1453 05
   12886  I 09032026 1453 01
   01379  I 09032026 1453 02
   12415  I 09032026 1454 06
   12740  I 09032026 1454 02
   12357  I 09032026 1455 02
   10505  I 09032026 1456 01
   01296  I 09032026 1456 13
   12325  I 09032026 1456 02
   12329  I 09032026 1456 01
   11222  I 09032026 1457 05
   12456  I 09032026 1457 01
   11719  I 09032026 1457 02
   12862  I 09032026 1458 01
   12133  I 09032026 1459 01
   01396  I 09032026 1459 05
   10378  I 09032026 1459 02
   11879  O 09032026 1500 11
   12669  O 09032026 1500 07
   11498  O 09032026 1500 12
   03053  O 09032026 1500 08
   10809  O 09032026 1500 03
   12368  O 09032026 1500 11
   03122  O 09032026 1500 12
   10243  O 09032026 1500 04
   12474  O 09032026 1500 11
   01470  O 09032026 1500 08
   12244  O 09032026 1500 03
   10728  O 09032026 1500 07
   10309  O 09032026 1500 12
   10318  O 09032026 1500 04
   11650  O 09032026 1500 03
   03037  O 09032026 1500 08
   01351  O 09032026 1500 07
   10678  O 09032026 1500 03
   11772  O 09032026 1500 07
   12863  O 09032026 1500 04
   01481  O 09032026 1500 08
   12156  O 09032026 1500 03
   12088  I 09032026 1500 06
   12716  O 09032026 1500 04
   12237  O 09032026 1500 07
   12869  O 09032026 1500 12
   10641  O 09032026 1500 08
   12236  O 09032026 1500 03
   12538  O 09032026 1500 04
   12724  O 09032026 1500 11
   12677  O 09032026 1500 07
   12184  I 09032026 1500 06
   12759  O 09032026 1500 04
   12122  O 09032026 1500 08
   12500  I 09032026 1500 02
   12369  I 09032026 1500 05
   12451  O 09032026 1500 04
   12823  O 09032026 1500 03
   12810  O 09032026 1500 11
   11286  O 09032026 1500 04
   12718  O 09032026 1500 03
   01446  O 09032026 1500 11
   12164  I 09032026 1500 02
   12131  O 09032026 1500 04
   11767  O 09032026 1500 11
   12824  O 09032026 1501 03
   11221  O 09032026 1501 04
   12342  O 09032026 1501 12
   10642  O 09032026 1501 07
   12938  O 09032026 1501 11
   10573  O 09032026 1501 04
   11765  O 09032026 1501 12
   12793  O 09032026 1501 03
   12206  O 09032026 1501 04
   12306  O 09032026 1501 07
   12820  O 09032026 1501 14
   01344  O 09032026 1501 08
   12460  O 09032026 1501 04
   12112  O 09032026 1501 11
   10726  O 09032026 1501 04
   12090  O 09032026 1501 07
   10224  O 09032026 1501 08
   11780  O 09032026 1501 03
   12628  O 09032026 1501 11
   12612  O 09032026 1501 03
   12056  O 09032026 1501 04
   12629  O 09032026 1501 08
   12674  O 09032026 1501 07
   12208  O 09032026 1501 12
   10467  O 09032026 1501 04
   12818  O 09032026 1501 03
   12673  O 09032026 1501 11
   01436  O 09032026 1501 07
   12967  O 09032026 1501 12
   12816  O 09032026 1501 03
   12742  O 09032026 1501 04
   10086  O 09032026 1501 07
   10202  O 09032026 1501 08
   10827  O 09032026 1501 03
   12093  O 09032026 1501 12
   12720  O 09032026 1501 07
   11789  I 09032026 1501 06
   12601  I 09032026 1501 02
   12530  O 09032026 1502 04
   11392  I 09032026 1502 06
   12416  O 09032026 1502 07
   10766  O 09032026 1502 07
   12858  O 09032026 1502 08
   10724  I 09032026 1502 01
   10073  O 09032026 1502 11
   12898  O 09032026 1502 03
   03017  O 09032026 1502 11
   12872  O 09032026 1502 04
   12963  O 09032026 1502 04
   12844  O 09032026 1502 03
   12433  O 09032026 1502 04
   12897  O 09032026 1502 03
   01231  O 09032026 1502 07
   12694  O 09032026 1502 03
   11937  O 09032026 1502 11
   12205  O 09032026 1502 04
   10350  O 09032026 1502 12
   12355  O 09032026 1502 03
   12840  O 09032026 1502 11
   10611  O 09032026 1502 12
   12610  O 09032026 1503 11
   10223  O 09032026 1503 07
   10675  O 09032026 1503 03
   12929  O 09032026 1503 04
   11388  O 09032026 1503 08
   10574  O 09032026 1503 12
   12598  O 09032026 1503 11
   12353  O 09032026 1503 07
   12755  O 09032026 1503 03
   12924  O 09032026 1503 04
   03007  O 09032026 1503 11
   12682  O 09032026 1503 12
   11690  O 09032026 1503 08
   10780  O 09032026 1503 12
   12544  O 09032026 1503 11
   12351  O 09032026 1503 04
   10808  O 09032026 1503 07
   10791  O 09032026 1503 08
   12849  O 09032026 1503 08
   01428  O 09032026 1504 07
   12764  O 09032026 1504 08
   12846  O 09032026 1504 12
   10146  O 09032026 1504 08
   03032  O 09032026 1504 07
   12650  O 09032026 1504 12
   12575  O 09032026 1504 08
   12950  O 09032026 1504 03
   12642  O 09032026 1504 12
   12623  O 09032026 1504 03
   03153  O 09032026 1505 11
   12489  I 09032026 1505 02
   12359  O 09032026 1505 03
   01325  O 09032026 1505 08
   12861  O 09032026 1505 12
   12307  O 09032026 1505 07
   10358  O 09032026 1505 12
   11692  O 09032026 1505 07
   12476  O 09032026 1505 03
   11404  O 09032026 1505 12
   12595  O 09032026 1505 11
   12962  O 09032026 1505 04
   09823  O 09032026 1505 12
   12113  O 09032026 1505 11
   12827  O 09032026 1505 03
   12249  O 09032026 1506 12
   10585  O 09032026 1505 04
   01495  O 09032026 1506 12
   12532  O 09032026 1506 12
   10841  O 09032026 1506 07
   01483  O 09032026 1506 08
   11726  O 09032026 1506 03
   12805  O 09032026 1507 07
   12855  O 09032026 1507 11
   10523  O 09032026 1507 03
   12926  O 09032026 1507 11
   12688  O 09032026 1507 07
   11607  O 09032026 1508 12
   12726  O 09032026 1508 12
   12653  O 09032026 1508 11
   11390  O 09032026 1508 08
   12186  O 09032026 1508 08
   03118  O 09032026 1508 07
   11519  O 09032026 1508 12
   10697  O 09032026 1509 07
   11494  O 09032026 1509 14
   10026  O 09032026 1509 07
   01423  O 09032026 1509 11
   12349  O 09032026 1509 03
   11387  O 09032026 1510 07
   01373  O 09032026 1510 08
   03141  O 09032026 1510 12
   10786  O 09032026 1510 08
   12803  O 09032026 1511 07
   12790  O 09032026 1511 03
   12919  O 09032026 1512 03
   01369  O 09032026 1512 03
   01504  O 09032026 1512 03
   12059  O 09032026 1512 04
   10140  O 09032026 1513 08
   10405  O 09032026 1513 11
   11267  O 09032026 1515 11
   12199  O 09032026 1515 03
   11863  O 09032026 1515 12
   03152  O 09032026 1516 07
   10373  O 09032026 1516 12
   10754  O 09032026 1523 14
   10135  O 09032026 1523 12
   11250  O 09032026 1524 12
   01345  O 09032026 1530 07
   01232  O 09032026 1530 11
   03105  O 09032026 1538 03
   10608  O 09032026 1540 12
   01454  O 09032026 1542 08
   03103  O 09032026 1545 04
   01413  O 09032026 1554 12
   01355  O 09032026 1600 03
   03098  O 09032026 1600 07
   12640  O 09032026 1600 08
   10050  O 09032026 1600 04
   11166  O 09032026 1600 04
   12374  O 09032026 1600 03
   12376  O 09032026 1601 12
   01415  O 09032026 1612 14
   10673  O 09032026 1614 07
   10334  O 09032026 1618 08
   10407  O 09032026 1631 11
   12965  O 09032026 1650 04
   12293  O 09032026 1700 07
   12222  O 09032026 1700 08
   12577  O 09032026 1701 12
   10576  O 09032026 1701 03
   11355  O 09032026 1701 07
   11943  O 09032026 1701 07
   10055  O 09032026 1704 14
   10449  O 09032026 1705 08
   10054  O 09032026 1707 04
   10796  O 09032026 1707 03
   11493  O 09032026 1711 14
   01459  I 09032026 1753 05
   12192  I 09032026 1755 05
   12439  O 09032026 1800 04
   10759  O 09032026 1800 08
   12392  I 09032026 1800 06
   03104  O 09032026 1800 14
   12191  O 09032026 1800 07
   11693  I 09032026 1801 05
   12717  O 09032026 1801 07
   10199  O 09032026 1803 08
   12833  O 09032026 1803 07
   12136  I 09032026 1804 01
   12945  O 09032026 1804 12
   03151  O 09032026 1806 03
   12737  O 09032026 1810 11
   10466  O 09032026 1811 11
   12341  O 09032026 1813 07
   12141  O 09032026 1814 12
   03119  I 09032026 1815 06
   11538  I 09032026 1815 05
   12187  O 09032026 1816 12
   01487  I 09032026 1823 01
   12780  I 09032026 1829 06
   12620  I 09032026 1833 06
   10264  I 09032026 1833 06
   12783  I 09032026 1833 05
   10698  I 09032026 1835 05
   12676  I 09032026 1836 05
   12756  I 09032026 1836 06
   11687  I 09032026 1840 01
   12356  I 09032026 1841 02
   12698  I 09032026 1842 02
   12254  I 09032026 1848 06
   12372  I 09032026 1850 01
   12189  I 09032026 1852 05
   12738  I 09032026 1856 01
   12375  I 09032026 1857 01
   12546  I 09032026 1858 06
   12125  I 09032026 1858 02
   12647  O 09032026 1900 04
   12317  O 09032026 1900 03
   12828  I 09032026 1900 01
   11496  O 09032026 1900 11
   12485  O 09032026 1900 12
   10232  O 09032026 1900 04
   12693  O 09032026 1900 03
   12260  O 09032026 1900 11
   12692  O 09032026 1900 04
   12234  O 09032026 1900 03
   12350  O 09032026 1900 04
   11408  O 09032026 1900 03
   12337  O 09032026 1900 03
   10234  O 09032026 1900 04
   03101  O 09032026 1900 03
   01339  O 09032026 1900 12
   12486  O 09032026 1901 11
   12627  O 09032026 1901 12
   12085  O 09032026 1901 03
   12851  O 09032026 1901 11
   12097  O 09032026 1901 08
   12624  I 09032026 1902 02
   12877  O 09032026 1902 03
   12594  O 09032026 1902 12
   11522  O 09032026 1903 04
   11942  O 09032026 1903 07
   12084  O 09032026 1904 03
   12630  O 09032026 1904 12
   12804  O 09032026 1905 03
   03088  I 09032026 1905 01
   12066  O 09032026 1906 08
   11784  O 09032026 1906 08
   10663  O 09032026 1908 08
   12463  O 09032026 1909 12
   12390  O 09032026 1911 03
   12829  O 09032026 1915 03
   12553  O 09032026 1916 12
   10588  O 09032026 2001 12
   10604  O 09032026 2002 03
   12545  O 09032026 2002 03
   12370  O 09032026 2003 12
   12639  O 09032026 2013 07
   10817  O 09032026 2028 07
   10047  I 09032026 2042 01
   10369  I 09032026 2042 05
   11646  I 09032026 2054 06
   10357  O 09032026 2101 07
   01234  I 09032026 2113 01
   12497  I 09032026 2117 01
   12089  I 09032026 2117 05
   10384  I 09032026 2119 05
   12679  I 09032026 2137 05
   01425  I 09032026 2143 06
   01468  I 09032026 2149 05
   12458  I 09032026 2151 02
   12502  I 09032026 2155 06
   12583  I 09032026 2158 06
   12096  O 09032026 2159 04
   10184  I 09032026 2201 06
   10787  I 09032026 2201 06
   12140  I 09032026 2203 06
   12299  I 09032026 2205 05
   12475  I 09032026 2205 06
   12947  I 09032026 2205 02
   12664  I 09032026 2205 06
   11168  I 09032026 2205 06
   03029  I 09032026 2206 06
   10310  I 09032026 2206 06
   11169  I 09032026 2207 05
   03123  I 09032026 2207 06
   10807  I 09032026 2207 01
   10083  I 09032026 2208 06
   12791  I 09032026 2210 01
   12760  I 09032026 2210 02
   12831  I 09032026 2211 02
   12723  I 09032026 2212 01
   12148  I 09032026 2213 01
   12712  I 09032026 2213 05
   12928  I 09032026 2213 01
   10720  I 09032026 2214 06
   12072  I 09032026 2215 02
   12238  I 09032026 2216 05
   03170  I 09032026 2216 01
   12856  I 09032026 2216 02
   03035  I 09032026 2217 05
   01475  I 09032026 2217 01
   12948  I 09032026 2218 01
   03047  I 09032026 2220 06
   11647  I 09032026 2220 05
   10830  I 09032026 2220 01
   10456  I 09032026 2220 06
   10100  I 09032026 2220 05
   12701  I 09032026 2220 01
   10117  I 09032026 2220 05
   01295  I 09032026 2221 05
   12462  I 09032026 2221 06
   12762  I 09032026 2221 01
   10116  I 09032026 2221 05
   11266  I 09032026 2222 05
   12561  I 09032026 2222 01
   01432  I 09032026 2223 05
   12241  I 09032026 2223 02
   10177  I 09032026 2224 05
   01353  I 09032026 2224 06
   01330  I 09032026 2224 06
   12813  I 09032026 2224 06
   12081  I 09032026 2224 05
   12584  I 09032026 2224 05
   12887  I 09032026 2225 05
   12957  I 09032026 2227 01
   12690  I 09032026 2227 05
   12763  I 09032026 2229 01
   03001  I 09032026 2230 09
   12397  I 09032026 2230 02
   10383  I 09032026 2231 05
   12625  I 09032026 2232 06
   12247  I 09032026 2232 05
   12557  I 09032026 2232 06
   12496  I 09032026 2232 06
   10706  I 09032026 2232 05
   10658  I 09032026 2233 05
   12757  I 09032026 2233 06
   12662  I 09032026 2233 02
   10425  I 09032026 2233 01
   12637  I 09032026 2234 06
   12631  I 09032026 2234 06
   01249  I 09032026 2234 05
   12753  I 09032026 2234 05
   12116  I 09032026 2234 06
   12665  I 09032026 2235 01
   10669  I 09032026 2235 02
   10825  I 09032026 2235 06
   12729  I 09032026 2235 05
   12224  I 09032026 2235 05
   12743  I 09032026 2235 05
   12700  I 09032026 2236 02
   12735  I 09032026 2236 05
   01499  I 09032026 2236 06
   11652  I 09032026 2237 01
   12944  I 09032026 2237 01
   12761  I 09032026 2237 02
   12354  I 09032026 2237 05
   12146  I 09032026 2237 01
   12727  I 09032026 2238 06
   03159  I 09032026 2238 09
   11945  I 09032026 2238 06
   12020  I 09032026 2239 06
   12269  I 09032026 2239 05
   03085  I 09032026 2239 06
   12930  I 09032026 2240 01
   10581  I 09032026 2240 05
   12383  I 09032026 2240 02
   10017  I 09032026 2240 06
   03112  I 09032026 2240 06
   10469  I 09032026 2240 02
   12151  I 09032026 2241 01
   10285  I 09032026 2241 06
   12487  I 09032026 2241 05
   10794  I 09032026 2241 06
   10490  I 09032026 2241 06
   12503  I 09032026 2241 06
   03173  I 09032026 2241 06
   12644  I 09032026 2241 06
   12539  I 09032026 2242 06
   12555  I 09032026 2243 05
   12609  I 09032026 2243 06
   11495  I 09032026 2244 02
   12275  I 09032026 2244 05
   12467  I 09032026 2244 02
   12894  I 09032026 2244 06
   03030  I 09032026 2245 13
   03077  I 09032026 2245 06
   12901  I 09032026 2245 06
   03012  I 09032026 2245 06
   12569  I 09032026 2246 01
   12499  I 09032026 2246 01
   12821  I 09032026 2247 06
   12951  I 09032026 2247 01
   11694  I 09032026 2248 05
   03124  I 09032026 2249 01
   12373  I 09032026 2249 01
   11411  I 09032026 2250 02
   01365  I 09032026 2250 05
   12878  I 09032026 2251 01
   12204  I 09032026 2251 02
   12543  I 09032026 2251 01
   12123  I 09032026 2251 10
   12611  I 09032026 2252 01
   12076  I 09032026 2252 02
   12843  I 09032026 2252 01
   12098  I 09032026 2252 02
   01492  I 09032026 2252 06
   12339  I 09032026 2253 05
   12819  I 09032026 2253 06
   12666  I 09032026 2253 01
   10201  I 09032026 2254 05
   03136  I 09032026 2254 01
   10287  I 09032026 2255 02
   12614  I 09032026 2255 01
   10148  I 09032026 2255 05
   10598  I 09032026 2255 06
   03080  I 09032026 2255 06
   12067  I 09032026 2256 06
   12582  I 09032026 2256 05
   12371  I 09032026 2256 05
   12654  I 09032026 2256 06
   01405  I 09032026 2256 06
   11537  I 09032026 2257 06
   12721  I 09032026 2257 01
   01456  I 09032026 2258 06
   12417  I 09032026 2258 06
   10245  I 09032026 2258 01
   01512  I 09032026 2259 01
   03161  I 09032026 2259 01
   12558  O 09032026 2300 04
   10839  O 09032026 2300 07
   12890  O 09032026 2300 11
   10386  O 09032026 2300 03
   03102  I 09032026 2300 01
   12808  O 09032026 2300 08
   01320  O 09032026 2300 12
   12357  O 09032026 2300 04
   12149  O 09032026 2300 08
   12540  O 09032026 2300 03
   10127  O 09032026 2300 12
   12473  O 09032026 2300 07
   10385  O 09032026 2300 04
   12531  O 09032026 2300 03
   01296  O 09032026 2300 07
   11774  O 09032026 2300 04
   01471  O 09032026 2300 08
   12638  O 09032026 2300 12
   12409  O 09032026 2300 11
   10696  I 09032026 2300 01
   12576  O 09032026 2300 04
   12256  O 09032026 2300 12
   12852  O 09032026 2300 03
   03167  O 09032026 2300 07
   10291  O 09032026 2300 08
   12064  O 09032026 2300 04
   12730  O 09032026 2300 12
   10333  O 09032026 2300 08
   10612  O 09032026 2300 14
   12672  O 09032026 2300 03
   10605  O 09032026 2300 07
   10609  O 09032026 2300 12
   11167  O 09032026 2300 03
   12069  O 09032026 2300 08
   01357  O 09032026 2300 07
   12847  O 09032026 2300 04
   12456  O 09032026 2300 03
   11936  O 09032026 2300 08
   03059  O 09032026 2300 07
   12057  O 09032026 2300 04
   12396  O 09032026 2300 03
   10700  O 09032026 2300 07
   12601  O 09032026 2300 04
   12082  O 09032026 2300 08
   03018  O 09032026 2300 07
   12259  O 09032026 2300 04
   12786  O 09032026 2300 03
   12248  I 09032026 2300 01
   12440  O 09032026 2301 08
   12556  O 09032026 2301 04
   12055  O 09032026 2301 03
   11248  O 09032026 2301 11
   01479  O 09032026 2301 04
   10231  O 09032026 2301 03
   01402  O 09032026 2301 08
   12133  O 09032026 2301 03
   12651  O 09032026 2301 11
   12687  O 09032026 2301 08
   01333  O 09032026 2301 12
   12305  O 09032026 2301 11
   12058  O 09032026 2301 03
   12413  O 09032026 2301 04
   10640  I 09032026 2301 01
   01327  O 09032026 2301 12
   01335  O 09032026 2301 08
   12689  O 09032026 2301 07
   10021  O 09032026 2301 12
   12622  O 09032026 2301 04
   10724  O 09032026 2301 03
   03182  O 09032026 2301 08
   10795  O 09032026 2301 07
   12094  O 09032026 2301 11
   12809  O 09032026 2301 12
   12799  O 09032026 2301 04
   12710  O 09032026 2301 08
   12695  O 09032026 2301 03
   11926  O 09032026 2301 11
   12568  O 09032026 2301 12
   10144  O 09032026 2301 07
   01319  O 09032026 2301 04
   12904  O 09032026 2301 03
   10500  O 09032026 2301 07
   12845  O 09032026 2301 11
   12255  O 09032026 2301 08
   11777  O 09032026 2301 07
   01306  O 09032026 2301 12
   01341  I 09032026 2301 02
   12814  O 09032026 2301 04
   12369  O 09032026 2301 12
   12815  O 09032026 2301 07
   01433  O 09032026 2302 07
   12164  O 09032026 2302 03
   12289  O 09032026 2302 08
   10522  O 09032026 2302 07
   01422  O 09032026 2302 07
   12854  O 09032026 2302 04
   03068  O 09032026 2302 03
   12615  O 09032026 2302 08
   10785  O 09032026 2302 12
   12711  O 09032026 2302 07
   12888  O 09032026 2302 08
   10200  O 09032026 2302 11
   12725  O 09032026 2302 04
   12871  O 09032026 2302 03
   11392  O 09032026 2302 07
   10843  O 09032026 2302 11
   03010  O 09032026 2302 08
   12670  O 09032026 2302 03
   12946  O 09032026 2302 12
   12826  O 09032026 2302 04
   12943  O 09032026 2302 03
   12501  O 09032026 2302 08
   01396  O 09032026 2302 07
   11946  O 09032026 2302 12
   12862  O 09032026 2302 04
   12652  O 09032026 2302 11
   12949  O 09032026 2302 03
   11768  O 09032026 2302 08
   12853  O 09032026 2302 12
   10091  O 09032026 2302 07
   01317  O 09032026 2302 12
   12874  O 09032026 2302 04
   10222  O 09032026 2302 08
   12732  O 09032026 2302 12
   03062  O 09032026 2302 11
   12886  O 09032026 2303 04
   10070  O 09032026 2303 11
   10176  O 09032026 2303 07
   11789  O 09032026 2303 08
   12074  O 09032026 2303 04
   09833  O 09032026 2303 11
   03176  O 09032026 2303 04
   10378  O 09032026 2303 04
   12162  O 09032026 2303 03
   03120  O 09032026 2303 11
   03179  O 09032026 2304 12
   10046  O 09032026 2304 03
   10606  O 09032026 2304 04
   01477  O 09032026 2304 11
   12922  O 09032026 2304 03
   10831  O 09032026 2304 12
   12246  O 09032026 2304 04
   12267  O 09032026 2304 12
   12841  O 09032026 2304 03
   11935  O 09032026 2304 14
   01511  O 09032026 2304 03
   12792  O 09032026 2304 04
   12873  O 09032026 2304 03
   12822  O 09032026 2304 03
   10306  O 09032026 2304 03
   12500  O 09032026 2305 03
   12706  O 09032026 2305 11
   11787  O 09032026 2305 07
   12457  O 09032026 2305 08
   11779  O 09032026 2305 07
   11928  O 09032026 2305 08
   03126  O 09032026 2305 03
   12785  O 09032026 2305 04
   11688  O 09032026 2305 07
   12920  O 09032026 2305 03
   03108  O 09032026 2305 11
   12130  O 09032026 2306 07
   12800  O 09032026 2306 04
   01379  O 09032026 2306 08
   10765  O 09032026 2306 07
   12927  O 09032026 2306 04
   11719  O 09032026 2306 03
   11400  O 09032026 2306 12
   12266  O 09032026 2306 03
   10811  O 09032026 2306 07
   12343  O 09032026 2306 08
   12802  O 09032026 2306 03
   12661  O 09032026 2306 07
   10505  O 09032026 2306 08
   11222  O 09032026 2307 03
   11398  O 09032026 2307 12
   12329  O 09032026 2307 04
   11933  O 09032026 2307 03
   12153  I 09032026 2307 01
   12325  O 09032026 2307 11
   12110  O 09032026 2307 11
   12115  O 09032026 2308 12
   03039  O 09032026 2308 08
   12754  O 09032026 2309 08
   10094  O 09032026 2310 03
   12471  I 09032026 2310 02
   03026  O 09032026 2314 11
   10169  O 09032026 2315 11
   01276  O 09032026 2311 03
   09704  O 09032026 2314 08
   01382  O 09032026 2317 08
   11223  O 09032026 2319 08
   03135  O 09032026 2317 04
   12183  O 09032026 2326 14
   12488  O 09032026 2329 14
