   01454  I 09142026 0251 01
   03068  I 09142026 0448 05
   12474  O 09142026 0500 11
   01468  I 09142026 0532 05
   11690  I 09142026 0536 06
   12692  I 09142026 0539 05
   03151  I 09142026 0544 01
   12628  I 09142026 0552 05
   03007  I 09142026 0552 06
   12392  I 09142026 0552 05
   01306  I 09142026 0557 02
   03062  I 09142026 0600 05
   10127  I 09142026 0600 06
   12249  I 09142026 0602 05
   12631  I 09142026 0603 06
   01231  I 09142026 0604 05
   01319  I 09142026 0605 01
   01423  I 09142026 0605 05
   11267  I 09142026 0605 05
   12844  I 09142026 0605 02
   12632  I 09142026 0609 05
   12947  I 09142026 0610 02
   12897  I 09142026 0611 01
   12539  I 09142026 0611 06
   12625  I 09142026 0611 05
   01295  I 09142026 0613 02
   03047  I 09142026 0613 05
   01339  I 09142026 0613 06
   10071  I 09142026 0613 05
   12965  I 09142026 0613 02
   12664  I 09142026 0614 06
   12561  I 09142026 0614 01
   12903  I 09142026 0615 01
   11647  I 09142026 0616 05
   01249  I 09142026 0616 05
   12967  I 09142026 0616 06
   03170  I 09142026 0616 01
   10456  I 09142026 0616 05
   03119  I 09142026 0616 05
   12461  I 09142026 0617 05
   12497  I 09142026 0617 01
   12812  I 09142026 0618 06
   12760  I 09142026 0618 01
   12856  I 09142026 0618 02
   10021  I 09142026 0619 05
   12676  I 09142026 0619 05
   11767  I 09142026 0620 05
   12889  I 09142026 0620 05
   12948  I 09142026 0620 01
   12136  I 09142026 0620 02
   11167  I 09142026 0620 01
   12791  I 09142026 0620 02
   10736  I 09142026 0620 01
   10201  I 09142026 0621 01
   12761  I 09142026 0621 02
   12532  I 09142026 0621 05
   12712  I 09142026 0622 06
   10199  I 09142026 0623 05
   11652  I 09142026 0623 01
   12530  I 09142026 0623 02
   12072  I 09142026 0623 02
   11605  I 09142026 0623 05
   01449  I 09142026 0623 02
   12711  I 09142026 0623 06
   03061  I 09142026 0624 06
   10100  I 09142026 0624 06
   01495  I 09142026 0624 05
   12110  I 09142026 0625 02
   12810  I 09142026 0625 06
   10369  I 09142026 0626 06
   12949  I 09142026 0626 01
   01320  I 09142026 0626 06
   01333  I 09142026 0626 05
   10807  I 09142026 0626 01
   12762  I 09142026 0627 01
   12831  I 09142026 0627 02
   12317  I 09142026 0628 01
   11936  I 09142026 0628 06
   01487  I 09142026 0628 02
   01266  I 09142026 0628 05
   12584  I 09142026 0628 06
   12813  I 09142026 0628 06
   12267  I 09142026 0628 05
   10285  I 09142026 0628 06
   12679  I 09142026 0628 05
   12780  I 09142026 0629 06
   10356  I 09142026 0630 05
   10706  I 09142026 0630 06
   01504  I 09142026 0630 02
   10720  I 09142026 0630 06
   10849  I 09142026 0630 01
   11646  I 09142026 0631 06
   12721  I 09142026 0631 02
   12833  I 09142026 0632 06
   12502  I 09142026 0632 06
   01432  I 09142026 0633 05
   12094  I 09142026 0633 05
   10184  I 09142026 0634 06
   01330  I 09142026 0634 06
   12945  I 09142026 0634 06
   12188  I 09142026 0634 01
   10605  I 09142026 0634 06
   12440  I 09142026 0634 05
   12376  I 09142026 0634 02
   10054  I 09142026 0634 01
   10200  I 09142026 0634 05
   12793  I 09142026 0635 01
   12020  I 09142026 0635 06
   12371  I 09142026 0635 05
   12693  I 09142026 0635 06
   12234  I 09142026 0636 01
   10697  I 09142026 0636 05
   12944  I 09142026 0636 01
   10847  I 09142026 0636 05
   12569  I 09142026 0637 05
   12609  I 09142026 0637 06
   10841  I 09142026 0637 05
   11266  I 09142026 0637 05
   11498  I 09142026 0637 06
   10176  I 09142026 0637 06
   12930  I 09142026 0637 01
   12409  I 09142026 0637 06
   10766  I 09142026 0637 05
   01475  I 09142026 0638 01
   10116  I 09142026 0638 05
   03176  I 09142026 0638 05
   12662  I 09142026 0638 02
   12669  I 09142026 0638 06
   12354  I 09142026 0639 05
   10407  I 09142026 0639 09
   10606  I 09142026 0639 01
   10759  I 09142026 0639 06
   10050  I 09142026 0639 02
   11166  I 09142026 0639 01
   12701  I 09142026 0640 01
   10698  I 09142026 0640 06
   11784  I 09142026 0640 05
   11779  I 09142026 0640 02
   10357  I 09142026 0640 06
   12451  I 09142026 0640 02
   12832  I 09142026 0640 05
   12341  I 09142026 0640 06
   11169  I 09142026 0640 02
   12764  I 09142026 0640 06
   12049  I 09142026 0641 05
   11787  I 09142026 0641 06
   10135  I 09142026 0641 05
   03123  I 09142026 0641 06
   12356  I 09142026 0641 02
   10576  I 09142026 0641 02
   03058  I 09142026 0642 06
   12067  I 09142026 0642 06
   11248  I 09142026 0642 06
   12825  I 09142026 0642 01
   12951  I 09142026 0642 02
   01232  I 09142026 0642 06
   10609  I 09142026 0642 05
   10827  I 09142026 0642 01
   12084  I 09142026 0642 02
   12191  I 09142026 0642 01
   01345  I 09142026 0643 06
   01436  I 09142026 0643 05
   01452  I 09142026 0643 02
   10617  I 09142026 0643 05
   10232  I 09142026 0643 01
   10589  I 09142026 0643 06
   12647  I 09142026 0643 01
   10017  I 09142026 0643 06
   11937  I 09142026 0643 06
   12156  I 09142026 0643 06
   12208  I 09142026 0644 05
   12727  I 09142026 0644 06
   03012  I 09142026 0644 05
   01499  I 09142026 0644 06
   12222  I 09142026 0644 05
   10588  I 09142026 0644 06
   01365  I 09142026 0644 05
   11725  I 09142026 0645 01
   10843  I 09142026 0645 06
   12783  I 09142026 0645 05
   10786  I 09142026 0645 06
   12698  I 09142026 0645 02
   12057  I 09142026 0645 01
   10669  I 09142026 0645 02
   12383  I 09142026 0645 01
   12184  I 09142026 0645 05
   12654  I 09142026 0646 05
   11863  I 09142026 0646 06
   12412  I 09142026 0646 05
   10700  I 09142026 0646 06
   10490  I 09142026 0646 06
   10794  I 09142026 0646 06
   12066  I 09142026 0646 06
   12372  I 09142026 0646 01
   12439  I 09142026 0647 02
   12843  I 09142026 0647 01
   12578  I 09142026 0647 02
   03124  I 09142026 0647 02
   10144  I 09142026 0647 05
   12755  I 09142026 0647 02
   12064  I 09142026 0647 01
   11694  I 09142026 0647 06
   10385  I 09142026 0647 05
   10611  I 09142026 0648 09
   12855  I 09142026 0648 02
   01417  I 09142026 0648 06
   12329  I 09142026 0648 02
   12853  I 09142026 0648 05
   10261  I 09142026 0648 05
   01456  I 09142026 0649 06
   12805  I 09142026 0649 05
   12221  I 09142026 0649 09
   12462  I 09142026 0649 05
   01374  I 09142026 0650 01
   12499  I 09142026 0650 02
   10581  I 09142026 0650 05
   12687  I 09142026 0650 06
   03120  I 09142026 0651 05
   12829  I 09142026 0651 02
   12763  I 09142026 0651 02
   12373  I 09142026 0651 01
   10469  I 09142026 0651 02
   10231  I 09142026 0651 01
   12716  I 09142026 0651 06
   12254  I 09142026 0652 05
   12901  I 09142026 0652 06
   01276  I 09142026 0652 01
   10384  I 09142026 0652 05
   11495  I 09142026 0652 02
   12298  I 09142026 0652 02
   12710  I 09142026 0652 05
   11519  I 09142026 0653 09
   12543  I 09142026 0653 06
   12293  I 09142026 0653 05
   10449  I 09142026 0653 06
   11687  I 09142026 0653 01
   12699  O 09142026 0654 03
   12699  I 09142026 0654 02
   12757  I 09142026 0654 06
   12538  I 09142026 0654 02
   12305  I 09142026 0654 06
   11496  I 09142026 0654 05
   11408  I 09142026 0655 02
   12620  I 09142026 0655 06
   12275  I 09142026 0655 06
   12417  I 09142026 0656 06
   12740  I 09142026 0656 02
   12135  I 09142026 0656 01
   12238  I 09142026 0656 05
   03085  I 09142026 0656 06
   10350  I 09142026 0656 09
   01415  I 09142026 0656 05
   10425  I 09142026 0656 02
   10148  I 09142026 0657 05
   11537  I 09142026 0657 06
   12557  I 09142026 0657 01
   12487  I 09142026 0657 05
   10245  I 09142026 0657 01
   12807  I 09142026 0657 06
   12657  I 09142026 0657 06
   01405  I 09142026 0657 06
   01341  I 09142026 0657 01
   10796  I 09142026 0658 01
   10146  I 09142026 0658 05
   11692  I 09142026 0659 01
   12730  I 09142026 0659 02
   10378  I 09142026 0659 01
   03102  I 09142026 0659 01
   12093  I 09142026 0659 06
   03161  I 09142026 0659 01
   11650  O 09142026 0700 04
   12457  O 09142026 0700 08
   11879  O 09142026 0700 07
   10809  O 09142026 0700 03
   11848  O 09142026 0700 11
   12021  O 09142026 0700 14
   12627  O 09142026 0700 12
   12670  O 09142026 0700 04
   12187  I 09142026 0700 06
   12460  O 09142026 0700 03
   11286  O 09142026 0700 08
   12260  O 09142026 0700 12
   12845  O 09142026 0700 11
   11693  O 09142026 0700 07
   11724  O 09142026 0700 03
   12741  O 09142026 0700 04
   10070  O 09142026 0700 11
   10658  O 09142026 0700 08
   11926  O 09142026 0700 07
   01296  O 09142026 0700 14
   12307  O 09142026 0700 12
   12668  O 09142026 0700 03
   12601  O 09142026 0700 04
   12732  O 09142026 0700 12
   10177  O 09142026 0700 08
   10831  O 09142026 0700 12
   12638  O 09142026 0700 11
   12337  O 09142026 0700 03
   10386  O 09142026 0700 04
   11943  I 09142026 0700 05
   12555  I 09142026 0700 01
   10696  I 09142026 0700 02
   12467  O 09142026 0700 12
   12355  O 09142026 0700 03
   11719  O 09142026 0700 04
   12808  O 09142026 0700 07
   10780  O 09142026 0700 12
   12852  O 09142026 0700 11
   12058  O 09142026 0700 03
   12611  I 09142026 0700 02
   12890  O 09142026 0700 11
   11400  O 09142026 0700 12
   12306  O 09142026 0700 07
   12816  O 09142026 0701 03
   12467  I 09142026 0701 10
   11355  I 09142026 0701 01
   12612  O 09142026 0701 03
   12204  O 09142026 0701 07
   12471  O 09142026 0701 08
   12467  O 09142026 0701 12
   12820  O 09142026 0701 14
   12488  I 09142026 0701 02
   12342  O 09142026 0701 11
   12851  O 09142026 0701 07
   10046  O 09142026 0701 03
   10202  O 09142026 0701 08
   10712  I 09142026 0701 06
   12375  I 09142026 0701 02
   12742  O 09142026 0701 03
   11780  O 09142026 0701 11
   12821  O 09142026 0701 07
   03010  O 09142026 0701 08
   11940  O 09142026 0701 04
   12475  O 09142026 0701 07
   12624  I 09142026 0701 01
   03173  O 09142026 0701 03
   01459  O 09142026 0701 12
   12614  I 09142026 0701 01
   11522  I 09142026 0702 02
   12582  I 09142026 0702 01
   12666  I 09142026 0702 01
   12737  I 09142026 0702 02
   10091  O 09142026 0702 08
   10598  O 09142026 0702 07
   10086  O 09142026 0702 07
   10640  I 09142026 0702 01
   12861  O 09142026 0702 08
   03136  I 09142026 0702 01
   10373  O 09142026 0702 12
   12248  O 09142026 0702 03
   12689  O 09142026 0702 07
   12688  O 09142026 0702 08
   10133  O 09142026 0702 12
   12731  O 09142026 0702 11
   12798  O 09142026 0702 04
   12695  O 09142026 0702 03
   12677  O 09142026 0702 07
   12694  I 09142026 0703 02
   01369  I 09142026 0703 06
   11221  I 09142026 0703 01
   10466  I 09142026 0703 02
   12112  O 09142026 0703 11
   12544  O 09142026 0703 11
   11388  I 09142026 0703 02
   10585  O 09142026 0703 04
   03035  O 09142026 0703 11
   12874  O 09142026 0703 03
   12085  O 09142026 0703 03
   12886  O 09142026 0703 04
   01425  O 09142026 0704 12
   12131  O 09142026 0704 04
   10358  O 09142026 0704 11
   01477  O 09142026 0704 12
   03118  O 09142026 0704 07
   03179  O 09142026 0704 12
   12790  O 09142026 0704 03
   12369  O 09142026 0704 12
   12370  O 09142026 0704 12
   12186  O 09142026 0704 07
   12224  O 09142026 0704 12
   12651  O 09142026 0704 12
   10055  I 09142026 0704 01
   03141  O 09142026 0704 12
   01448  O 09142026 0705 03
   10234  O 09142026 0705 04
   10573  O 09142026 0705 03
   11933  O 09142026 0705 04
   12717  I 09142026 0705 05
   03101  I 09142026 0706 02
   12854  O 09142026 0706 12
   12113  O 09142026 0706 11
   01422  O 09142026 0706 07
   12640  I 09142026 0706 02
   12738  O 09142026 0706 03
   12706  O 09142026 0706 11
   12266  O 09142026 0707 03
   03027  O 09142026 0707 11
   03039  O 09142026 0707 08
   09704  O 09142026 0707 08
   01511  O 09142026 0708 03
   11398  O 09142026 0708 08
   12148  O 09142026 0708 04
   10073  O 09142026 0708 12
   12546  O 09142026 0708 12
   12189  O 09142026 0708 11
   01325  O 09142026 0708 08
   12803  O 09142026 0708 07
   03148  O 09142026 0709 03
   12463  O 09142026 0710 12
   12736  O 09142026 0711 12
   03088  O 09142026 0712 07
   12115  O 09142026 0712 11
   09833  O 09142026 0715 11
   12059  O 09142026 0715 04
   03152  O 09142026 0716 04
   12325  O 09142026 0717 11
   03026  O 09142026 0717 11
   10287  O 09142026 0720 07
   10705  O 09142026 0724 11
   12334  O 09142026 0724 07
   01234  O 09142026 0733 04
   12390  O 09142026 0737 04
   10663  O 09142026 0739 11
   03098  O 09142026 0745 11
   12125  I 09142026 0824 06
