   12020  O 09272026 0300 08
   01454  I 09272026 0531 01
   09823  I 09272026 0539 05
   01413  I 09272026 0601 05
   12136  I 09272026 0610 01
   03141  I 09272026 0615 05
   12530  I 09272026 0638 02
   01483  I 09272026 0639 02
   12353  I 09272026 0645 05
   01422  I 09272026 0646 05
   10405  I 09272026 0646 05
   11784  I 09272026 0647 02
   10383  I 09272026 0647 05
   01339  I 09272026 0648 01
   12059  I 09272026 0652 02
   10726  I 09272026 0655 02
   01511  I 09272026 0655 01
   01436  I 09272026 0655 01
   12413  I 09272026 0655 02
   10759  I 09272026 0656 05
   12298  I 09272026 0657 05
   12369  I 09272026 0659 05
   12085  I 09272026 0659 02
   10588  I 09272026 0659 05
   03058  I 09272026 0659 02
   12502  O 09272026 0700 08
   10133  O 09272026 0700 03
   12080  O 09272026 0700 07
   10612  O 09272026 0700 14
   12501  O 09272026 0700 08
   12375  O 09272026 0700 07
   10201  O 09272026 0700 03
   10669  O 09272026 0701 03
   10640  O 09272026 0701 04
   10245  O 09272026 0701 03
   10669  O 09272026 0701 04
   10669  O 09272026 0702 03
   10669  O 09272026 0702 03
   10640  O 09272026 0702 04
   10640  O 09272026 0702 04
   12372  O 09272026 0702 03
   11935  O 09272026 0702 07
   12069  O 09272026 0702 08
   01234  O 09272026 0703 07
   12373  O 09272026 0703 03
   12123  O 09272026 0703 11
   01499  O 09272026 0703 07
   12471  O 09272026 0704 14
   11687  O 09272026 0705 03
   11789  O 09272026 0706 07
   01296  O 09272026 0715 14
   01512  O 09272026 0715 03
   01312  I 09272026 1328 05
   01295  I 09272026 1340 01
   10201  I 09272026 1354 05
   01487  I 09272026 1413 02
   11652  I 09272026 1414 01
   01423  I 09272026 1417 05
   10754  I 09272026 1418 05
   12130  I 09272026 1418 02
   10849  I 09272026 1434 01
   09676  I 09272026 1435 02
   01448  I 09272026 1437 05
   10669  I 09272026 1438 02
   12357  I 09272026 1439 01
   01276  I 09272026 1440 01
   12343  I 09272026 1440 05
   12630  I 09272026 1450 02
   12184  I 09272026 1455 05
   12164  I 09272026 1458 02
   12298  O 09272026 1500 08
   10383  O 09272026 1500 07
   11784  O 09272026 1500 08
   10231  I 09272026 1500 01
   10726  O 09272026 1501 04
   10245  I 09272026 1501 01
   12530  O 09272026 1502 03
   01413  O 09272026 1502 12
   01436  O 09272026 1504 03
   12413  O 09272026 1504 04
   12353  O 09272026 1504 03
   12059  O 09272026 1504 04
   03141  O 09272026 1504 12
   01339  O 09272026 1504 12
   01483  O 09272026 1506 08
   10405  O 09272026 1506 11
   10759  O 09272026 1506 08
   12085  O 09272026 1506 03
   10759  O 09272026 1506 08
   01422  O 09272026 1506 07
   10724  I 09272026 1506 02
   10405  O 09272026 1510 07
   03058  O 09272026 1515 08
   09823  O 09272026 1517 07
   01454  O 09272026 1518 08
   01511  O 09272026 1523 03
   10094  I 09272026 1600 02
   03088  I 09272026 1830 01
   12067  I 09272026 1844 13
   10133  I 09272026 1845 09
   12375  I 09272026 1857 02
   12369  O 09272026 1901 12
   10588  O 09272026 1903 12
   12369  O 09272026 1903 12
   12475  I 09272026 2105 05
   01234  I 09272026 2109 01
   10221  I 09272026 2153 02
   12822  I 09272026 2159 01
   12561  I 09272026 2206 01
   12701  I 09272026 2206 01
   12647  I 09272026 2208 01
   12583  I 09272026 2209 05
   12664  I 09272026 2212 05
   10604  I 09272026 2216 01
   12275  I 09272026 2219 02
   12668  I 09272026 2223 01
   12886  I 09272026 2223 02
   12356  I 09272026 2224 01
   10224  I 09272026 2229 05
   11411  I 09272026 2231 02
   12576  I 09272026 2232 02
   12624  I 09272026 2237 01
   12763  I 09272026 2237 02
   12123  I 09272026 2238 05
   01365  I 09272026 2241 05
   10318  I 09272026 2241 01
   12383  I 09272026 2241 02
   12543  I 09272026 2241 01
   12049  I 09272026 2242 05
   12823  I 09272026 2243 02
   12122  I 09272026 2245 05
   10232  I 09272026 2245 01
   11789  I 09272026 2245 01
   12545  I 09272026 2245 02
   03136  I 09272026 2246 01
   12816  I 09272026 2246 01
   11687  I 09272026 2249 02
   01432  I 09272026 2251 02
   10817  I 09272026 2251 01
   11942  I 09272026 2253 05
   12667  I 09272026 2254 01
   12623  I 09272026 2254 02
   10026  I 09272026 2255 05
   03032  I 09272026 2257 02
   01487  O 09272026 2300 03
   10201  O 09272026 2300 11
   12357  O 09272026 2300 04
   11652  O 09272026 2300 04
   01312  O 09272026 2300 12
   12184  O 09272026 2300 14
   10231  O 09272026 2300 03
   12136  O 09272026 2300 04
   12136  O 09272026 2300 04
   12136  O 09272026 2300 03
   10754  O 09272026 2300 14
   12136  O 09272026 2300 03
   12630  O 09272026 2301 08
   12343  O 09272026 2301 07
   10849  O 09272026 2301 03
   03088  O 09272026 2302 03
   01423  O 09272026 2302 11
   10669  O 09272026 2302 04
   09676  O 09272026 2302 04
   09676  O 09272026 2302 04
   12204  I 09272026 2302 01
   09676  O 09272026 2302 04
   09676  O 09272026 2302 04
   09676  O 09272026 2302 04
   09676  O 09272026 2302 04
   12130  O 09272026 2302 03
   10245  O 09272026 2303 03
   10724  O 09272026 2303 04
   01456  I 09272026 2303 02
   01312  O 09272026 2303 07
   01448  O 09272026 2303 03
   01312  O 09272026 2303 07
   01295  O 09272026 2304 03
   01276  O 09272026 2304 03
   12096  I 09272026 2305 01
   12130  O 09272026 2305 03
   12130  O 09272026 2305 03
   12130  O 09272026 2306 03
   12136  O 09272026 2310 03
