   01454  I 09072026 0450 01
   03098  I 09072026 0458 05
   12457  I 09072026 0528 05
   01425  I 09072026 0543 06
   12844  I 09072026 0546 02
   12307  I 09072026 0548 06
   10202  I 09072026 0550 06
   03007  I 09072026 0550 06
   12725  I 09072026 0552 06
   01335  I 09072026 0552 05
   12080  I 09072026 0554 06
   03141  I 09072026 0555 05
   12540  I 09072026 0555 05
   03179  I 09072026 0555 05
   12249  I 09072026 0557 05
   01402  I 09072026 0559 05
   12890  I 09072026 0600 05
   12246  I 09072026 0601 02
   12808  I 09072026 0601 05
   11767  I 09072026 0602 06
   12692  I 09072026 0602 05
   12677  I 09072026 0604 05
   12847  I 09072026 0604 06
   12627  I 09072026 0606 01
   03151  I 09072026 0606 01
   01231  I 09072026 0606 05
   12632  I 09072026 0607 05
   01339  I 09072026 0607 06
   03172  I 09072026 0607 05
   09704  I 09072026 0609 06
   12785  I 09072026 0609 01
   10127  I 09072026 0610 06
   12922  I 09072026 0610 01
   01295  I 09072026 0611 01
   01481  I 09072026 0612 05
   12814  I 09072026 0613 02
   03120  I 09072026 0614 05
   12185  I 09072026 0614 06
   10663  I 09072026 0614 05
   03135  I 09072026 0615 01
   12792  I 09072026 0616 01
   12965  I 09072026 0617 02
   01423  I 09072026 0617 05
   12821  I 09072026 0617 06
   10221  I 09072026 0617 02
   12967  I 09072026 0618 05
   12812  I 09072026 0618 06
   12800  I 09072026 0618 02
   10795  I 09072026 0618 06
   03018  I 09072026 0619 05
   11267  I 09072026 0619 05
   10849  I 09072026 0620 01
   12927  I 09072026 0620 02
   12920  I 09072026 0620 01
   12754  I 09072026 0620 05
   03035  I 09072026 0621 05
   11400  I 09072026 0621 06
   10070  I 09072026 0621 05
   12149  I 09072026 0622 05
   12786  I 09072026 0623 01
   12531  I 09072026 0623 06
   12802  I 09072026 0623 02
   11223  I 09072026 0623 05
   11933  I 09072026 0624 01
   12256  I 09072026 0624 05
   10736  I 09072026 0624 01
   10373  I 09072026 0625 02
   03167  I 09072026 0625 05
   11690  I 09072026 0625 05
   11935  I 09072026 0625 06
   10333  I 09072026 0625 06
   12674  I 09072026 0625 06
   01495  I 09072026 0626 05
   01325  I 09072026 0626 01
   12845  I 09072026 0627 06
   10199  I 09072026 0627 05
   11493  I 09072026 0627 05
   11768  I 09072026 0627 06
   11498  I 09072026 0628 06
   11928  I 09072026 0628 05
   12188  I 09072026 0628 09
   12390  I 09072026 0629 02
   10576  I 09072026 0629 02
   10386  I 09072026 0629 01
   01479  I 09072026 0630 06
   12396  I 09072026 0630 02
   12238  I 09072026 0630 02
   03026  I 09072026 0630 01
   10425  I 09072026 0630 02
   12058  I 09072026 0630 01
   12558  I 09072026 0630 06
   12306  I 09072026 0631 05
   01417  I 09072026 0631 06
   12813  I 09072026 0631 05
   03118  I 09072026 0632 06
   12440  I 09072026 0632 05
   12625  I 09072026 0632 06
   12822  I 09072026 0632 01
   11784  I 09072026 0633 06
   12266  I 09072026 0633 02
   10609  I 09072026 0633 05
   12833  I 09072026 0633 06
   03061  I 09072026 0634 05
   10766  I 09072026 0634 06
   12343  I 09072026 0635 06
   01232  I 09072026 0636 01
   12115  I 09072026 0636 01
   12945  I 09072026 0636 06
   01345  I 09072026 0636 05
   12342  I 09072026 0636 06
   10467  I 09072026 0636 01
   12289  I 09072026 0637 06
   12661  I 09072026 0637 05
   11222  I 09072026 0637 01
   12578  I 09072026 0637 02
   12693  I 09072026 0637 06
   12688  I 09072026 0638 06
   12234  I 09072026 0638 01
   12615  I 09072026 0638 05
   12647  I 09072026 0638 01
   11774  I 09072026 0638 02
   11725  I 09072026 0638 01
   12758  O 09072026 0638 03
   12055  I 09072026 0639 02
   12758  I 09072026 0639 02
   11726  I 09072026 0639 02
   12826  I 09072026 0639 01
   10046  I 09072026 0639 01
   10291  I 09072026 0639 05
   10357  I 09072026 0639 06
   01422  I 09072026 0639 02
   10449  I 09072026 0639 05
   12871  I 09072026 0639 06
   12764  I 09072026 0639 06
   12472  I 09072026 0639 06
   11787  I 09072026 0639 06
   12594  I 09072026 0639 06
   12873  I 09072026 0639 01
   10759  I 09072026 0640 06
   12191  I 09072026 0640 02
   12084  I 09072026 0640 01
   12293  I 09072026 0640 05
   01379  I 09072026 0640 02
   10698  I 09072026 0640 06
   11167  I 09072026 0640 01
   12222  I 09072026 0641 05
   10786  I 09072026 0641 05
   12162  I 09072026 0641 02
   03059  I 09072026 0641 06
   03108  I 09072026 0641 09
   12020  I 09072026 0641 06
   01504  I 09072026 0641 02
   01452  I 09072026 0641 01
   12622  I 09072026 0642 01
   12074  I 09072026 0642 02
   10135  I 09072026 0642 05
   12350  I 09072026 0642 01
   12260  I 09072026 0642 05
   12269  I 09072026 0642 06
   01317  I 09072026 0643 02
   10222  I 09072026 0643 05
   12473  I 09072026 0643 06
   12689  I 09072026 0643 05
   12081  I 09072026 0643 05
   10589  I 09072026 0643 06
   09833  I 09072026 0643 05
   10054  I 09072026 0643 02
   11863  I 09072026 0644 06
   10811  I 09072026 0644 05
   12544  I 09072026 0644 05
   10094  I 09072026 0644 02
   12669  I 09072026 0644 05
   10780  I 09072026 0644 05
   11166  I 09072026 0644 01
   10050  I 09072026 0644 02
   12852  I 09072026 0644 06
   10144  I 09072026 0645 05
   12439  I 09072026 0645 02
   12894  I 09072026 0645 06
   10358  I 09072026 0645 05
   12651  I 09072026 0645 06
   12888  I 09072026 0646 05
   12156  I 09072026 0646 06
   12815  I 09072026 0646 05
   12698  I 09072026 0647 01
   11404  I 09072026 0647 06
   11688  I 09072026 0647 05
   12066  I 09072026 0647 06
   01276  I 09072026 0647 01
   10261  I 09072026 0647 05
   12186  I 09072026 0647 06
   12299  I 09072026 0647 05
   01433  I 09072026 0648 06
   03176  I 09072026 0648 05
   10612  I 09072026 0648 13
   12130  I 09072026 0648 02
   10234  I 09072026 0648 01
   12854  I 09072026 0648 06
   12057  I 09072026 0648 02
   10841  I 09072026 0648 05
   12372  I 09072026 0648 02
   12568  I 09072026 0648 05
   12791  I 09072026 0648 01
   03058  I 09072026 0648 06
   12221  I 09072026 0648 09
   12851  I 09072026 0648 05
   12275  I 09072026 0649 05
   12112  I 09072026 0649 02
   09676  I 09072026 0649 02
   01511  I 09072026 0649 02
   12862  I 09072026 0649 01
   12652  I 09072026 0649 02
   12368  I 09072026 0649 06
   12699  I 09072026 0649 01
   01357  I 09072026 0649 06
   12412  I 09072026 0650 06
   12897  I 09072026 0650 01
   12687  I 09072026 0650 05
   11398  I 09072026 0650 06
   12374  I 09072026 0650 01
   10585  I 09072026 0650 02
   12451  I 09072026 0650 02
   12462  I 09072026 0650 05
   12805  I 09072026 0650 05
   10831  I 09072026 0651 05
   12716  I 09072026 0651 06
   12943  I 09072026 0651 01
   10086  I 09072026 0651 05
   12373  I 09072026 0651 01
   10765  I 09072026 0651 06
   01477  I 09072026 0651 05
   12601  I 09072026 0651 02
   10827  I 09072026 0651 01
   11692  I 09072026 0652 01
   10383  I 09072026 0652 05
   12341  I 09072026 0652 06
   12695  I 09072026 0652 01
   12538  I 09072026 0653 02
   12841  I 09072026 0653 01
   10091  I 09072026 0653 05
   10350  I 09072026 0653 09
   12672  I 09072026 0654 01
   10407  I 09072026 0654 10
   12376  I 09072026 0654 09
   12375  I 09072026 0654 09
   01415  I 09072026 0654 05
   12088  I 09072026 0654 06
   12819  I 09072026 0654 05
   12187  I 09072026 0654 06
   12630  I 09072026 0654 02
   12305  I 09072026 0655 06
   10796  I 09072026 0655 02
   12463  I 09072026 0655 05
   12183  I 09072026 0655 06
   12846  I 09072026 0655 01
   12904  I 09072026 0656 02
   01471  I 09072026 0656 05
   12325  I 09072026 0656 01
   12456  I 09072026 0656 01
   10169  I 09072026 0656 02
   12638  I 09072026 0656 06
   03088  I 09072026 0656 01
   12732  I 09072026 0656 06
   11777  I 09072026 0656 05
   11946  I 09072026 0657 06
   10712  I 09072026 0657 05
   12357  I 09072026 0657 02
   10505  I 09072026 0657 02
   10788  I 09072026 0657 06
   10231  I 09072026 0657 01
   12093  I 09072026 0657 06
   12131  I 09072026 0657 01
   03126  I 09072026 0657 06
   10073  I 09072026 0658 05
   11789  I 09072026 0658 06
   01374  I 09072026 0658 01
   12799  I 09072026 0658 02
   11496  I 09072026 0659 01
   12189  I 09072026 0659 01
   12737  I 09072026 0659 01
   12700  O 09072026 0700 03
   10830  O 09072026 0700 12
   03080  O 09072026 0700 04
   12461  O 09072026 0700 07
   11693  O 09072026 0700 11
   12496  O 09072026 0700 14
   12471  O 09072026 0700 08
   11169  O 09072026 0700 11
   10607  O 09072026 0700 03
   10598  O 09072026 0700 04
   12731  O 09072026 0700 11
   03077  O 09072026 0700 03
   12736  O 09072026 0700 12
   10617  O 09072026 0700 04
   12729  O 09072026 0700 11
   12164  O 09072026 0700 03
   01369  I 09072026 0700 06
   12961  O 09072026 0700 12
   12339  O 09072026 0700 11
   12804  O 09072026 0700 04
   12089  O 09072026 0700 11
   10133  O 09072026 0700 12
   12049  O 09072026 0700 14
   10145  O 09072026 0700 03
   12861  I 09072026 0700 05
   12224  O 09072026 0700 12
   12230  O 09072026 0700 04
   11266  O 09072026 0700 11
   10219  O 09072026 0700 08
   12370  O 09072026 0700 12
   10177  O 09072026 0700 07
   12067  O 09072026 0700 11
   01302  O 09072026 0700 04
   12337  O 09072026 0700 03
   12499  O 09072026 0700 04
   12645  O 09072026 0700 12
   11940  O 09072026 0700 03
   12828  I 09072026 0700 01
   12678  O 09072026 0700 11
   10240  O 09072026 0700 03
   11652  O 09072026 0700 04
   11605  O 09072026 0700 11
   12644  O 09072026 0701 12
   12356  O 09072026 0701 03
   10017  O 09072026 0701 08
   12383  O 09072026 0701 04
   12877  I 09072026 0701 01
   12624  O 09072026 0701 04
   10466  I 09072026 0701 01
   12798  O 09072026 0701 04
   12500  I 09072026 0701 02
   12125  O 09072026 0701 11
   03173  O 09072026 0701 03
   01333  O 09072026 0701 12
   12076  O 09072026 0701 03
   12723  O 09072026 0701 04
   10071  O 09072026 0701 11
   11519  I 09072026 0701 06
   12467  O 09072026 0701 12
   12735  O 09072026 0701 07
   12247  O 09072026 0701 03
   10310  O 09072026 0701 11
   01475  O 09072026 0701 03
   12637  O 09072026 0701 12
   12502  O 09072026 0701 07
   03010  I 09072026 0701 02
   11168  O 09072026 0701 12
   11388  I 09072026 0702 02
   03030  O 09072026 0702 14
   01492  O 09072026 0702 08
   10047  O 09072026 0702 03
   12722  O 09072026 0702 07
   11522  I 09072026 0702 02
   12302  O 09072026 0702 07
   11355  I 09072026 0702 01
   12192  O 09072026 0702 11
   11534  O 09072026 0702 08
   12128  O 09072026 0702 12
   11848  O 09072026 0702 11
   12140  O 09072026 0702 12
   12657  I 09072026 0702 01
   03168  O 09072026 0702 08
   11724  O 09072026 0702 04
   03001  O 09072026 0702 11
   12369  I 09072026 0702 06
   01459  O 09072026 0702 12
   10775  O 09072026 0702 07
   03136  O 09072026 0702 03
   11776  O 09072026 0702 08
   12701  O 09072026 0702 04
   12694  I 09072026 0702 01
   12138  O 09072026 0702 03
   12148  O 09072026 0702 04
   12807  O 09072026 0702 12
   10724  I 09072026 0702 02
   12657  O 09072026 0702 03
   12753  O 09072026 0702 12
   01448  O 09072026 0702 07
   12763  O 09072026 0702 04
   12657  I 09072026 0703 02
   11392  I 09072026 0703 06
   11687  O 09072026 0703 03
   12667  O 09072026 0703 04
   12329  O 09072026 0703 03
   03148  O 09072026 0703 03
   11719  I 09072026 0703 01
   12096  O 09072026 0703 04
   12133  I 09072026 0703 01
   12204  O 09072026 0703 03
   01356  O 09072026 0703 03
   12611  O 09072026 0703 04
   11402  O 09072026 0703 12
   11926  O 09072026 0703 11
   12878  O 09072026 0704 03
   10026  O 09072026 0704 07
   12142  O 09072026 0704 08
   12116  O 09072026 0704 07
   10232  I 09072026 0704 02
   12738  O 09072026 0704 04
   12741  I 09072026 0704 01
   10232  O 09072026 0704 03
   12756  O 09072026 0704 12
   03078  O 09072026 0704 08
   10055  I 09072026 0704 02
   12489  I 09072026 0704 02
   12663  O 09072026 0704 11
   11943  I 09072026 0704 01
   12665  O 09072026 0705 03
   10378  I 09072026 0705 01
   12690  O 09072026 0705 08
   03101  I 09072026 0705 02
   12886  I 09072026 0705 01
   11495  O 09072026 0705 04
   12874  I 09072026 0705 01
   12640  I 09072026 0706 02
   12583  O 09072026 0706 12
   11945  O 09072026 0706 08
   12569  O 09072026 0706 07
   10847  O 09072026 0706 08
   10117  O 09072026 0706 12
   12717  I 09072026 0707 05
   03159  O 09072026 0707 11
   12546  O 09072026 0707 12
   03027  O 09072026 0708 12
   01320  O 09072026 0708 11
   10658  O 09072026 0709 14
   12021  O 09072026 0709 14
   12113  I 09072026 0709 01
   10287  O 09072026 0713 11
   12153  O 09072026 0713 03
   10604  O 09072026 0713 03
   12545  O 09072026 0713 03
   12123  O 09072026 0715 11
   12248  O 09072026 0716 03
   11411  O 09072026 0716 03
   12803  O 09072026 0717 07
   10705  O 09072026 0719 11
   12291  O 09072026 0723 03
   12147  O 09072026 0725 04
   01456  O 09072026 0737 08
   01234  O 09072026 0739 07
   01396  I 09072026 0756 05
   01512  O 09072026 0804 08
   10306  I 09072026 1026 02
   10785  I 09072026 1048 05
   11767  O 09072026 1118 11
   03068  I 09072026 1247 05
   11266  I 09072026 1323 05
   11605  I 09072026 1324 05
   11646  I 09072026 1327 06
   01468  I 09072026 1332 05
   03062  I 09072026 1334 05
   03182  I 09072026 1337 05
   12497  I 09072026 1338 01
   01319  I 09072026 1341 01
   03177  I 09072026 1341 06
   12679  I 09072026 1344 05
   12628  I 09072026 1344 05
   12903  I 09072026 1352 01
   10021  I 09072026 1352 05
   10201  I 09072026 1354 01
   10807  I 09072026 1355 01
   10720  I 09072026 1356 06
   10843  I 09072026 1356 05
   12267  I 09072026 1356 05
   03047  I 09072026 1400 05
   03123  I 09072026 1401 06
   12488  I 09072026 1401 05
   12924  I 09072026 1402 01
   11647  I 09072026 1403 05
   03119  I 09072026 1404 06
   12948  I 09072026 1404 01
   10754  I 09072026 1404 06
   12712  I 09072026 1406 06
   01249  I 09072026 1406 05
   10456  I 09072026 1406 05
   12856  I 09072026 1406 01
   12727  I 09072026 1407 06
   01306  I 09072026 1409 02
   10083  I 09072026 1409 05
   12887  I 09072026 1410 05
   12136  I 09072026 1411 01
   11169  I 09072026 1411 05
   12072  I 09072026 1413 05
   12496  I 09072026 1414 06
   12824  I 09072026 1414 02
   12947  I 09072026 1414 01
   12254  I 09072026 1414 05
   12760  I 09072026 1414 01
   03170  I 09072026 1415 05
   12962  I 09072026 1415 02
   12711  I 09072026 1415 06
   10176  I 09072026 1415 05
   12761  I 09072026 1416 02
   12409  I 09072026 1416 06
   12561  I 09072026 1418 01
   12664  I 09072026 1418 06
   10071  I 09072026 1418 05
   10605  I 09072026 1419 05
   12780  I 09072026 1420 05
   01432  I 09072026 1420 05
   12383  I 09072026 1420 06
   12831  I 09072026 1420 02
   11607  I 09072026 1421 01
   12458  I 09072026 1422 02
   12762  I 09072026 1425 01
   12949  I 09072026 1426 01
   10100  I 09072026 1426 05
   10184  I 09072026 1426 06
   12620  I 09072026 1427 05
   12247  I 09072026 1427 05
   10697  I 09072026 1427 06
   12110  I 09072026 1427 01
   01330  I 09072026 1428 06
   12433  I 09072026 1428 01
   12577  I 09072026 1428 06
   12094  I 09072026 1428 05
   10369  I 09072026 1429 06
   10285  I 09072026 1429 06
   01320  I 09072026 1430 06
   12576  I 09072026 1430 06
   12710  I 09072026 1431 05
   12783  I 09072026 1432 05
   01499  I 09072026 1433 06
   12930  I 09072026 1433 01
   12557  I 09072026 1434 01
   10606  I 09072026 1434 01
   12539  I 09072026 1434 06
   03124  I 09072026 1434 02
   12610  I 09072026 1434 06
   12064  I 09072026 1435 01
   03012  I 09072026 1435 05
   12701  I 09072026 1436 01
   12825  I 09072026 1436 01
   12354  I 09072026 1437 05
   10356  I 09072026 1437 05
   11248  I 09072026 1437 06
   12487  I 09072026 1438 05
   12098  I 09072026 1438 02
   10116  I 09072026 1438 06
   12946  I 09072026 1438 06
   12413  I 09072026 1439 06
   12609  I 09072026 1439 05
   03085  I 09072026 1439 06
   10581  I 09072026 1440 05
   10017  I 09072026 1440 06
   12944  I 09072026 1440 01
   12356  I 09072026 1440 02
   12146  I 09072026 1440 05
   12793  I 09072026 1440 01
   01365  I 09072026 1440 05
   11652  I 09072026 1441 02
   03030  I 09072026 1441 01
   12901  I 09072026 1441 06
   12067  I 09072026 1443 05
   12631  I 09072026 1443 06
   10696  I 09072026 1443 01
   12843  I 09072026 1443 02
   12460  I 09072026 1443 02
   11687  I 09072026 1443 01
   12853  I 09072026 1443 05
   03102  I 09072026 1443 01
   01510  I 09072026 1445 02
   10617  I 09072026 1446 05
   10469  I 09072026 1446 02
   11494  I 09072026 1446 06
   12662  I 09072026 1447 02
   12555  I 09072026 1447 05
   11926  I 09072026 1447 05
   12740  I 09072026 1447 02
   12757  I 09072026 1448 06
   10384  I 09072026 1448 05
   12624  I 09072026 1448 01
   12371  I 09072026 1448 05
   01456  I 09072026 1448 06
   12763  I 09072026 1448 01
   12339  I 09072026 1448 05
   12556  I 09072026 1448 01
   11495  I 09072026 1448 05
   10669  I 09072026 1448 02
   12730  I 09072026 1449 05
   01382  I 09072026 1450 05
   03136  I 09072026 1451 01
   10678  I 09072026 1451 02
   10385  I 09072026 1451 05
   12135  I 09072026 1451 01
   10700  I 09072026 1452 06
   10148  I 09072026 1452 05
   10490  I 09072026 1452 06
   12720  I 09072026 1452 05
   11779  I 09072026 1453 05
   12543  I 09072026 1453 01
   10794  I 09072026 1453 06
   12499  I 09072026 1453 01
   12614  I 09072026 1454 01
   12582  I 09072026 1454 02
   12721  I 09072026 1455 02
   12059  I 09072026 1455 01
   12417  I 09072026 1455 06
   12951  I 09072026 1455 01
   01367  I 09072026 1456 05
   12569  I 09072026 1456 05
   10640  I 09072026 1457 01
   11537  I 09072026 1457 06
   01327  I 09072026 1458 02
   12021  I 09072026 1458 01
   12584  I 09072026 1458 06
   12184  I 09072026 1459 06
   12820  I 09072026 1459 06
   10245  I 09072026 1459 01
   03161  I 09072026 1500 01
   12149  O 09072026 1500 04
   12260  O 09072026 1500 11
   12669  O 09072026 1500 07
   01341  I 09072026 1500 02
   12457  O 09072026 1500 08
   12307  O 09072026 1500 12
   12531  O 09072026 1500 03
   12890  O 09072026 1500 11
   12741  O 09072026 1500 04
   01335  O 09072026 1500 07
   01357  O 09072026 1500 08
   12894  O 09072026 1500 11
   12130  O 09072026 1500 03
   10358  O 09072026 1500 12
   03059  O 09072026 1500 07
   12622  O 09072026 1500 04
   01481  O 09072026 1500 08
   11498  O 09072026 1500 11
   12638  O 09072026 1500 12
   10333  O 09072026 1500 07
   10386  O 09072026 1500 03
   12357  O 09072026 1500 04
   01495  O 09072026 1500 08
   12764  O 09072026 1500 12
   12692  O 09072026 1500 04
   12792  O 09072026 1500 03
   01471  O 09072026 1500 08
   10795  O 09072026 1500 07
   12558  O 09072026 1500 04
   12456  O 09072026 1500 03
   03018  O 09072026 1500 07
   12632  O 09072026 1500 08
   12538  O 09072026 1500 04
   12540  O 09072026 1500 03
   01402  O 09072026 1500 07
   12055  O 09072026 1500 04
   03126  O 09072026 1500 03
   12677  O 09072026 1500 08
   01396  O 09072026 1500 07
   12396  O 09072026 1500 04
   12183  O 09072026 1500 14
   12786  O 09072026 1500 03
   12133  O 09072026 1500 04
   10221  O 09072026 1500 03
   12266  O 09072026 1501 04
   12289  O 09072026 1501 07
   12688  O 09072026 1501 08
   09833  O 09072026 1501 11
   12350  O 09072026 1501 04
   12847  O 09072026 1501 03
   12689  O 09072026 1501 07
   12342  O 09072026 1501 11
   10788  O 09072026 1501 08
   03108  O 09072026 1501 12
   12965  O 09072026 1501 04
   10724  O 09072026 1501 03
   01345  O 09072026 1501 07
   12489  O 09072026 1501 14
   12651  O 09072026 1501 11
   12451  O 09072026 1501 03
   10222  O 09072026 1501 07
   12594  O 09072026 1501 12
   10091  O 09072026 1501 08
   11392  O 09072026 1501 07
   12897  O 09072026 1501 03
   10780  O 09072026 1501 04
   10086  O 09072026 1501 07
   12238  O 09072026 1501 11
   12808  O 09072026 1501 08
   12852  O 09072026 1501 03
   12812  O 09072026 1501 07
   11789  O 09072026 1501 08
   12814  O 09072026 1501 04
   12058  O 09072026 1501 03
   10759  O 09072026 1501 07
   10467  O 09072026 1501 04
   10070  O 09072026 1501 12
   12844  O 09072026 1501 03
   10698  O 09072026 1502 07
   12185  O 09072026 1502 11
   12841  O 09072026 1502 03
   12081  O 09072026 1502 08
   12162  O 09072026 1502 04
   12473  O 09072026 1502 08
   12611  I 09072026 1502 02
   12080  O 09072026 1502 07
   12706  I 09072026 1502 01
   10505  O 09072026 1502 08
   12652  O 09072026 1502 03
   12821  O 09072026 1502 07
   12845  O 09072026 1502 12
   12299  O 09072026 1502 07
   10576  O 09072026 1502 04
   11777  O 09072026 1502 08
   12661  O 09072026 1502 07
   11388  O 09072026 1502 08
   12922  O 09072026 1502 03
   12888  O 09072026 1502 07
   12815  O 09072026 1502 08
   12615  O 09072026 1503 08
   01231  O 09072026 1503 07
   11692  O 09072026 1503 08
   11928  O 09072026 1503 08
   10766  O 09072026 1503 07
   12544  O 09072026 1503 11
   12854  O 09072026 1503 12
   03172  O 09072026 1503 08
   12112  O 09072026 1503 12
   10046  O 09072026 1503 03
   10291  O 09072026 1503 07
   10202  O 09072026 1503 04
   12758  O 09072026 1504 07
   09676  O 09072026 1504 04
   01325  O 09072026 1504 08
   12877  O 09072026 1504 03
   12785  O 09072026 1504 03
   12873  O 09072026 1504 04
   12666  I 09072026 1504 01
   12927  O 09072026 1505 03
   12800  O 09072026 1505 04
   12802  O 09072026 1505 03
   12472  O 09072026 1505 14
   03179  O 09072026 1505 07
   01477  O 09072026 1505 08
   12246  O 09072026 1505 03
   12826  O 09072026 1505 04
   12372  O 09072026 1505 03
   12943  O 09072026 1505 03
   12862  O 09072026 1505 04
   10585  O 09072026 1505 04
   12846  O 09072026 1505 12
   12791  O 09072026 1505 03
   11933  O 09072026 1505 04
   12568  O 09072026 1505 12
   11774  O 09072026 1506 04
   11688  O 09072026 1506 07
   03010  O 09072026 1506 08
   11404  O 09072026 1506 12
   12221  O 09072026 1506 12
   12186  O 09072026 1506 07
   03118  O 09072026 1506 08
   11726  O 09072026 1506 03
   01317  O 09072026 1506 12
   10169  O 09072026 1506 12
   10350  O 09072026 1506 11
   09704  O 09072026 1506 08
   03007  O 09072026 1506 11
   10811  O 09072026 1506 07
   12066  O 09072026 1506 08
   10373  O 09072026 1507 12
   11398  O 09072026 1507 08
   11787  O 09072026 1507 07
   12819  O 09072026 1507 08
   12822  O 09072026 1507 07
   12640  O 09072026 1507 08
   12343  O 09072026 1507 08
   12799  O 09072026 1507 07
   11400  O 09072026 1508 12
   10831  O 09072026 1508 12
   03098  O 09072026 1508 07
   01379  O 09072026 1508 07
   10765  O 09072026 1508 08
   12306  O 09072026 1508 07
   03026  O 09072026 1509 11
   10378  O 09072026 1509 04
   01511  O 09072026 1509 03
   01425  O 09072026 1509 12
   03141  O 09072026 1509 12
   03035  O 09072026 1510 12
   03058  O 09072026 1510 08
   01232  O 09072026 1510 11
   11223  O 09072026 1510 08
   11267  O 09072026 1512 11
   01422  O 09072026 1512 07
   12325  O 09072026 1513 11
   01504  O 09072026 1515 04
   01479  O 09072026 1515 04
   12191  O 09072026 1516 08
   10425  O 09072026 1516 08
   10786  O 09072026 1517 08
   10054  O 09072026 1517 04
   12115  O 09072026 1520 11
   01454  O 09072026 1524 04
   10261  O 09072026 1524 11
   03135  O 09072026 1528 04
   01374  O 09072026 1531 04
   11719  O 09072026 1538 04
   10135  O 09072026 1541 12
   10663  O 09072026 1558 03
   12374  O 09072026 1602 04
   10050  O 09072026 1603 04
   11166  O 09072026 1603 04
   10736  O 09072026 1606 04
   01417  O 09072026 1607 08
   12376  O 09072026 1610 12
   10407  O 09072026 1610 12
   12804  I 09072026 1637 01
   12199  I 09072026 1658 01
   12439  O 09072026 1700 04
   12293  O 09072026 1700 07
   12222  O 09072026 1700 08
   11355  O 09072026 1700 07
   11943  O 09072026 1700 08
   12657  O 09072026 1701 03
   10449  O 09072026 1701 08
   10841  O 09072026 1701 14
   01415  O 09072026 1704 14
   12805  O 09072026 1706 07
   01413  I 09072026 1729 06
   11493  O 09072026 1735 14
   12392  I 09072026 1748 05
   12341  O 09072026 1800 08
   12093  O 09072026 1800 11
   12390  O 09072026 1800 03
   12833  O 09072026 1800 07
   10199  O 09072026 1800 07
   12945  O 09072026 1800 08
   03061  O 09072026 1800 12
   12737  O 09072026 1800 07
   03151  O 09072026 1800 03
   12461  I 09072026 1800 05
   12187  O 09072026 1800 12
   12717  O 09072026 1801 07
   10055  O 09072026 1802 14
   01369  O 09072026 1802 03
   11693  I 09072026 1802 05
   12475  I 09072026 1802 06
   12595  I 09072026 1803 06
   12208  I 09072026 1806 05
   01487  I 09072026 1810 01
   03101  O 09072026 1810 03
   12810  I 09072026 1814 06
   03122  I 09072026 1817 06
   01459  I 09072026 1822 05
   01448  I 09072026 1822 02
   12532  I 09072026 1824 05
   10309  I 09072026 1825 06
   03104  I 09072026 1825 05
   01333  I 09072026 1825 05
   12676  I 09072026 1828 05
   10146  I 09072026 1831 05
   10405  I 09072026 1837 05
   12790  I 09072026 1837 01
   01356  I 09072026 1839 01
   12415  I 09072026 1842 06
   10232  I 09072026 1843 02
   12502  I 09072026 1844 05
   12501  I 09072026 1844 06
   12125  I 09072026 1845 06
   12816  I 09072026 1850 01
   12742  I 09072026 1851 01
   01483  I 09072026 1851 06
   12738  I 09072026 1852 01
   12798  I 09072026 1854 02
   10573  I 09072026 1854 02
   12829  I 09072026 1854 02
   10133  I 09072026 1857 09
   11221  I 09072026 1859 01
   12672  O 09072026 1900 03
   12627  O 09072026 1900 04
   12647  O 09072026 1900 03
   12693  O 09072026 1900 04
   12369  O 09072026 1900 12
   11167  O 09072026 1900 03
   10234  O 09072026 1900 04
   12248  I 09072026 1900 02
   12074  O 09072026 1900 04
   10466  O 09072026 1900 11
   12189  O 09072026 1900 03
   12462  O 09072026 1900 12
   12249  O 09072026 1900 12
   03167  O 09072026 1900 08
   12368  O 09072026 1901 08
   03088  O 09072026 1901 04
   12828  O 09072026 1901 03
   10231  O 09072026 1901 03
   12732  O 09072026 1901 11
   12131  O 09072026 1901 03
   12725  O 09072026 1901 04
   11863  O 09072026 1901 03
   11690  O 09072026 1902 08
   12578  O 09072026 1902 07
   01433  O 09072026 1902 08
   01339  O 09072026 1902 07
   12373  O 09072026 1902 04
   12967  O 09072026 1902 08
   11784  O 09072026 1902 07
   12630  O 09072026 1902 12
   12463  O 09072026 1902 07
   12851  O 09072026 1902 08
   01295  O 09072026 1903 04
   11496  O 09072026 1903 07
   12500  O 09072026 1903 03
   10827  O 09072026 1903 03
   11519  O 09072026 1903 07
   12084  O 09072026 1903 04
   11522  O 09072026 1903 04
   01423  O 09072026 1904 11
   01452  O 09072026 1904 04
   12234  O 09072026 1904 03
   12861  O 09072026 1904 12
   12694  O 09072026 1904 03
   10094  O 09072026 1905 03
   11768  O 09072026 1905 08
   12375  O 09072026 1910 12
   12412  O 09072026 1915 12
   12754  O 09072026 1915 08
   01276  O 09072026 1921 03
   11946  O 09072026 1930 12
   12623  I 09072026 1932 02
   10796  O 09072026 2004 03
   10357  O 09072026 2101 03
   10642  I 09072026 2103 05
   12678  I 09072026 2127 06
   12759  I 09072026 2128 06
   12731  I 09072026 2143 06
   03053  I 09072026 2143 05
   03148  I 09072026 2145 02
   10224  I 09072026 2147 05
   01355  I 09072026 2147 05
   12147  I 09072026 2149 02
   12807  I 09072026 2155 06
   01428  I 09072026 2156 01
   12724  I 09072026 2157 05
   12823  I 09072026 2158 05
   12938  I 09072026 2202 06
   12963  I 09072026 2204 01
   12898  I 09072026 2204 02
   11250  I 09072026 2205 06
   12929  I 09072026 2205 01
   12128  I 09072026 2207 06
   12205  I 09072026 2213 02
   01344  I 09072026 2213 05
   11390  I 09072026 2216 06
   10264  I 09072026 2216 06
   11538  I 09072026 2218 05
   12668  I 09072026 2218 01
   12612  I 09072026 2219 02
   10658  I 09072026 2219 06
   12718  I 09072026 2220 01
   12241  I 09072026 2220 02
   10607  I 09072026 2220 01
   12869  I 09072026 2221 05
   12359  I 09072026 2222 01
   10604  I 09072026 2222 01
   10775  I 09072026 2222 06
   11936  I 09072026 2223 06
   10523  I 09072026 2223 01
   12957  I 09072026 2223 02
   12928  I 09072026 2223 01
   12700  I 09072026 2223 01
   10847  I 09072026 2224 05
   12863  I 09072026 2224 01
   12353  I 09072026 2224 06
   12919  I 09072026 2224 01
   12255  I 09072026 2225 05
   12355  I 09072026 2225 02
   03027  I 09072026 2225 05
   11879  I 09072026 2226 05
   11940  I 09072026 2226 06
   12889  I 09072026 2226 05
   10240  I 09072026 2226 06
   12872  I 09072026 2226 02
   10140  I 09072026 2228 05
   10641  I 09072026 2228 05
   12069  I 09072026 2229 06
   12809  I 09072026 2229 05
   12840  I 09072026 2230 06
   12291  I 09072026 2230 01
   12849  I 09072026 2233 05
   03112  I 09072026 2234 06
   01351  I 09072026 2234 05
   12485  I 09072026 2234 05
   10791  I 09072026 2234 02
   10825  I 09072026 2235 06
   10675  I 09072026 2235 01
   03152  I 09072026 2235 02
   11724  I 09072026 2235 01
   03168  I 09072026 2236 06
   03153  I 09072026 2236 06
   01302  I 09072026 2236 06
   12926  I 09072026 2236 01
   12663  I 09072026 2236 06
   11402  I 09072026 2237 05
   12743  I 09072026 2237 05
   12818  I 09072026 2237 01
   12351  I 09072026 2237 02
   10243  I 09072026 2237 01
   01470  I 09072026 2238 05
   12236  I 09072026 2238 05
   12217  I 09072026 2238 02
   11387  I 09072026 2238 05
   03078  I 09072026 2238 06
   11776  I 09072026 2238 06
   10673  I 09072026 2238 06
   12142  I 09072026 2238 06
   12334  I 09072026 2239 02
   12553  I 09072026 2239 05
   12639  I 09072026 2239 06
   12653  I 09072026 2239 05
   11937  I 09072026 2240 06
   12755  I 09072026 2240 02
   12858  I 09072026 2240 05
   11286  I 09072026 2241 01
   12961  I 09072026 2241 06
   01436  I 09072026 2241 05
   11534  I 09072026 2242 06
   11942  I 09072026 2242 06
   10223  I 09072026 2242 05
   10726  I 09072026 2242 05
   12546  I 09072026 2243 06
   12138  I 09072026 2244 02
   03037  I 09072026 2244 05
   11772  I 09072026 2244 05
   11765  I 09072026 2244 06
   03103  I 09072026 2244 02
   12370  I 09072026 2244 06
   11780  I 09072026 2245 06
   10728  I 09072026 2245 06
   12827  I 09072026 2245 01
   12642  I 09072026 2245 06
   12476  I 09072026 2245 02
   12082  I 09072026 2245 06
   11848  I 09072026 2246 06
   12049  I 09072026 2246 05
   12090  I 09072026 2246 06
   03017  I 09072026 2247 05
   12575  I 09072026 2248 05
   12206  I 09072026 2248 02
   12349  I 09072026 2248 01
   12650  I 09072026 2249 05
   03032  I 09072026 2249 06
   10026  I 09072026 2249 05
   12598  I 09072026 2249 05
   12673  I 09072026 2250 05
   10318  I 09072026 2250 01
   01373  I 09072026 2250 05
   12486  I 09072026 2250 06
   12474  I 09072026 2251 05
   12855  I 09072026 2252 02
   10608  I 09072026 2252 01
   12726  I 09072026 2252 05
   10808  I 09072026 2253 06
   12670  I 09072026 2253 01
   12803  I 09072026 2254 05
   10500  I 09072026 2254 05
   01296  I 09072026 2255 05
   10574  I 09072026 2256 05
   12085  I 09072026 2256 02
   01405  I 09072026 2256 06
   10705  I 09072026 2256 06
   12244  I 09072026 2256 02
   12122  I 09072026 2256 06
   12237  I 09072026 2256 05
   12629  I 09072026 2257 01
   10817  I 09072026 2257 02
   12545  I 09072026 2257 01
   12230  I 09072026 2259 01
   12736  I 09072026 2259 02
   11650  I 09072026 2259 01
   10127  O 09072026 2300 12
   12409  O 09072026 2300 11
   12716  O 09072026 2300 08
   10017  O 09072026 2300 07
   01319  O 09072026 2300 04
   12584  O 09072026 2300 11
   03170  O 09072026 2300 03
   12609  O 09072026 2300 08
   12557  O 09072026 2300 07
   12496  O 09072026 2300 11
   10116  O 09072026 2300 12
   01330  O 09072026 2300 04
   12254  O 09072026 2300 12
   12620  O 09072026 2300 11
   12576  O 09072026 2300 03
   12813  O 09072026 2300 08
   12556  O 09072026 2300 04
   03123  O 09072026 2300 12
   10469  O 09072026 2300 03
   03177  O 09072026 2300 04
   11266  O 09072026 2300 11
   12710  O 09072026 2300 11
   10609  O 09072026 2300 12
   10678  O 09072026 2300 04
   10807  O 09072026 2300 03
   12329  I 09072026 2300 01
   10490  O 09072026 2300 07
   10285  O 09072026 2300 08
   12339  O 09072026 2300 11
   12188  O 09072026 2300 03
   12667  I 09072026 2300 01
   12601  O 09072026 2300 03
   10794  O 09072026 2300 08
   11537  O 09072026 2300 07
   01306  O 09072026 2300 04
   03119  O 09072026 2300 11
   12499  O 09072026 2300 03
   12067  O 09072026 2300 08
   03182  O 09072026 2300 04
   11605  O 09072026 2300 11
   12487  O 09072026 2300 12
   12247  O 09072026 2300 11
   03102  O 09072026 2300 03
   12146  O 09072026 2300 04
   12098  O 09072026 2300 08
   12783  O 09072026 2301 12
   11652  O 09072026 2301 04
   10617  O 09072026 2301 03
   12780  O 09072026 2301 11
   10083  O 09072026 2301 07
   12611  O 09072026 2301 04
   12687  O 09072026 2301 08
   12440  O 09072026 2301 07
   10640  O 09072026 2301 04
   12530  I 09072026 2301 02
   11248  O 09072026 2301 11
   12664  O 09072026 2301 07
   10589  O 09072026 2301 03
   12020  O 09072026 2301 08
   12057  O 09072026 2301 04
   01512  I 09072026 2301 01
   12383  O 09072026 2301 03
   12698  O 09072026 2301 04
   12614  O 09072026 2301 03
   03030  O 09072026 2301 14
   01341  O 09072026 2301 04
   03176  O 09072026 2301 03
   12094  O 09072026 2301 11
   12072  O 09072026 2301 04
   10245  O 09072026 2301 03
   10148  O 09072026 2301 08
   11926  O 09072026 2301 11
   12662  O 09072026 2301 04
   12096  I 09072026 2301 01
   01249  O 09072026 2301 12
   12824  O 09072026 2301 03
   10669  O 09072026 2301 04
   11935  O 09072026 2301 11
   12460  O 09072026 2301 03
   12843  O 09072026 2301 04
   12944  O 09072026 2302 03
   12059  O 09072026 2302 04
   12136  O 09072026 2302 03
   01327  O 09072026 2302 07
   12625  O 09072026 2302 04
   01510  O 09072026 2302 12
   12825  O 09072026 2302 03
   12543  O 09072026 2302 04
   12949  O 09072026 2302 03
   03120  O 09072026 2302 11
   12761  O 09072026 2302 04
   12871  O 09072026 2302 03
   12269  O 09072026 2302 12
   12924  O 09072026 2302 03
   10383  O 09072026 2302 11
   12853  O 09072026 2302 12
   12722  I 09072026 2302 01
   12920  O 09072026 2302 03
   12962  O 09072026 2302 04
   12674  O 09072026 2302 11
   12337  I 09072026 2302 01
   12712  O 09072026 2302 07
   10100  O 09072026 2302 08
   12948  O 09072026 2302 03
   12947  O 09072026 2302 04
   11169  O 09072026 2302 11
   10456  O 09072026 2302 08
   03068  O 09072026 2302 04
   11725  O 09072026 2302 03
   12904  O 09072026 2302 04
   10306  O 09072026 2302 03
   12951  O 09072026 2303 04
   10145  I 09072026 2303 01
   11222  O 09072026 2303 03
   12113  O 09072026 2303 11
   12497  O 09072026 2303 04
   11495  O 09072026 2303 03
   12701  O 09072026 2303 03
   12539  O 09072026 2303 12
   10071  O 09072026 2303 11
   10785  O 09072026 2303 12
   12256  O 09072026 2303 12
   12458  O 09072026 2303 07
   12730  O 09072026 2303 12
   12727  O 09072026 2303 11
   12624  O 09072026 2303 04
   12763  O 09072026 2303 03
   10843  O 09072026 2303 07
   12631  O 09072026 2303 12
   12305  O 09072026 2303 08
   12628  O 09072026 2303 07
   12887  O 09072026 2303 03
   12930  O 09072026 2304 04
   12267  O 09072026 2304 08
   03161  O 09072026 2304 03
   12679  O 09072026 2304 12
   03085  O 09072026 2304 08
   11779  O 09072026 2304 07
   03124  O 09072026 2304 03
   12088  O 09072026 2304 12
   12064  O 09072026 2304 04
   12666  O 09072026 2304 04
   12354  O 09072026 2304 08
   10356  O 09072026 2304 07
   12582  O 09072026 2305 08
   12695  O 09072026 2305 04
   12275  O 09072026 2305 04
   10144  O 09072026 2305 07
   03012  O 09072026 2305 08
   03136  O 09072026 2305 03
   03047  O 09072026 2305 07
   10184  O 09072026 2305 04
   10384  O 09072026 2305 03
   12371  O 09072026 2305 08
   12555  O 09072026 2305 07
   10696  O 09072026 2305 08
   12302  I 09072026 2305 01
   10369  O 09072026 2306 12
   12886  O 09072026 2306 04
   10176  O 09072026 2306 07
   11687  O 09072026 2306 03
   12721  O 09072026 2306 08
   12874  O 09072026 2306 04
   01367  O 09072026 2308 07
   10849  O 09072026 2309 03
   12946  O 09072026 2309 12
   10073  O 09072026 2309 11
   12110  O 09072026 2310 04
   12757  O 09072026 2310 11
   01365  O 09072026 2311 08
   12856  O 09072026 2311 03
   12793  O 09072026 2311 04
   12903  O 09072026 2311 04
   12831  O 09072026 2311 03
   12561  O 09072026 2312 03
   12569  O 09072026 2313 11
   01432  O 09072026 2313 08
   01382  O 09072026 2315 08
   12577  O 09072026 2317 12
   12417  O 09072026 2318 08
   01499  O 09072026 2321 08
   12199  O 09072026 2325 03
   01456  O 09072026 2325 04
   01468  O 09072026 2340 12
   10612  O 09072026 2353 14
