12790  O 09052026 0040 11
12799  O 09052026 0104 04
10796  O 09052026 0238 03
01454  I 09052026 0455 01
10642  I 09052026 0514 05
09823  I 09052026 0525 06
12249  I 09052026 0535 05
12628  I 09052026 0546 05
12307  I 09052026 0548 06
03007  I 09052026 0554 06
12627  I 09052026 0555 05
11607  I 09052026 0555 06
10202  I 09052026 0556 06
10809  I 09052026 0558 01
12844  I 09052026 0558 02
01413  I 09052026 0558 06
12532  I 09052026 0602 05
10070  I 09052026 0604 05
12929  I 09052026 0605 01
01339  I 09052026 0605 06
12677  I 09052026 0606 05
12897  I 09052026 0607 01
03141  I 09052026 0607 05
12353  I 09052026 0607 05
11647  I 09052026 0609 05
01423  I 09052026 0610 05
03135  I 09052026 0611 01
12136  I 09052026 0611 01
01481  I 09052026 0611 05
01428  I 09052026 0611 05
12759  I 09052026 0612 01
12823  I 09052026 0612 02
11493  I 09052026 0612 05
12632  I 09052026 0612 05
10720  I 09052026 0612 06
01231  I 09052026 0613 05
12967  I 09052026 0613 05
01355  I 09052026 0614 05
03120  I 09052026 0614 05
12673  I 09052026 0615 05
12810  I 09052026 0615 06
03053  I 09052026 0616 05
01344  I 09052026 0616 05
10224  I 09052026 0616 06
12924  I 09052026 0617 01
12824  I 09052026 0617 02
12205  I 09052026 0617 02
12612  I 09052026 0617 05
10736  I 09052026 0619 01
10140  I 09052026 0619 05
12950  I 09052026 0620 02
12334  I 09052026 0620 02
11250  I 09052026 0620 06
12812  I 09052026 0620 06
12938  I 09052026 0620 06
12965  I 09052026 0621 02
11936  I 09052026 0622 06
01487  I 09052026 0623 01
12962  I 09052026 0623 02
10663  I 09052026 0623 05
12889  I 09052026 0623 05
12840  I 09052026 0625 06
12963  I 09052026 0626 01
12898  I 09052026 0626 02
11690  I 09052026 0626 05
12094  I 09052026 0627 05
03122  I 09052026 0627 06
10199  I 09052026 0628 05
01495  I 09052026 0628 05
12711  I 09052026 0628 06
12595  I 09052026 0628 06
12833  I 09052026 0628 06
03153  I 09052026 0628 06
12872  I 09052026 0629 01
11498  I 09052026 0629 05
01232  I 09052026 0629 06
12350  I 09052026 0630 01
10726  I 09052026 0630 01
03061  I 09052026 0630 05
10641  I 09052026 0630 05
10605  I 09052026 0630 06
11390  I 09052026 0630 06
10309  I 09052026 0630 06
12692  I 09052026 0631 01
01325  I 09052026 0631 01
12825  I 09052026 0631 02
12945  I 09052026 0631 06
10673  I 09052026 0632 06
10467  I 09052026 0633 01
10576  I 09052026 0633 02
12416  I 09052026 0633 05
03104  I 09052026 0633 05
12354  I 09052026 0633 05
11942  I 09052026 0633 06
10754  I 09052026 0634 06
12863  I 09052026 0635 01
12818  I 09052026 0635 01
12888  I 09052026 0635 05
10358  I 09052026 0635 05
10839  I 09052026 0635 06
12669  I 09052026 0635 06
11935  I 09052026 0635 06
12317  I 09052026 0636 01
12718  I 09052026 0636 02
12610  I 09052026 0636 05
12255  I 09052026 0636 05
12650  I 09052026 0636 05
01276  I 09052026 0637 01
10054  I 09052026 0637 02
12112  I 09052026 0637 02
12236  I 09052026 0637 05
10356  I 09052026 0637 05
11767  I 09052026 0637 05
12809  I 09052026 0637 06
12234  I 09052026 0638 01
10116  I 09052026 0638 05
12368  I 09052026 0638 06
12066  I 09052026 0638 06
10675  I 09052026 0639 01
10318  I 09052026 0639 01
12926  I 09052026 0639 01
12355  I 09052026 0639 02
12855  I 09052026 0639 02
12451  I 09052026 0639 02
10449  I 09052026 0639 05
12582  I 09052026 0639 05
01345  I 09052026 0639 06
12642  I 09052026 0639 06
12647  I 09052026 0640 02
03037  I 09052026 0640 05
12306  I 09052026 0640 05
01446  I 09052026 0640 06
12183  I 09052026 0640 06
11784  I 09052026 0640 06
11787  I 09052026 0640 06
11725  I 09052026 0641 01
11726  I 09052026 0641 01
12804  I 09052026 0641 01
11765  I 09052026 0641 01
10827  I 09052026 0641 01
12793  I 09052026 0641 02
10232  I 09052026 0641 02
12269  I 09052026 0641 05
01470  I 09052026 0641 05
10405  I 09052026 0641 05
10697  I 09052026 0641 05
12764  I 09052026 0641 06
11863  I 09052026 0641 06
01351  I 09052026 0641 06
11387  I 09052026 0641 06
10585  I 09052026 0642 01
03098  I 09052026 0642 01
12084  I 09052026 0642 01
12217  I 09052026 0642 02
12191  I 09052026 0642 02
12485  I 09052026 0642 05
10581  I 09052026 0642 05
10617  I 09052026 0642 05
12639  I 09052026 0642 05
10609  I 09052026 0642 05
12653  I 09052026 0642 05
10135  I 09052026 0642 05
12056  I 09052026 0642 06
10017  I 09052026 0642 06
12342  I 09052026 0642 06
03118  I 09052026 0642 06
12487  I 09052026 0642 06
10243  I 09052026 0643 02
10073  I 09052026 0643 05
12724  I 09052026 0643 05
10223  I 09052026 0643 05
10786  I 09052026 0643 06
12695  I 09052026 0644 02
10791  I 09052026 0644 02
12208  I 09052026 0644 05
11496  I 09052026 0644 05
12726  I 09052026 0644 05
12682  I 09052026 0644 06
11879  I 09052026 0644 06
12090  I 09052026 0644 06
12578  I 09052026 0645 01
03151  I 09052026 0645 01
12349  I 09052026 0645 01
12222  I 09052026 0645 02
01452  I 09052026 0645 02
01504  I 09052026 0645 02
12476  I 09052026 0645 02
10050  I 09052026 0645 02
12858  I 09052026 0645 05
12720  I 09052026 0645 05
12260  I 09052026 0645 05
12693  I 09052026 0645 06
11166  I 09052026 0646 01
03101  I 09052026 0646 02
11404  I 09052026 0646 05
01415  I 09052026 0646 05
11780  I 09052026 0646 06
12359  I 09052026 0646 06
12082  I 09052026 0646 06
10523  I 09052026 0647 01
12189  I 09052026 0647 02
12439  I 09052026 0647 02
10780  I 09052026 0647 05
10841  I 09052026 0647 05
12341  I 09052026 0647 05
12568  I 09052026 0647 06
10407  I 09052026 0647 09
12376  I 09052026 0647 10
12827  I 09052026 0648 01
01373  I 09052026 0648 05
12544  I 09052026 0648 05
10026  I 09052026 0648 05
12553  I 09052026 0648 06
12486  I 09052026 0648 06
10808  I 09052026 0648 06
12575  I 09052026 0648 06
12530  I 09052026 0649 02
11772  I 09052026 0649 05
10759  I 09052026 0649 06
12851  I 09052026 0649 06
10231  I 09052026 0650 01
12816  I 09052026 0650 01
12460  I 09052026 0650 02
12829  I 09052026 0650 02
11408  I 09052026 0650 02
10728  I 09052026 0650 06
10604  I 09052026 0651 01
12131  I 09052026 0651 01
12206  I 09052026 0651 02
03032  I 09052026 0651 02
12463  I 09052026 0651 05
12545  I 09052026 0652 01
12670  I 09052026 0652 01
12919  I 09052026 0652 01
12085  I 09052026 0652 02
12187  I 09052026 0652 02
12716  I 09052026 0652 06
12122  I 09052026 0652 06
03058  I 09052026 0652 06
12135  I 09052026 0653 01
12742  I 09052026 0653 02
12755  I 09052026 0653 02
12237  I 09052026 0653 05
12351  I 09052026 0653 06
12305  I 09052026 0653 06
12841  I 09052026 0654 01
01510  I 09052026 0654 02
12538  I 09052026 0654 02
12805  I 09052026 0654 05
12474  I 09052026 0654 05
03017  I 09052026 0654 05
12629  I 09052026 0655 01
03103  I 09052026 0655 02
10146  I 09052026 0655 05
11494  I 09052026 0655 05
10574  I 09052026 0655 05
12186  I 09052026 0655 06
12820  I 09052026 0655 06
12803  I 09052026 0656 01
12059  I 09052026 0656 01
12244  I 09052026 0656 02
12598  I 09052026 0656 05
01417  I 09052026 0656 06
12630  I 09052026 0657 01
11286  I 09052026 0657 01
12846  I 09052026 0657 02
12374  I 09052026 0657 02
10573  I 09052026 0657 02
12706  I 09052026 0657 02
10712  I 09052026 0657 05
10788  I 09052026 0657 06
10611  I 09052026 0657 09
12790  I 09052026 0658 01
01374  I 09052026 0658 01
12221  I 09052026 0658 09
10055  I 09052026 0659 01
12666  I 09052026 0659 01
12488  I 09052026 0659 02
12699  I 09052026 0659 02
12699  O 09052026 0659 03
10588  I 09052026 0659 05
01367  I 09052026 0659 06
11937  I 09052026 0700 01
11221  I 09052026 0700 01
01369  I 09052026 0700 06
12861  I 09052026 0700 06
11652  I 09052026 0701 01
11692  I 09052026 0701 01
03105  I 09052026 0701 01
11650  I 09052026 0701 01
11355  I 09052026 0701 01
12877  I 09052026 0701 02
12694  I 09052026 0701 02
12874  I 09052026 0702 01
10466  I 09052026 0702 01
11943  I 09052026 0702 05
12657  I 09052026 0702 06
12113  I 09052026 0703 01
10334  I 09052026 0703 01
12337  I 09052026 0703 02
12141  I 09052026 0703 02
12369  I 09052026 0703 02
03085  I 09052026 0703 05
03085  O 09052026 0703 08
12413  I 09052026 0704 01
10608  I 09052026 0704 01
12717  I 09052026 0704 05
12097  I 09052026 0705 01
12093  I 09052026 0705 02
10817  I 09052026 0705 02
12096  I 09052026 0706 01
12623  I 09052026 0706 02
12640  I 09052026 0706 02
12199  I 09052026 0707 01
01436  I 09052026 0711 02
10796  I 09052026 0920 02
12725  I 09052026 0954 06
10678  I 09052026 1058 02
03101  O 09052026 1101 03
10736  O 09052026 1103 07
11646  I 09052026 1320 06
03047  I 09052026 1323 05
11605  I 09052026 1324 05
03062  I 09052026 1326 06
01312  I 09052026 1334 05
10849  I 09052026 1335 02
01402  I 09052026 1335 05
10333  I 09052026 1335 05
01468  I 09052026 1336 05
03172  I 09052026 1338 05
12822  I 09052026 1339 01
10787  I 09052026 1342 06
01319  I 09052026 1344 02
01295  I 09052026 1349 01
12396  I 09052026 1349 02
03182  I 09052026 1350 06
10127  I 09052026 1350 06
12785  I 09052026 1351 01
01335  I 09052026 1353 05
12679  I 09052026 1353 05
12246  I 09052026 1356 05
10021  I 09052026 1357 05
10369  I 09052026 1359 06
12903  I 09052026 1400 01
12847  I 09052026 1400 02
12148  I 09052026 1401 01
12162  I 09052026 1403 02
03176  I 09052026 1405 05
01357  I 09052026 1405 06
12672  I 09052026 1407 01
12922  I 09052026 1409 01
01320  I 09052026 1410 06
01306  I 09052026 1412 02
11774  I 09052026 1412 02
10306  I 09052026 1413 02
12254  I 09052026 1413 06
12458  I 09052026 1414 02
12927  I 09052026 1415 01
12920  I 09052026 1415 01
12802  I 09052026 1415 02
12800  I 09052026 1415 02
11538  I 09052026 1415 05
12539  I 09052026 1415 06
01249  I 09052026 1415 06
12409  I 09052026 1417 06
12064  I 09052026 1418 01
12188  I 09052026 1419 02
12786  I 09052026 1420 01
03167  I 09052026 1420 05
01333  I 09052026 1423 05
10169  I 09052026 1423 06
12826  I 09052026 1424 01
01475  I 09052026 1424 01
12267  I 09052026 1424 05
11223  I 09052026 1424 05
12674  I 09052026 1424 06
11223  O 09052026 1424 08
12620  I 09052026 1425 05
10505  I 09052026 1428 05
01422  I 09052026 1428 05
11768  I 09052026 1428 06
12807  I 09052026 1428 06
12758  I 09052026 1429 01
01330  I 09052026 1429 06
10071  I 09052026 1430 01
12074  I 09052026 1430 02
10221  I 09052026 1430 02
12832  I 09052026 1430 05
12668  I 09052026 1431 01
11167  I 09052026 1431 01
12698  I 09052026 1431 02
12266  I 09052026 1431 02
10589  I 09052026 1431 05
12754  I 09052026 1431 06
12949  I 09052026 1432 01
12727  I 09052026 1432 06
10612  I 09052026 1433 13
12130  I 09052026 1434 02
10606  I 09052026 1435 01
10373  I 09052026 1435 02
12110  I 09052026 1435 02
12783  I 09052026 1435 05
12531  I 09052026 1435 06
12343  I 09052026 1435 06
01382  I 09052026 1436 05
12440  I 09052026 1436 05
10200  I 09052026 1436 05
10843  I 09052026 1436 05
10765  I 09052026 1436 06
12873  I 09052026 1437 01
12472  I 09052026 1437 06
03112  I 09052026 1438 06
12558  I 09052026 1438 06
12496  I 09052026 1438 06
11222  I 09052026 1439 05
10291  I 09052026 1439 05
01433  I 09052026 1439 06
12661  I 09052026 1440 05
10261  I 09052026 1440 05
10385  I 09052026 1440 05
12721  I 09052026 1440 05
10811  I 09052026 1440 06
12871  I 09052026 1441 01
12814  I 09052026 1441 02
11946  I 09052026 1441 05
10522  I 09052026 1441 05
12792  I 09052026 1442 01
12946  I 09052026 1442 06
12138  I 09052026 1443 02
12055  I 09052026 1443 02
10176  I 09052026 1443 05
01479  I 09052026 1443 06
11248  I 09052026 1443 06
09676  I 09052026 1444 02
12473  I 09052026 1444 05
11688  I 09052026 1445 05
01511  I 09052026 1446 02
10148  I 09052026 1446 05
10144  I 09052026 1446 06
12622  I 09052026 1447 01
12687  I 09052026 1447 05
12652  I 09052026 1448 02
11926  I 09052026 1448 05
12020  I 09052026 1448 06
12615  I 09052026 1449 05
03059  I 09052026 1449 05
12730  I 09052026 1449 06
01379  I 09052026 1450 02
10094  I 09052026 1451 01
12577  I 09052026 1451 09
12259  I 09052026 1452 05
12815  I 09052026 1452 05
12357  I 09052026 1453 02
12540  I 09052026 1454 05
12594  I 09052026 1454 06
12819  I 09052026 1454 06
10785  I 09052026 1455 06
03126  I 09052026 1456 06
11779  I 09052026 1456 06
01296  I 09052026 1456 13
12862  I 09052026 1457 01
10500  I 09052026 1457 02
12951  I 09052026 1457 02
12722  I 09052026 1457 06
12375  I 09052026 1458 01
12584  I 09052026 1458 05
11719  I 09052026 1459 01
12740  I 09052026 1459 02
12500  I 09052026 1459 02
10795  I 09052026 1459 06
12133  I 09052026 1500 01
12151  I 09052026 1500 01
12021  I 09052026 1500 01
12415  I 09052026 1500 02
10809  O 09052026 1500 03
12647  O 09052026 1500 03
11650  O 09052026 1500 03
12460  O 09052026 1500 03
11408  O 09052026 1500 03
12793  O 09052026 1500 03
12755  O 09052026 1500 03
12415  O 09052026 1500 03
10318  O 09052026 1500 04
10243  O 09052026 1500 04
12716  O 09052026 1500 04
12217  O 09052026 1500 04
01487  O 09052026 1500 04
12759  O 09052026 1500 04
12965  O 09052026 1500 04
12538  O 09052026 1500 04
12742  O 09052026 1500 04
12669  O 09052026 1500 07
12720  O 09052026 1500 07
01351  O 09052026 1500 07
10728  O 09052026 1500 07
03037  O 09052026 1500 07
11496  O 09052026 1500 07
03053  O 09052026 1500 07
10224  O 09052026 1500 07
12122  O 09052026 1500 07
10759  O 09052026 1500 07
12858  O 09052026 1500 08
01481  O 09052026 1500 08
10523  O 09052026 1500 08
01470  O 09052026 1500 08
01344  O 09052026 1500 08
12474  O 09052026 1500 08
10223  O 09052026 1500 08
12717  O 09052026 1500 08
12093  O 09052026 1500 08
03122  O 09052026 1500 11
11498  O 09052026 1500 11
12627  O 09052026 1500 11
11879  O 09052026 1500 11
12724  O 09052026 1500 11
12938  O 09052026 1500 11
10070  O 09052026 1500 12
12307  O 09052026 1500 12
10358  O 09052026 1500 12
12610  O 09052026 1500 12
12598  O 09052026 1500 12
10309  O 09052026 1500 12
12485  O 09052026 1500 12
11780  O 09052026 1501 03
12695  O 09052026 1501 03
12612  O 09052026 1501 03
12317  O 09052026 1501 03
12056  O 09052026 1501 04
12351  O 09052026 1501 04
12823  O 09052026 1501 04
11789  I 09052026 1501 06
10116  O 09052026 1501 07
01428  O 09052026 1501 07
10839  O 09052026 1501 07
12090  O 09052026 1501 07
11772  O 09052026 1501 07
12237  O 09052026 1501 07
10146  O 09052026 1501 07
12255  O 09052026 1501 07
01436  O 09052026 1501 07
10642  O 09052026 1501 08
11765  O 09052026 1501 08
11942  O 09052026 1501 08
12764  O 09052026 1501 08
12236  O 09052026 1501 08
12413  O 09052026 1501 08
10641  O 09052026 1501 08
12629  O 09052026 1501 08
03098  O 09052026 1501 08
12810  O 09052026 1501 11
01446  O 09052026 1501 11
11767  O 09052026 1501 11
10073  O 09052026 1501 11
12673  O 09052026 1501 11
12812  O 09052026 1501 12
10780  O 09052026 1501 12
12967  O 09052026 1501 12
03102  I 09052026 1502 01
12824  O 09052026 1502 03
12950  O 09052026 1502 03
12816  O 09052026 1502 03
12898  O 09052026 1502 03
12897  O 09052026 1502 03
03105  O 09052026 1502 03
12844  O 09052026 1502 03
12623  O 09052026 1502 03
12863  O 09052026 1502 04
12718  O 09052026 1502 04
12872  O 09052026 1502 04
12924  O 09052026 1502 04
10573  O 09052026 1502 04
12841  O 09052026 1502 04
12205  O 09052026 1502 04
10605  O 09052026 1502 07
01345  O 09052026 1502 07
12803  O 09052026 1502 07
12353  O 09052026 1502 07
10791  O 09052026 1502 07
12840  O 09052026 1502 08
10202  O 09052026 1502 08
12342  O 09052026 1502 08
03007  O 09052026 1502 11
01232  O 09052026 1502 11
12653  O 09052026 1502 12
10724  I 09052026 1503 02
11392  I 09052026 1503 02
12234  O 09052026 1503 03
12926  O 09052026 1503 03
12929  O 09052026 1503 03
12355  O 09052026 1503 03
12699  O 09052026 1503 03
01452  O 09052026 1503 04
01504  O 09052026 1503 04
12855  O 09052026 1503 04
10808  O 09052026 1503 07
03017  O 09052026 1503 07
11943  O 09052026 1503 07
01231  O 09052026 1503 08
10140  O 09052026 1503 08
01325  O 09052026 1503 08
03120  O 09052026 1503 11
12682  O 09052026 1503 12
10675  O 09052026 1504 03
12085  O 09052026 1504 03
12692  O 09052026 1504 04
03118  O 09052026 1504 07
10841  O 09052026 1504 07
12186  O 09052026 1504 08
01454  O 09052026 1504 08
03153  O 09052026 1504 11
12846  O 09052026 1504 12
10754  O 09052026 1504 14
10449  O 09052026 1504 14
11388  I 09052026 1505 02
11726  O 09052026 1505 03
10827  O 09052026 1505 03
12244  O 09052026 1505 03
10232  O 09052026 1505 04
12131  O 09052026 1505 04
01396  I 09052026 1505 05
12306  O 09052026 1505 07
11692  O 09052026 1505 07
12642  O 09052026 1505 07
11390  O 09052026 1505 08
11787  O 09052026 1505 08
09823  O 09052026 1505 11
01339  O 09052026 1505 12
03141  O 09052026 1505 12
11404  O 09052026 1505 12
12221  O 09052026 1505 12
12827  O 09052026 1506 03
03151  O 09052026 1506 03
12889  O 09052026 1506 04
12199  O 09052026 1506 04
12805  O 09052026 1506 07
10726  O 09052026 1506 07
11355  O 09052026 1506 07
12553  O 09052026 1506 08
01510  O 09052026 1506 11
12222  O 09052026 1506 12
12818  O 09052026 1507 03
10697  O 09052026 1507 04
01367  O 09052026 1507 07
10356  O 09052026 1507 07
12463  O 09052026 1507 08
12650  O 09052026 1507 12
03058  O 09052026 1508 08
12595  O 09052026 1508 12
12790  O 09052026 1509 03
03032  O 09052026 1509 07
12575  O 09052026 1509 08
01495  O 09052026 1509 12
12476  O 09052026 1510 03
12096  O 09052026 1510 04
12666  O 09052026 1510 04
12861  O 09052026 1510 07
11387  O 09052026 1511 07
01373  O 09052026 1511 08
10604  O 09052026 1512 03
12349  O 09052026 1512 03
12530  O 09052026 1512 04
11863  O 09052026 1514 12
10026  O 09052026 1515 07
10405  O 09052026 1516 11
10608  O 09052026 1519 12
01276  O 09052026 1521 07
12359  O 09052026 1521 12
01374  O 09052026 1527 04
10135  O 09052026 1527 12
10588  O 09052026 1527 12
12963  O 09052026 1530 03
12962  O 09052026 1530 04
03103  O 09052026 1531 04
10786  O 09052026 1531 11
01417  O 09052026 1531 12
10796  O 09052026 1532 04
01413  O 09052026 1548 12
01355  O 09052026 1601 03
12376  O 09052026 1603 03
12374  O 09052026 1603 04
10050  O 09052026 1604 04
10407  O 09052026 1605 12
10611  O 09052026 1605 12
11166  O 09052026 1606 04
10663  O 09052026 1611 08
12657  O 09052026 1700 03
01415  O 09052026 1700 14
10199  O 09052026 1704 12
10054  O 09052026 1707 04
12640  O 09052026 1708 08
12451  O 09052026 1730 03
01369  O 09052026 1736 03
10383  I 09052026 1737 05
12392  I 09052026 1752 05
12439  O 09052026 1800 04
12833  O 09052026 1800 07
12341  O 09052026 1800 08
12191  O 09052026 1800 08
03061  O 09052026 1800 11
12945  O 09052026 1800 12
12416  O 09052026 1801 07
12632  O 09052026 1801 08
10055  O 09052026 1802 14
12187  O 09052026 1803 12
11693  I 09052026 1805 05
12644  I 09052026 1805 06
12128  I 09052026 1808 06
12461  I 09052026 1811 05
12141  O 09052026 1813 12
12700  I 09052026 1816 05
12637  I 09052026 1825 06
12467  I 09052026 1827 02
12780  I 09052026 1827 05
01234  I 09052026 1829 01
10201  I 09052026 1830 01
12821  I 09052026 1835 06
12291  I 09052026 1837 01
12356  I 09052026 1840 02
10698  I 09052026 1840 05
12878  I 09052026 1841 02
12502  I 09052026 1841 06
12123  I 09052026 1841 10
12624  I 09052026 1842 01
12224  I 09052026 1843 05
12299  I 09052026 1843 05
12501  I 09052026 1843 06
12125  I 09052026 1846 06
12372  I 09052026 1849 01
12569  I 09052026 1849 05
12164  I 09052026 1852 02
12735  I 09052026 1856 05
10245  I 09052026 1857 01
12248  I 09052026 1857 01
12756  I 09052026 1859 06
12828  I 09052026 1900 01
12136  O 09052026 1900 03
12693  O 09052026 1900 03
12337  O 09052026 1900 03
10576  O 09052026 1900 03
12189  O 09052026 1900 03
12829  O 09052026 1900 03
12059  O 09052026 1900 04
01456  I 09052026 1900 06
10574  O 09052026 1900 07
12097  O 09052026 1900 08
12369  O 09052026 1900 08
12532  O 09052026 1900 11
12082  O 09052026 1900 11
12368  O 09052026 1900 11
12260  O 09052026 1900 12
01423  O 09052026 1900 12
11493  O 09052026 1900 14
03104  O 09052026 1900 14
11221  O 09052026 1901 03
12825  O 09052026 1901 03
11286  O 09052026 1901 04
12350  O 09052026 1902 03
11690  O 09052026 1902 08
12578  O 09052026 1902 12
12568  O 09052026 1902 12
03088  I 09052026 1903 01
12799  I 09052026 1903 01
12230  I 09052026 1903 02
10231  O 09052026 1903 03
10585  O 09052026 1903 04
12084  O 09052026 1903 04
11937  O 09052026 1903 11
12630  O 09052026 1903 12
12851  O 09052026 1903 12
10466  O 09052026 1904 11
12877  O 09052026 1905 03
12804  O 09052026 1906 04
12486  O 09052026 1906 12
12208  O 09052026 1909 12
11607  O 09052026 1909 12
10817  O 09052026 1910 03
12500  O 09052026 1911 03
12066  O 09052026 1913 08
11784  O 09052026 1916 14
12334  O 09052026 1920 12
03135  O 09052026 1931 04
12545  O 09052026 1936 03
11266  I 09052026 1940 05
12639  O 09052026 2011 12
10712  O 09052026 2020 07
10334  O 09052026 2020 08
10047  I 09052026 2048 06
12329  I 09052026 2125 02
12678  I 09052026 2126 06
12089  I 09052026 2127 05
12475  I 09052026 2135 06
12497  I 09052026 2137 01
03148  I 09052026 2153 02
12645  I 09052026 2154 05
10184  I 09052026 2154 06
12583  I 09052026 2159 06
12192  I 09052026 2200 05
03123  I 09052026 2203 06
10200  O 09052026 2203 12
12791  I 09052026 2207 01
12856  I 09052026 2207 02
10310  I 09052026 2208 06
10830  I 09052026 2210 01
12723  I 09052026 2211 01
12140  I 09052026 2211 06
12831  I 09052026 2213 01
10807  I 09052026 2215 01
12701  I 09052026 2215 01
11168  I 09052026 2215 06
12948  I 09052026 2216 01
12760  I 09052026 2216 01
12072  I 09052026 2216 02
12241  I 09052026 2216 02
10083  I 09052026 2217 06
12561  I 09052026 2218 01
12757  I 09052026 2218 06
10117  I 09052026 2219 05
12462  I 09052026 2219 06
10287  I 09052026 2221 06
12664  I 09052026 2221 06
12676  I 09052026 2222 05
10658  I 09052026 2222 06
03001  I 09052026 2225 10
12625  I 09052026 2226 05
12853  I 09052026 2226 05
03177  I 09052026 2226 06
10607  I 09052026 2227 01
12887  I 09052026 2227 02
12690  I 09052026 2227 06
12928  I 09052026 2228 01
12712  I 09052026 2228 06
01449  I 09052026 2229 02
03170  I 09052026 2229 05
10706  I 09052026 2229 05
12412  I 09052026 2229 06
12081  I 09052026 2230 05
12731  I 09052026 2230 05
10775  I 09052026 2230 06
12763  I 09052026 2231 01
12957  I 09052026 2231 01
10847  I 09052026 2231 05
12762  I 09052026 2232 01
12761  I 09052026 2232 02
12397  I 09052026 2232 02
12247  I 09052026 2232 05
12961  I 09052026 2232 06
12813  I 09052026 2232 06
11940  I 09052026 2232 06
01302  I 09052026 2232 06
10825  I 09052026 2233 06
03119  I 09052026 2234 05
10240  I 09052026 2234 06
03085  I 09052026 2234 06
01448  I 09052026 2234 06
03168  I 09052026 2234 06
12944  I 09052026 2235 01
10177  I 09052026 2235 05
10100  I 09052026 2235 06
12275  I 09052026 2236 05
12116  I 09052026 2236 05
12142  I 09052026 2236 06
12557  I 09052026 2237 02
12662  I 09052026 2237 02
10219  I 09052026 2237 05
12631  I 09052026 2237 06
10669  I 09052026 2238 02
12665  I 09052026 2239 01
11411  I 09052026 2239 02
12729  I 09052026 2239 05
12146  I 09052026 2239 05
12371  I 09052026 2239 05
12663  I 09052026 2239 06
11724  I 09052026 2240 01
01356  I 09052026 2240 01
12383  I 09052026 2240 02
11402  I 09052026 2240 05
12743  I 09052026 2240 06
10425  I 09052026 2241 01
11776  I 09052026 2241 06
03078  I 09052026 2241 06
12930  I 09052026 2242 02
03159  I 09052026 2242 09
12067  I 09052026 2243 06
11534  I 09052026 2243 06
01492  I 09052026 2243 06
03030  I 09052026 2244 02
11169  I 09052026 2244 05
12503  I 09052026 2244 05
11945  I 09052026 2244 06
03173  I 09052026 2244 06
12555  I 09052026 2244 10
12543  I 09052026 2245 01
12049  I 09052026 2245 05
11848  I 09052026 2245 06
10490  I 09052026 2245 06
10285  I 09052026 2245 06
10794  I 09052026 2245 06
11687  I 09052026 2246 01
12076  I 09052026 2247 01
03136  I 09052026 2247 01
01499  I 09052026 2247 06
12894  I 09052026 2247 06
12184  I 09052026 2247 06
12753  I 09052026 2248 05
10469  I 09052026 2249 02
12901  I 09052026 2249 06
12798  I 09052026 2250 02
01327  I 09052026 2251 01
12499  I 09052026 2251 01
12204  I 09052026 2251 02
10384  I 09052026 2251 05
03077  I 09052026 2251 06
03124  I 09052026 2251 06
12556  I 09052026 2252 01
12098  I 09052026 2252 02
12843  I 09052026 2252 02
12609  I 09052026 2252 05
10133  I 09052026 2253 09
12546  I 09052026 2254 05
12339  I 09052026 2254 05
01365  I 09052026 2254 06
12238  I 09052026 2254 06
11537  I 09052026 2254 06
12738  I 09052026 2255 01
12736  I 09052026 2255 05
12370  I 09052026 2255 06
12667  I 09052026 2256 01
03080  I 09052026 2256 05
01405  I 09052026 2256 06
12417  I 09052026 2257 06
12373  I 09052026 2258 01
12471  I 09052026 2258 02
12614  I 09052026 2259 01
10705  I 09052026 2259 06
10696  I 09052026 2300 01
12576  I 09052026 2300 02
12531  O 09052026 2300 03
12672  O 09052026 2300 03
11167  O 09052026 2300 03
10306  O 09052026 2300 03
12670  O 09052026 2300 03
12396  O 09052026 2300 03
12786  O 09052026 2300 03
12903  O 09052026 2300 03
12826  O 09052026 2300 03
12357  O 09052026 2300 04
10385  O 09052026 2300 04
12064  O 09052026 2300 04
12847  O 09052026 2300 04
12558  O 09052026 2300 04
12540  O 09052026 2300 04
12814  O 09052026 2300 04
10795  O 09052026 2300 07
10787  O 09052026 2300 07
03059  O 09052026 2300 07
01357  O 09052026 2300 07
01396  O 09052026 2300 07
10500  O 09052026 2300 07
11392  O 09052026 2300 07
12677  O 09052026 2300 07
12628  O 09052026 2300 07
03167  O 09052026 2300 08
11494  O 09052026 2300 08
10522  O 09052026 2300 08
10673  O 09052026 2300 08
10788  O 09052026 2300 08
03112  O 09052026 2300 08
01335  O 09052026 2300 08
03102  O 09052026 2300 08
12820  O 09052026 2300 11
12409  O 09052026 2300 11
10127  O 09052026 2300 12
11646  O 09052026 2300 12
12473  O 09052026 2300 14
10612  O 09052026 2300 14
03161  I 09052026 2301 01
12611  I 09052026 2301 02
12576  O 09052026 2301 03
01475  O 09052026 2301 03
12133  O 09052026 2301 03
12694  O 09052026 2301 03
10678  O 09052026 2301 03
12375  O 09052026 2301 03
11222  O 09052026 2301 04
12949  O 09052026 2301 04
12266  O 09052026 2301 04
12698  O 09052026 2301 04
12725  O 09052026 2301 04
01471  I 09052026 2301 05
11777  I 09052026 2301 05
01471  O 09052026 2301 07
12815  O 09052026 2301 07
01402  O 09052026 2301 07
12711  O 09052026 2301 07
11777  O 09052026 2301 07
10017  O 09052026 2301 08
12615  O 09052026 2301 08
12888  O 09052026 2301 08
12094  O 09052026 2301 11
11248  O 09052026 2301 11
10261  O 09052026 2301 11
12727  O 09052026 2301 11
12706  O 09052026 2301 11
03172  O 09052026 2301 11
01306  O 09052026 2301 12
10720  O 09052026 2301 12
10785  O 09052026 2301 12
01479  O 09052026 2301 12
10609  O 09052026 2301 12
12679  O 09052026 2301 12
12730  O 09052026 2301 12
03068  I 09052026 2302 02
10467  O 09052026 2302 03
01319  O 09052026 2302 03
10724  O 09052026 2302 03
12919  O 09052026 2302 03
03068  O 09052026 2302 03
12920  O 09052026 2302 03
12822  O 09052026 2302 03
01330  O 09052026 2302 04
12622  O 09052026 2302 04
12922  O 09052026 2302 04
09676  O 09052026 2302 04
12873  O 09052026 2302 04
10598  I 09052026 2302 05
11688  O 09052026 2302 07
11936  O 09052026 2302 08
01296  O 09052026 2302 08
12259  O 09052026 2302 11
11926  O 09052026 2302 11
12487  O 09052026 2302 12
10369  O 09052026 2302 12
12809  O 09052026 2302 12
12302  I 09052026 2303 01
12785  O 09052026 2303 03
10581  O 09052026 2303 03
01511  O 09052026 2303 03
10617  O 09052026 2303 03
03182  O 09052026 2303 03
12792  O 09052026 2303 04
12246  O 09052026 2303 04
03176  O 09052026 2303 04
11652  O 09052026 2303 04
12305  O 09052026 2303 07
01433  O 09052026 2303 07
10811  O 09052026 2303 07
10144  O 09052026 2303 07
12440  O 09052026 2303 07
11647  O 09052026 2303 07
12661  O 09052026 2303 07
12112  O 09052026 2303 08
12074  O 09052026 2303 08
11538  O 09052026 2303 08
12687  O 09052026 2303 08
10505  O 09052026 2303 08
12354  O 09052026 2303 08
12582  O 09052026 2303 08
03062  O 09052026 2303 12
12254  O 09052026 2303 12
10640  I 09052026 2304 01
01341  I 09052026 2304 01
10145  I 09052026 2304 01
11652  I 09052026 2304 02
03126  O 09052026 2304 03
12927  O 09052026 2304 03
12802  O 09052026 2304 03
12871  O 09052026 2304 03
12862  O 09052026 2304 03
11652  O 09052026 2304 03
12135  O 09052026 2304 04
12594  O 09052026 2304 11
12652  O 09052026 2304 11
12620  O 09052026 2304 11
12726  O 09052026 2304 12
01333  O 09052026 2304 12
12249  O 09052026 2304 12
12783  O 09052026 2304 12
12269  O 09052026 2304 12
12415  O 09052026 2304 12
12147  I 09052026 2305 02
12162  O 09052026 2305 03
12206  O 09052026 2305 03
01295  O 09052026 2305 03
12151  O 09052026 2305 03
10221  O 09052026 2305 03
10589  O 09052026 2305 03
10094  O 09052026 2305 03
10606  O 09052026 2305 04
03047  O 09052026 2305 07
10176  O 09052026 2305 07
11388  O 09052026 2305 07
11768  O 09052026 2305 08
11725  O 09052026 2306 03
12130  O 09052026 2306 07
10843  O 09052026 2306 07
11789  O 09052026 2306 08
12343  O 09052026 2306 08
10169  O 09052026 2306 11
12267  O 09052026 2306 12
12458  O 09052026 2307 03
11719  O 09052026 2307 04
01379  O 09052026 2307 07
01422  O 09052026 2307 07
12754  O 09052026 2307 08
12946  O 09052026 2307 12
12544  O 09052026 2308 11
12489  I 09052026 2309 02
12874  O 09052026 2309 04
12113  O 09052026 2310 11
01249  O 09052026 2311 12
12488  O 09052026 2311 14
10849  O 09052026 2312 03
12110  O 09052026 2312 11
10849  I 09052026 2313 02
10849  O 09052026 2313 03
12577  O 09052026 2313 12
11223  O 09052026 2314 08
11779  O 09052026 2315 04
10148  O 09052026 2316 07
11250  O 09052026 2316 12
12539  O 09052026 2317 12
12584  O 09052026 2317 12
11935  O 09052026 2317 14
12183  O 09052026 2319 14
11946  O 09052026 2323 12
10373  O 09052026 2335 07
12153  I 09052026 2345 01
12721  O 09052026 2346 08
01468  O 09052026 2347 12
12020  O 09062026 0500 08
12475  O 09062026 0600 07
12700  O 09062026 0700 03
12146  O 09062026 0700 03
12723  O 09062026 0700 03
10807  O 09062026 0700 03
12799  O 09062026 0700 03
12668  O 09062026 0700 03
12372  O 09062026 0700 04
12502  O 09062026 0700 04
03177  O 09062026 0700 04
10696  O 09062026 0700 04
12832  O 09062026 0700 04
12951  O 09062026 0700 04
12055  O 09062026 0700 04
12125  O 09062026 0700 07
12461  O 09062026 0700 07
12098  O 09062026 0700 07
12712  O 09062026 0700 07
12735  O 09062026 0700 07
01405  O 09062026 0700 07
12557  O 09062026 0700 07
12664  O 09062026 0700 07
12275  O 09062026 0700 07
10333  O 09062026 0700 07
10291  O 09062026 0700 07
11169  O 09062026 0700 08
10825  O 09062026 0700 08
12501  O 09062026 0700 08
12067  O 09062026 0700 08
10083  O 09062026 0700 08
10384  O 09062026 0700 08
10100  O 09062026 0700 08
12609  O 09062026 0700 08
12813  O 09062026 0700 08
11693  O 09062026 0700 11
12299  O 09062026 0700 11
12894  O 09062026 0700 11
12339  O 09062026 0700 11
12821  O 09062026 0700 11
12729  O 09062026 0700 11
12089  O 09062026 0700 11
12645  O 09062026 0700 11
12901  O 09062026 0700 11
10133  O 09062026 0700 12
03123  O 09062026 0700 12
12736  O 09062026 0700 12
10830  O 09062026 0700 12
12961  O 09062026 0700 12
11168  O 09062026 0700 12
11402  O 09062026 0700 12
12637  O 09062026 0700 12
12467  O 09062026 0700 12
01320  O 09062026 0700 12
10658  O 09062026 0700 14
03030  O 09062026 0700 14
12049  O 09062026 0700 14
12021  O 09062026 0700 14
12230  O 09062026 0701 03
10177  O 09062026 0701 03
03080  O 09062026 0701 03
10047  O 09062026 0701 03
11411  O 09062026 0701 03
12791  O 09062026 0701 03
12760  O 09062026 0701 03
12831  O 09062026 0701 03
12188  O 09062026 0701 03
10469  O 09062026 0701 04
12556  O 09062026 0701 04
10598  O 09062026 0701 04
12397  O 09062026 0701 04
12241  O 09062026 0701 04
12761  O 09062026 0701 04
12072  O 09062026 0701 04
12662  O 09062026 0701 04
12497  O 09062026 0701 04
11774  O 09062026 0701 04
12800  O 09062026 0701 04
03168  O 09062026 0701 07
10775  O 09062026 0701 07
10794  O 09062026 0701 07
12611  O 09062026 0701 07
10285  O 09062026 0701 07
10490  O 09062026 0701 07
12722  O 09062026 0701 07
03085  O 09062026 0701 08
01492  O 09062026 0701 08
11534  O 09062026 0701 08
11537  O 09062026 0701 08
12625  O 09062026 0701 08
12081  O 09062026 0701 08
10698  O 09062026 0701 08
11848  O 09062026 0701 11
12663  O 09062026 0701 11
12678  O 09062026 0701 11
11266  O 09062026 0701 11
12247  O 09062026 0701 11
03119  O 09062026 0701 11
10071  O 09062026 0701 11
12819  O 09062026 0701 11
10383  O 09062026 0701 11
12753  O 09062026 0701 12
10310  O 09062026 0701 12
12644  O 09062026 0701 12
12462  O 09062026 0701 12
01327  O 09062026 0701 12
12780  O 09062026 0701 12
10706  O 09062026 0701 14
12496  O 09062026 0701 14
12856  O 09062026 0702 03
12928  O 09062026 0702 03
12948  O 09062026 0702 03
12762  O 09062026 0702 03
12184  O 09062026 0702 03
12356  O 09062026 0702 03
12392  O 09062026 0702 03
03088  O 09062026 0702 04
12828  O 09062026 0702 04
12383  O 09062026 0702 04
12614  O 09062026 0702 04
03170  O 09062026 0702 04
10201  O 09062026 0702 04
10669  O 09062026 0702 04
12373  O 09062026 0702 04
12743  O 09062026 0702 07
12116  O 09062026 0702 07
12503  O 09062026 0702 07
12471  O 09062026 0702 07
12302  O 09062026 0702 07
12417  O 09062026 0702 08
12142  O 09062026 0702 08
12238  O 09062026 0702 11
12192  O 09062026 0702 12
11605  O 09062026 0702 12
03136  O 09062026 0703 03
12887  O 09062026 0703 03
12930  O 09062026 0703 03
12248  O 09062026 0703 03
01302  O 09062026 0703 03
12138  O 09062026 0703 03
12740  O 09062026 0703 03
12798  O 09062026 0703 04
10240  O 09062026 0703 04
11940  O 09062026 0703 04
12555  O 09062026 0703 04
12944  O 09062026 0703 04
03077  O 09062026 0703 08
10219  O 09062026 0703 08
12676  O 09062026 0703 11
12123  O 09062026 0703 11
12853  O 09062026 0703 12
12164  O 09062026 0704 03
10245  O 09062026 0704 03
03148  O 09062026 0704 03
11724  O 09062026 0704 03
10607  O 09062026 0704 03
01356  O 09062026 0704 03
03161  O 09062026 0704 03
12667  O 09062026 0704 03
12843  O 09062026 0704 04
10145  O 09062026 0704 04
11687  O 09062026 0704 04
10184  O 09062026 0704 04
01341  O 09062026 0704 04
10425  O 09062026 0704 04
10640  O 09062026 0704 04
12329  O 09062026 0704 04
11776  O 09062026 0704 08
12370  O 09062026 0704 11
12631  O 09062026 0704 12
12674  O 09062026 0704 12
12763  O 09062026 0705 03
12878  O 09062026 0705 03
12076  O 09062026 0705 03
12148  O 09062026 0705 03
03124  O 09062026 0705 04
12624  O 09062026 0705 04
12701  O 09062026 0705 04
12499  O 09062026 0705 04
10765  O 09062026 0705 07
03159  O 09062026 0705 11
12128  O 09062026 0705 11
10847  O 09062026 0705 11
12569  O 09062026 0705 11
12140  O 09062026 0705 12
03001  O 09062026 0705 12
12731  O 09062026 0705 12
12807  O 09062026 0705 12
12147  O 09062026 0706 04
03078  O 09062026 0706 07
12224  O 09062026 0706 12
10021  O 09062026 0706 12
01448  O 09062026 0707 03
03173  O 09062026 0707 03
01499  O 09062026 0707 07
01365  O 09062026 0707 08
12489  O 09062026 0707 08
12472  O 09062026 0707 08
12546  O 09062026 0707 12
12543  O 09062026 0708 03
12665  O 09062026 0708 03
12204  O 09062026 0708 08
01234  O 09062026 0709 04
12371  O 09062026 0709 08
12738  O 09062026 0710 03
12690  O 09062026 0710 08
12757  O 09062026 0710 11
12291  O 09062026 0712 03
12756  O 09062026 0716 12
12412  O 09062026 0716 12
12153  O 09062026 0718 03
12561  O 09062026 0718 03
10287  O 09062026 0719 11
10117  O 09062026 0719 12
11945  O 09062026 0720 07
12583  O 09062026 0720 12
10705  O 09062026 0722 11
01456  O 09062026 0723 03
01449  O 09062026 0723 08
12957  O 09062026 0741 03