   11789  O 09262026 0202 07
   09823  I 09262026 0523 06
   10202  I 09262026 0548 06
   11928  I 09262026 0549 05
   12368  I 09262026 0557 06
   12205  I 09262026 0602 02
   12903  I 09262026 0603 01
   12690  O 09262026 0605 03
   10021  I 09262026 0606 05
   12532  I 09262026 0609 05
   11250  I 09262026 0611 06
   03141  I 09262026 0613 05
   12307  I 09262026 0614 06
   12208  I 09262026 0615 05
   12627  I 09262026 0616 05
   12657  I 09262026 0616 06
   11493  I 09262026 0618 05
   12929  I 09262026 0619 01
   10425  I 09262026 0619 02
   12950  I 09262026 0619 02
   12967  I 09262026 0620 06
   12810  I 09262026 0620 06
   01355  I 09262026 0620 05
   12249  I 09262026 0621 05
   12718  I 09262026 0621 01
   03053  I 09262026 0622 05
   10140  I 09262026 0622 05
   10224  I 09262026 0622 06
   12595  I 09262026 0622 05
   11267  I 09262026 0622 01
   12632  I 09262026 0623 06
   10642  I 09262026 0624 05
   12677  I 09262026 0624 05
   12812  I 09262026 0625 06
   10333  I 09262026 0626 06
   12889  I 09262026 0626 05
   12342  I 09262026 0626 06
   12397  I 09262026 0627 01
   12824  I 09262026 0627 02
   12851  I 09262026 0627 05
   11607  I 09262026 0627 06
   12692  I 09262026 0628 01
   10386  I 09262026 0628 02
   01344  I 09262026 0629 05
   12485  I 09262026 0630 05
   01433  I 09262026 0632 06
   10839  I 09262026 0632 06
   10641  I 09262026 0632 05
   10673  I 09262026 0632 06
   12577  I 09262026 0632 06
   12759  I 09262026 0633 01
   12823  I 09262026 0633 02
   12353  I 09262026 0634 05
   10050  I 09262026 0635 02
   03122  I 09262026 0635 06
   10309  I 09262026 0635 06
   12614  I 09262026 0636 01
   03017  I 09262026 0637 05
   10467  I 09262026 0637 01
   10318  I 09262026 0637 02
   03104  I 09262026 0637 05
   03061  I 09262026 0637 05
   01504  I 09262026 0637 02
   10073  I 09262026 0637 05
   11387  I 09262026 0638 02
   11767  I 09262026 0638 05
   10736  I 09262026 0638 02
   12376  I 09262026 0638 01
   10071  I 09262026 0638 06
   01495  I 09262026 0638 05
   03152  I 09262026 0639 02
   01481  I 09262026 0639 05
   12306  I 09262026 0639 02
   12809  I 09262026 0639 05
   10585  I 09262026 0639 02
   10026  I 09262026 0639 01
   12957  I 09262026 0639 02
   01345  I 09262026 0640 06
   10169  I 09262026 0640 01
   10678  I 09262026 0640 01
   10234  I 09262026 0640 02
   10796  I 09262026 0640 01
   12355  I 09262026 0640 02
   12928  I 09262026 0640 02
   12716  I 09262026 0641 01
   12433  I 09262026 0641 01
   12082  I 09262026 0641 06
   12695  I 09262026 0641 01
   12222  I 09262026 0641 01
   12255  I 09262026 0641 05
   10054  I 09262026 0641 01
   11496  I 09262026 0642 05
   12476  I 09262026 0642 02
   10373  I 09262026 0642 05
   12642  I 09262026 0643 06
   12938  I 09262026 0643 06
   12674  I 09262026 0643 06
   12962  I 09262026 0643 01
   01266  I 09262026 0644 06
   11390  I 09262026 0644 06
   12390  I 09262026 0644 02
   12081  I 09262026 0644 05
   12236  I 09262026 0644 06
   12833  I 09262026 0645 06
   03153  I 09262026 0645 06
   12894  I 09262026 0645 06
   10223  I 09262026 0645 05
   10841  I 09262026 0645 05
   03120  I 09262026 0645 06
   01325  I 09262026 0646 01
   01428  I 09262026 0646 10
   12349  I 09262026 0646 01
   10243  I 09262026 0646 02
   12090  I 09262026 0646 06
   12544  I 09262026 0647 05
   12305  I 09262026 0647 06
   12244  I 09262026 0647 02
   12840  I 09262026 0647 10
   12439  I 09262026 0647 01
   12351  I 09262026 0648 02
   03151  I 09262026 0648 01
   03098  I 09262026 0648 05
   10383  I 09262026 0648 05
   12568  I 09262026 0648 06
   12845  I 09262026 0649 06
   12486  I 09262026 0649 06
   11690  I 09262026 0649 05
   12341  I 09262026 0649 05
   12359  I 09262026 0649 01
   12575  I 09262026 0650 06
   12755  I 09262026 0650 02
   12828  I 09262026 0650 01
   11765  I 09262026 0650 06
   12260  I 09262026 0650 05
   12700  I 09262026 0650 02
   12670  I 09262026 0650 01
   01415  I 09262026 0651 05
   10407  I 09262026 0651 06
   01436  I 09262026 0651 05
   10358  I 09262026 0651 05
   12639  I 09262026 0651 06
   12112  I 09262026 0651 02
   10449  I 09262026 0651 05
   03118  I 09262026 0652 06
   12186  I 09262026 0652 05
   12872  I 09262026 0652 01
   10726  I 09262026 0652 06
   12738  I 09262026 0652 02
   12919  I 09262026 0652 01
   03037  I 09262026 0653 06
   12374  I 09262026 0653 02
   12545  I 09262026 0653 01
   01351  I 09262026 0653 06
   01374  I 09262026 0653 02
   10759  I 09262026 0653 06
   12863  I 09262026 0653 01
   12084  I 09262026 0654 02
   12792  I 09262026 0654 01
   12846  I 09262026 0654 06
   03103  I 09262026 0654 02
   10146  I 09262026 0654 05
   10588  I 09262026 0654 05
   12413  I 09262026 0655 02
   10055  I 09262026 0655 01
   12858  I 09262026 0655 05
   01510  I 09262026 0655 02
   11879  I 09262026 0655 06
   12742  I 09262026 0656 01
   12122  I 09262026 0656 06
   12187  I 09262026 0656 02
   11494  I 09262026 0656 06
   01317  I 09262026 0656 02
   12066  I 09262026 0656 02
   12821  I 09262026 0656 06
   12827  I 09262026 0656 01
   10754  I 09262026 0657 06
   12804  I 09262026 0657 01
   10780  I 09262026 0657 05
   12317  I 09262026 0657 02
   12538  I 09262026 0657 01
   12298  I 09262026 0657 09
   11498  I 09262026 0657 06
   11726  I 09262026 0658 01
   12612  I 09262026 0658 02
   12587  I 09262026 0658 05
   11286  I 09262026 0658 02
   12693  I 09262026 0658 01
   11538  I 09262026 0658 05
   10232  I 09262026 0658 02
   11863  I 09262026 0658 06
   12085  I 09262026 0658 02
   12237  I 09262026 0658 02
   12206  I 09262026 0659 01
   11408  I 09262026 0659 02
   12337  I 09262026 0659 01
   10728  I 09262026 0659 06
   12855  I 09262026 0659 02
   10466  I 09262026 0700 01
   03080  O 09262026 0700 03
   11945  O 09262026 0700 11
   12557  O 09262026 0700 07
   12096  I 09262026 0700 02
   12808  O 09262026 0700 12
   12615  O 09262026 0700 08
   10469  O 09262026 0700 04
   12502  O 09262026 0700 03
   12501  O 09262026 0700 11
   12080  O 09262026 0700 07
   12644  O 09262026 0700 12
   12609  O 09262026 0700 08
   12576  O 09262026 0700 04
   10825  O 09262026 0700 07
   12813  O 09262026 0700 08
   12878  O 09262026 0700 03
   03123  O 09262026 0700 11
   11694  O 09262026 0700 07
   12783  O 09262026 0700 12
   10658  O 09262026 0700 14
   12645  O 09262026 0700 12
   12098  O 09262026 0700 07
   11693  O 09262026 0700 08
   12601  O 09262026 0700 03
   10047  O 09262026 0700 04
   12113  I 09262026 0700 06
   12021  O 09262026 0700 14
   12383  O 09262026 0700 03
   11169  O 09262026 0700 08
   01475  O 09262026 0700 03
   01492  O 09262026 0700 08
   03058  I 09262026 0700 02
   12497  O 09262026 0700 04
   10083  O 09262026 0700 07
   03173  O 09262026 0700 03
   11936  O 09262026 0700 08
   10706  O 09262026 0700 07
   11687  O 09262026 0701 04
   10177  O 09262026 0701 08
   10605  O 09262026 0701 07
   12248  O 09262026 0701 03
   10201  O 09262026 0701 04
   01487  O 09262026 0701 03
   12820  O 09262026 0701 14
   01446  I 09262026 0701 05
   01425  O 09262026 0701 12
   10490  O 09262026 0701 07
   01367  I 09262026 0701 06
   11650  O 09262026 0701 03
   11935  O 09262026 0701 14
   12854  O 09262026 0701 04
   12369  I 09262026 0701 06
   12610  I 09262026 0701 05
   10581  O 09262026 0701 07
   12676  O 09262026 0701 11
   12496  O 09262026 0701 14
   03159  O 09262026 0701 12
   12543  O 09262026 0701 04
   12056  O 09262026 0701 08
   10598  O 09262026 0701 07
   12799  O 09262026 0701 03
   10700  I 09262026 0701 05
   12662  O 09262026 0701 04
   12540  I 09262026 0701 06
   10617  O 09262026 0701 07
   03077  O 09262026 0701 08
   10221  O 09262026 0701 03
   10456  O 09262026 0701 08
   12625  O 09262026 0701 07
   12131  I 09262026 0701 01
   12701  O 09262026 0701 03
   12561  O 09262026 0701 03
   12339  I 09262026 0701 06
   12020  O 09262026 0701 08
   12793  O 09262026 0701 04
   12598  I 09262026 0701 02
   11400  O 09262026 0701 12
   12710  O 09262026 0702 11
   12140  O 09262026 0702 12
   12356  O 09262026 0702 03
   01320  O 09262026 0702 12
   10830  O 09262026 0702 07
   12637  O 09262026 0702 11
   12753  O 09262026 0702 12
   12539  O 09262026 0702 11
   12664  O 09262026 0702 07
   10285  O 09262026 0702 08
   12831  O 09262026 0702 04
   12712  O 09262026 0702 07
   10310  O 09262026 0702 12
   10264  O 09262026 0702 11
   10576  I 09262026 0702 01
   01296  O 09262026 0702 14
   12370  O 09262026 0702 11
   12672  O 09262026 0702 07
   12760  O 09262026 0702 03
   12805  I 09262026 0702 05
   03029  O 09262026 0702 11
   12856  O 09262026 0702 03
   12679  O 09262026 0702 11
   01341  O 09262026 0702 12
   12093  I 09262026 0703 02
   10696  O 09262026 0703 04
   12723  O 09262026 0703 03
   12631  O 09262026 0703 12
   12072  O 09262026 0703 04
   12761  O 09262026 0703 03
   12901  O 09262026 0703 12
   12630  I 09262026 0703 02
   01330  O 09262026 0703 04
   10785  I 09262026 0703 01
   12475  O 09262026 0703 11
   12076  O 09262026 0703 03
   12650  I 09262026 0703 02
   12375  O 09262026 0703 12
   12943  I 09262026 0703 01
   10184  O 09262026 0703 04
   12711  O 09262026 0703 11
   12861  I 09262026 0703 05
   12897  O 09262026 0703 03
   12275  O 09262026 0703 04
   11411  O 09262026 0703 04
   12844  O 09262026 0703 03
   12372  O 09262026 0703 04
   12640  I 09262026 0703 02
   10669  O 09262026 0703 04
   12067  I 09262026 0703 13
   11537  O 09262026 0703 07
   03001  I 09262026 0703 10
   10794  O 09262026 0703 08
   12067  O 09262026 0703 14
   12146  O 09262026 0703 07
   10640  O 09262026 0703 04
   11168  O 09262026 0703 12
   03001  O 09262026 0703 11
   03012  O 09262026 0704 08
   12164  O 09262026 0704 03
   12151  O 09262026 0704 04
   03047  O 09262026 0704 07
   12546  O 09262026 0704 12
   12623  I 09262026 0704 02
   12791  O 09262026 0704 03
   01471  O 09262026 0704 07
   01499  O 09262026 0704 08
   12843  O 09262026 0704 04
   10369  O 09262026 0704 11
   12125  I 09262026 0704 02
   12930  O 09262026 0704 04
   01448  O 09262026 0704 03
   12116  O 09262026 0704 08
   10116  O 09262026 0704 12
   12924  I 09262026 0704 01
   03124  O 09262026 0704 04
   10148  O 09262026 0704 07
   12392  O 09262026 0704 03
   12556  O 09262026 0704 08
   10574  I 09262026 0704 02
   12818  I 09262026 0704 01
   12947  O 09262026 0704 03
   12887  O 09262026 0704 03
   12832  O 09262026 0704 04
   12354  O 09262026 0704 07
   12944  O 09262026 0704 03
   12951  O 09262026 0704 04
   12762  O 09262026 0704 03
   03102  O 09262026 0704 08
   12373  O 09262026 0704 04
   12582  O 09262026 0704 07
   11355  I 09262026 0704 02
   12471  O 09262026 0704 11
   12763  O 09262026 0704 04
   12948  O 09262026 0704 03
   11647  O 09262026 0705 08
   03136  O 09262026 0705 03
   12489  O 09262026 0705 12
   12729  O 09262026 0705 07
   12089  O 09262026 0705 08
   12467  O 09262026 0705 12
   12720  I 09262026 0705 02
   11646  O 09262026 0705 11
   10245  O 09262026 0705 03
   12754  O 09262026 0705 07
   12829  O 09262026 0705 03
   12458  O 09262026 0705 03
   10765  O 09262026 0705 07
   10384  O 09262026 0705 08
   10849  O 09262026 0705 03
   12629  I 09262026 0705 02
   12499  O 09262026 0705 07
   12189  O 09262026 0706 11
   01295  O 09262026 0706 07
   10807  O 09262026 0706 04
   10287  O 09262026 0706 11
   12825  O 09262026 0706 03
   01373  I 09262026 0706 02
   12611  O 09262026 0706 04
   11522  I 09262026 0706 02
   12188  O 09262026 0706 12
   12874  I 09262026 0706 01
   12780  O 09262026 0706 11
   10609  I 09262026 0706 02
   12371  O 09262026 0706 08
   12141  I 09262026 0706 02
   12790  I 09262026 0707 02
   12694  I 09262026 0707 02
   12620  O 09262026 0707 07
   11787  O 09262026 0707 07
   11266  O 09262026 0707 08
   12192  O 09262026 0707 07
   10378  O 09262026 0707 08
   11784  I 09262026 0707 02
   10817  I 09262026 0707 01
   03119  O 09262026 0708 07
   10697  O 09262026 0708 08
   12183  O 09262026 0708 14
   12412  O 09262026 0709 11
   12816  I 09262026 0709 01
   10127  O 09262026 0709 11
   12487  O 09262026 0709 07
   12462  O 09262026 0710 08
   12756  O 09262026 0710 12
   03161  O 09262026 0710 03
   10573  I 09262026 0710 01
   12877  I 09262026 0710 02
   11725  O 09262026 0710 03
   12148  O 09262026 0710 04
   12737  I 09262026 0710 02
   12583  O 09262026 0710 12
   12732  O 09262026 0710 12
   12199  I 09262026 0711 02
   12269  O 09262026 0711 04
   12652  O 09262026 0711 04
   12647  O 09262026 0712 04
   12665  O 09262026 0712 03
   03085  O 09262026 0712 08
   01432  O 09262026 0712 08
   01234  O 09262026 0712 03
   03088  O 09262026 0712 07
   12266  O 09262026 0713 03
   03101  I 09262026 0713 02
   12666  O 09262026 0713 04
   10046  O 09262026 0713 03
   12153  O 09262026 0713 03
   11519  I 09262026 0714 02
   10808  I 09262026 0714 02
   12123  O 09262026 0716 07
   01365  O 09262026 0716 08
   12726  I 09262026 0717 05
   12135  O 09262026 0717 04
   10608  I 09262026 0717 01
   03105  I 09262026 0717 02
   12415  O 09262026 0718 07
   12569  O 09262026 0720 11
   01249  O 09262026 0720 12
   12204  O 09262026 0721 07
   12500  O 09262026 0721 03
   12115  O 09262026 0722 11
   12417  O 09262026 0724 08
   10712  I 09262026 0725 05
   01449  O 09262026 0726 03
   12553  I 09262026 0726 05
   12299  I 09262026 0726 05
   12849  I 09262026 0727 05
   12463  I 09262026 0727 02
   01369  I 09262026 0727 01
   11943  I 09262026 0727 05
   12488  O 09262026 0730 14
   11221  I 09262026 0737 02
   01459  O 09262026 0741 12
   01456  O 09262026 0743 08
   12136  O 09262026 0744 03
   10675  I 09262026 0755 01
   01483  I 09262026 0756 02
   12741  I 09262026 0756 01
   10405  I 09262026 0757 01
   12926  I 09262026 0757 01
   12946  I 09262026 0758 06
   12217  I 09262026 0800 02
   12530  I 09262026 0800 02
   11937  I 09262026 0801 02
   01470  I 09262026 0801 02
   12503  I 09262026 0801 01
   12097  I 09262026 0803 01
   12653  I 09262026 0804 05
   11780  I 09262026 0804 01
   03032  I 09262026 0805 02
   10663  I 09262026 0826 05
   01512  O 09262026 0827 12
   12184  I 09262026 0951 06
   12725  I 09262026 1014 01
   12234  I 09262026 1034 02
   12841  I 09262026 1040 02
   10736  O 09262026 1101 04
   03101  O 09262026 1102 03
   01355  O 09262026 1102 03
   03053  O 09262026 1105 07
   01351  O 09262026 1105 08
   12805  O 09262026 1156 07
   01319  I 09262026 1222 01
   03068  I 09262026 1227 05
   10796  O 09262026 1301 03
   12058  I 09262026 1317 01
   01312  I 09262026 1321 05
   12457  I 09262026 1324 05
   01468  I 09262026 1324 05
   12289  I 09262026 1324 06
   10261  I 09262026 1325 05
   12815  I 09262026 1330 05
   03135  I 09262026 1331 01
   12185  I 09262026 1336 05
   12673  I 09262026 1336 05
   10589  I 09262026 1337 05
   11933  I 09262026 1341 02
   12651  I 09262026 1343 06
   03177  I 09262026 1345 09
   03068  O 09262026 1352 07
   03062  I 09262026 1353 06
   12162  I 09262026 1354 02
   03018  I 09262026 1355 05
   01335  I 09262026 1355 06
   12888  I 09262026 1356 06
   12802  I 09262026 1356 02
   12822  I 09262026 1356 01
   12927  I 09262026 1356 01
   01402  I 09262026 1401 05
   12922  I 09262026 1402 01
   12615  I 09262026 1403 05
   12873  I 09262026 1405 01
   12965  I 09262026 1406 02
   10795  I 09262026 1407 06
   12460  I 09262026 1412 02
   11777  I 09262026 1412 05
   12440  I 09262026 1413 05
   10849  I 09262026 1414 02
   12074  I 09262026 1414 02
   01276  I 09262026 1415 01
   12224  I 09262026 1415 05
   12628  I 09262026 1415 05
   12620  I 09262026 1416 06
   03179  I 09262026 1417 05
   03010  I 09262026 1417 05
   01306  I 09262026 1419 02
   11779  I 09262026 1419 02
   12961  I 09262026 1419 01
   03176  I 09262026 1420 05
   01425  I 09262026 1420 06
   12069  I 09262026 1420 06
   12246  I 09262026 1420 05
   11400  I 09262026 1420 06
   10831  I 09262026 1423 06
   12808  I 09262026 1423 05
   11248  I 09262026 1424 06
   03059  I 09262026 1425 01
   12786  I 09262026 1425 01
   12920  I 09262026 1426 01
   11719  I 09262026 1426 02
   10222  I 09262026 1427 05
   12080  I 09262026 1431 06
   11935  I 09262026 1431 06
   12064  I 09262026 1432 01
   12460  O 09262026 1432 03
   12396  I 09262026 1433 02
   12847  I 09262026 1433 06
   10231  I 09262026 1435 01
   09676  I 09262026 1436 02
   11223  I 09262026 1438 05
   01471  I 09262026 1438 05
   10291  I 09262026 1438 05
   11388  I 09262026 1439 05
   11768  I 09262026 1439 06
   12622  I 09262026 1441 01
   12130  I 09262026 1442 02
   12020  I 09262026 1443 06
   12814  I 09262026 1444 02
   12800  I 09262026 1444 01
   12785  I 09262026 1444 02
   01511  I 09262026 1444 01
   12291  I 09262026 1444 01
   12826  I 09262026 1445 01
   10698  I 09262026 1445 05
   12601  I 09262026 1446 02
   03126  I 09262026 1446 05
   10144  I 09262026 1447 05
   01422  I 09262026 1447 01
   10046  I 09262026 1447 01
   10724  I 09262026 1447 02
   12325  I 09262026 1448 01
   12241  I 09262026 1448 05
   11942  I 09262026 1448 06
   01477  I 09262026 1448 06
   12409  I 09262026 1448 06
   10612  I 09262026 1448 10
   12735  I 09262026 1448 05
   12334  I 09262026 1451 02
   12871  I 09262026 1451 01
   09833  I 09262026 1451 06
   12259  I 09262026 1451 06
   12110  I 09262026 1452 02
   12799  I 09262026 1452 01
   12094  I 09262026 1452 05
   11926  I 09262026 1453 05
   12687  I 09262026 1455 06
   10091  I 09262026 1455 05
   03182  I 09262026 1455 06
   10505  I 09262026 1455 02
   12059  I 09262026 1455 02
   12886  I 09262026 1456 02
   12862  I 09262026 1457 02
   10765  I 09262026 1457 02
   12133  I 09262026 1457 01
   11688  I 09262026 1458 06
   12730  I 09262026 1458 01
   12115  I 09262026 1458 01
   12500  I 09262026 1459 01
   12657  O 09262026 1500 03
   12368  O 09262026 1500 08
   12082  O 09262026 1500 07
   12298  O 09262026 1500 14
   12692  O 09262026 1500 03
   01481  O 09262026 1500 08
   11250  O 09262026 1500 12
   10386  O 09262026 1500 03
   10841  O 09262026 1500 07
   12845  O 09262026 1500 11
   12741  O 09262026 1500 04
   12716  O 09262026 1500 07
   10574  O 09262026 1500 12
   12804  O 09262026 1500 03
   12632  O 09262026 1500 08
   11496  O 09262026 1500 11
   12206  O 09262026 1500 04
   12846  O 09262026 1500 07
   12217  O 09262026 1500 04
   12824  O 09262026 1500 03
   12553  O 09262026 1500 12
   10673  O 09262026 1500 08
   12503  O 09262026 1500 07
   12823  O 09262026 1500 03
   10839  O 09262026 1500 08
   10243  O 09262026 1500 04
   12237  O 09262026 1500 07
   01317  O 09262026 1500 12
   11494  O 09262026 1500 11
   12828  O 09262026 1500 03
   12205  O 09262026 1500 04
   12540  O 09262026 1500 07
   12097  O 09262026 1500 08
   12485  O 09262026 1500 12
   12693  O 09262026 1500 03
   12397  O 09262026 1500 04
   12718  O 09262026 1500 03
   12595  O 09262026 1500 12
   12260  O 09262026 1500 07
   11690  O 09262026 1500 08
   12759  O 09262026 1500 04
   11522  O 09262026 1500 08
   11498  O 09262026 1500 11
   12307  O 09262026 1500 07
   12924  O 09262026 1500 03
   12141  O 09262026 1500 12
   12938  O 09262026 1500 07
   12903  O 09262026 1501 03
   12532  O 09262026 1501 11
   12957  O 09262026 1501 04
   12812  O 09262026 1501 08
   10728  O 09262026 1501 07
   10073  O 09262026 1501 11
   12929  O 09262026 1501 03
   10054  O 09262026 1501 04
   03104  O 09262026 1501 14
   03037  O 09262026 1501 07
   10700  O 09262026 1501 08
   12700  O 09262026 1501 04
   12244  O 09262026 1501 03
   11879  O 09262026 1501 11
   01470  O 09262026 1501 08
   12928  O 09262026 1501 04
   11221  O 09262026 1501 03
   01344  O 09262026 1501 07
   12066  O 09262026 1501 11
   12208  O 09262026 1501 12
   12720  O 09262026 1501 07
   11408  O 09262026 1501 03
   12627  O 09262026 1501 11
   12858  O 09262026 1501 08
   12863  O 09262026 1501 04
   12946  O 09262026 1501 12
   12962  O 09262026 1501 03
   01345  O 09262026 1501 08
   12810  O 09262026 1501 07
   12840  O 09262026 1501 11
   01436  O 09262026 1501 08
   10318  O 09262026 1501 04
   11784  O 09262026 1501 11
   12792  O 09262026 1501 03
   10021  O 09262026 1501 07
   03108  I 09262026 1501 01
   10358  O 09262026 1501 11
   12677  O 09262026 1501 07
   12476  O 09262026 1501 04
   12851  O 09262026 1501 12
   12827  O 09262026 1501 03
   11767  O 09262026 1501 08
   12614  O 09262026 1501 03
   10642  O 09262026 1501 07
   12710  I 09262026 1501 06
   12568  O 09262026 1501 08
   12587  O 09262026 1501 12
   12317  O 09262026 1501 03
   12639  O 09262026 1501 07
   12726  O 09262026 1502 08
   12653  O 09262026 1502 07
   12650  O 09262026 1502 12
   12084  O 09262026 1502 03
   03122  O 09262026 1502 11
   12640  O 09262026 1502 08
   10780  O 09262026 1502 04
   12439  O 09262026 1502 03
   12889  O 09262026 1502 04
   12790  O 09262026 1502 03
   12538  O 09262026 1502 04
   01483  O 09262026 1502 08
   10202  O 09262026 1502 07
   12433  O 09262026 1502 04
   11780  O 09262026 1502 03
   10588  O 09262026 1502 12
   12090  O 09262026 1502 04
   01369  O 09262026 1502 03
   12849  O 09262026 1502 07
   10576  O 09262026 1502 04
   12694  O 09262026 1502 03
   10785  O 09262026 1502 12
   12341  O 09262026 1502 07
   12833  O 09262026 1502 08
   12234  O 09262026 1502 04
   12409  O 09262026 1502 12
   10232  O 09262026 1502 03
   12737  O 09262026 1502 07
   12376  O 09262026 1502 03
   10223  O 09262026 1502 07
   12351  O 09262026 1502 08
   01504  O 09262026 1502 03
   12530  O 09262026 1502 04
   12950  O 09262026 1503 03
   01446  O 09262026 1503 07
   12342  O 09262026 1503 12
   11286  O 09262026 1503 03
   12967  O 09262026 1503 08
   03105  O 09262026 1503 03
   12463  O 09262026 1503 12
   01374  O 09262026 1503 03
   10140  O 09262026 1503 07
   10467  O 09262026 1503 03
   10641  O 09262026 1503 07
   12598  O 09262026 1503 08
   12183  I 09262026 1503 06
   10407  O 09262026 1503 03
   12575  O 09262026 1503 08
   12821  O 09262026 1503 07
   12894  O 09262026 1503 08
   12131  O 09262026 1503 03
   12943  O 09262026 1503 03
   12413  O 09262026 1503 08
   10071  O 09262026 1503 03
   12081  O 09262026 1503 07
   11765  O 09262026 1503 08
   12339  O 09262026 1503 07
   01428  O 09262026 1503 08
   12558  I 09262026 1503 01
   01510  O 09262026 1503 03
   12961  O 09262026 1504 12
   10234  O 09262026 1504 03
   12818  O 09262026 1504 03
   12255  O 09262026 1504 07
   12186  O 09262026 1504 08
   12743  I 09262026 1504 06
   12374  O 09262026 1504 03
   12629  O 09262026 1504 07
   03118  O 09262026 1504 08
   12299  O 09262026 1504 08
   10050  O 09262026 1504 04
   12085  O 09262026 1504 03
   12112  O 09262026 1504 08
   12623  O 09262026 1504 03
   11928  O 09262026 1505 08
   12755  O 09262026 1505 03
   12353  O 09262026 1505 07
   12674  O 09262026 1505 12
   12877  O 09262026 1505 03
   01433  O 09262026 1505 07
   10754  O 09262026 1505 14
   12355  O 09262026 1505 03
   12199  O 09262026 1505 04
   11726  O 09262026 1505 03
   11400  O 09262026 1506 12
   10726  O 09262026 1506 07
   03153  O 09262026 1506 11
   11772  I 09262026 1506 02
   12738  O 09262026 1506 03
   12545  O 09262026 1506 03
   12349  O 09262026 1507 03
   12096  O 09262026 1507 04
   01479  I 09262026 1507 02
   11607  O 09262026 1507 12
   03061  O 09262026 1507 12
   12093  O 09262026 1508 12
   10811  I 09262026 1508 05
   10808  O 09262026 1508 08
   10522  I 09262026 1508 06
   10449  O 09262026 1508 08
   12306  O 09262026 1508 04
   03017  O 09262026 1508 07
   03141  O 09262026 1509 12
   03172  I 09262026 1509 05
   12122  O 09262026 1510 08
   12390  O 09262026 1510 03
   12809  O 09262026 1511 07
   01495  O 09262026 1511 12
   03152  O 09262026 1512 04
   03103  O 09262026 1512 04
   12926  O 09262026 1512 03
   03152  I 09262026 1512 02
   03152  O 09262026 1512 03
   12544  O 09262026 1514 03
   12187  O 09262026 1514 12
   11387  O 09262026 1515 07
   10373  O 09262026 1515 12
   09823  O 09262026 1515 12
   12249  O 09262026 1515 12
   12919  O 09262026 1519 07
   12874  O 09262026 1522 03
   01367  O 09262026 1525 07
   01266  O 09262026 1525 08
   12489  I 09262026 1526 02
   10026  O 09262026 1526 07
   10663  O 09262026 1528 11
   12113  O 09262026 1528 11
   11863  O 09262026 1544 12
   12222  O 09262026 1546 12
   10425  O 09262026 1602 03
   11943  O 09262026 1619 07
   11355  O 09262026 1620 04
   10712  O 09262026 1622 07
   10608  O 09262026 1644 12
   10055  O 09262026 1701 07
   12620  O 09262026 1703 07
   12359  O 09262026 1703 08
   10849  O 09262026 1703 03
   03098  O 09262026 1704 07
   10466  O 09262026 1704 11
   12461  I 09262026 1758 05
   12546  I 09262026 1802 06
   12305  O 09262026 1819 12
   10669  I 09262026 1829 02
   12501  I 09262026 1833 06
   11789  I 09262026 1840 06
   12372  I 09262026 1840 02
   03088  I 09262026 1846 01
   12577  O 09262026 1900 04
   10678  O 09262026 1900 03
   03058  O 09262026 1900 08
   10573  O 09262026 1900 03
   10309  O 09262026 1900 12
   10817  O 09262026 1901 03
   10146  O 09262026 1901 08
   12184  O 09262026 1902 07
   11493  O 09262026 1902 14
   12486  O 09262026 1903 12
   12861  O 09262026 1903 12
   01296  I 09262026 1903 02
   03151  O 09262026 1904 07
   12461  O 09262026 1904 07
   01415  O 09262026 1907 14
   12630  O 09262026 1907 12
   12125  O 09262026 1908 07
   10383  O 09262026 1908 11
   12642  O 09262026 1909 08
   12624  O 09262026 1909 03
   12624  I 09262026 1909 01
   11267  O 09262026 1910 07
   12369  O 09262026 1911 08
   11519  O 09262026 1915 07
   10759  O 09262026 1921 07
   12624  O 09262026 1924 03
   10133  I 09262026 2046 06
   01234  I 09262026 2055 01
   12123  I 09262026 2131 05
   10201  I 09262026 2136 01
   12375  I 09262026 2153 02
   11687  I 09262026 2219 01
   03085  I 09262026 2224 06
   03085  O 09262026 2239 08
   12652  I 09262026 2241 02
   03119  I 09262026 2243 06
   12652  O 09262026 2243 04
   01512  I 09262026 2247 01
   12467  I 09262026 2248 02
   12373  I 09262026 2251 01
   01499  I 09262026 2253 06
   12471  I 09262026 2258 02
   10245  I 09262026 2259 01
   12673  O 09262026 2300 07
   12612  O 09262026 2300 03
   11777  O 09262026 2300 08
   12610  O 09262026 2300 07
   12130  O 09262026 2300 03
   12815  O 09262026 2300 08
   12888  O 09262026 2300 07
   03177  O 09262026 2300 04
   12822  O 09262026 2300 03
   10831  O 09262026 2300 07
   10224  O 09262026 2300 08
   01319  O 09262026 2300 04
   12922  O 09262026 2300 03
   12628  O 09262026 2300 12
   12546  O 09262026 2300 11
   10333  O 09262026 2300 07
   12396  O 09262026 2300 04
   01402  O 09262026 2300 08
   12291  O 09262026 2300 03
   03018  O 09262026 2300 07
   12094  O 09262026 2300 11
   12615  O 09262026 2300 08
   12920  O 09262026 2300 07
   12847  O 09262026 2300 04
   12855  O 09262026 2300 03
   11248  O 09262026 2300 11
   11772  O 09262026 2300 08
   01425  O 09262026 2300 12
   12786  O 09262026 2300 04
   12872  O 09262026 2300 07
   01335  O 09262026 2300 03
   12814  O 09262026 2300 08
   12695  O 09262026 2300 03
   12236  O 09262026 2300 07
   12965  O 09262026 2300 04
   10261  O 09262026 2301 12
   10505  O 09262026 2301 08
   01471  O 09262026 2301 07
   12826  O 09262026 2301 03
   12558  O 09262026 2301 04
   10609  O 09262026 2301 12
   12241  O 09262026 2301 04
   03172  O 09262026 2301 08
   11942  O 09262026 2301 07
   10231  O 09262026 2301 03
   01312  O 09262026 2301 12
   10522  O 09262026 2301 08
   03126  O 09262026 2301 03
   10698  O 09262026 2301 04
   10291  O 09262026 2301 07
   10222  O 09262026 2301 08
   03059  O 09262026 2301 04
   11538  O 09262026 2301 07
   12059  O 09262026 2301 03
   11390  O 09262026 2301 08
   03032  O 09262026 2301 04
   10589  O 09262026 2301 07
   12670  O 09262026 2301 03
   12440  O 09262026 2301 08
   12622  O 09262026 2301 04
   10144  O 09262026 2301 07
   12687  O 09262026 2301 03
   12185  O 09262026 2301 11
   10795  O 09262026 2301 07
   03182  O 09262026 2301 03
   12651  O 09262026 2301 12
   01306  O 09262026 2301 04
   01325  O 09262026 2301 08
   03176  O 09262026 2301 04
   12133  O 09262026 2301 03
   12799  O 09262026 2301 07
   12064  O 09262026 2301 04
   12743  O 09262026 2301 08
   10091  O 09262026 2301 07
   12841  O 09262026 2302 03
   10169  O 09262026 2302 08
   12601  O 09262026 2302 03
   12074  O 09262026 2302 04
   10724  O 09262026 2302 03
   10811  O 09262026 2302 07
   12162  O 09262026 2302 04
   12058  O 09262026 2302 03
   12742  O 09262026 2302 03
   12337  O 09262026 2302 03
   12816  O 09262026 2302 04
   10675  O 09262026 2302 07
   01477  O 09262026 2302 08
   12871  O 09262026 2302 03
   12725  O 09262026 2302 04
   03062  O 09262026 2302 08
   12886  O 09262026 2302 04
   12862  O 09262026 2302 03
   03179  O 09262026 2302 07
   12500  O 09262026 2302 03
   12927  O 09262026 2302 03
   12808  O 09262026 2302 08
   12800  O 09262026 2302 04
   12802  O 09262026 2303 03
   09676  O 09262026 2303 04
   12735  O 09262026 2303 07
   12246  O 09262026 2303 03
   03108  O 09262026 2303 11
   12873  O 09262026 2303 04
   12457  O 09262026 2303 07
   10765  O 09262026 2303 08
   01422  O 09262026 2303 07
   01479  O 09262026 2303 04
   01373  O 09262026 2303 08
   11719  O 09262026 2303 04
   11937  O 09262026 2304 08
   09833  O 09262026 2304 11
   12110  O 09262026 2304 04
   12785  O 09262026 2304 03
   12489  O 09262026 2304 08
   12259  O 09262026 2304 07
   12730  O 09262026 2304 08
   10046  O 09262026 2304 03
   11388  O 09262026 2304 07
   03119  O 09262026 2304 11
   11768  O 09262026 2304 08
   11779  O 09262026 2304 07
   01511  O 09262026 2304 03
   03120  O 09262026 2304 11
   10640  I 09262026 2304 02
   11933  O 09262026 2304 04
   10405  O 09262026 2305 11
   12325  O 09262026 2305 11
   11223  O 09262026 2305 07
   03088  O 09262026 2306 04
   03010  O 09262026 2306 08
   11688  O 09262026 2306 07
   11926  O 09262026 2307 11
   10585  O 09262026 2309 04
   12289  O 09262026 2311 07
   12710  O 09262026 2312 07
   12334  O 09262026 2313 12
   03135  O 09262026 2315 04
   12224  O 09262026 2317 12
   01276  O 09262026 2319 03
   12183  O 09262026 2319 14
   12115  O 09262026 2324 07
   01468  O 09262026 2336 12
