01454  I 09022026 0457 01
10642  I 09022026 0508 05
09823  I 09022026 0524 06
11690  I 09022026 0539 05
12678  I 09022026 0540 06
03007  I 09022026 0549 06
10809  I 09022026 0555 01
12844  I 09022026 0556 02
11605  I 09022026 0557 05
10021  I 09022026 0558 05
10678  I 09022026 0559 02
11848  I 09022026 0601 06
01339  I 09022026 0601 06
12929  I 09022026 0602 01
12532  I 09022026 0603 05
01413  I 09022026 0603 06
12823  I 09022026 0605 01
01231  I 09022026 0605 05
12205  I 09022026 0606 01
01355  I 09022026 0607 05
11267  I 09022026 0608 01
12824  I 09022026 0608 02
10847  I 09022026 0609 05
12632  I 09022026 0610 05
12759  I 09022026 0611 01
12692  I 09022026 0612 05
11935  I 09022026 0612 06
12965  I 09022026 0614 02
12612  I 09022026 0614 06
12924  I 09022026 0615 02
12128  I 09022026 0615 06
12967  I 09022026 0616 05
12950  I 09022026 0617 02
12812  I 09022026 0617 05
12595  I 09022026 0617 06
03148  I 09022026 0618 02
12854  I 09022026 0618 06
12711  I 09022026 0618 06
03152  I 09022026 0618 06
12897  I 09022026 0619 01
03053  I 09022026 0619 05
10224  I 09022026 0619 05
01344  I 09022026 0619 05
01428  I 09022026 0619 05
01495  I 09022026 0619 05
03153  I 09022026 0619 06
03120  I 09022026 0620 05
12938  I 09022026 0620 06
03151  I 09022026 0621 01
12461  I 09022026 0621 01
12668  I 09022026 0621 01
12390  I 09022026 0621 02
11400  I 09022026 0621 05
12889  I 09022026 0621 05
01423  I 09022026 0621 05
12963  I 09022026 0622 01
12898  I 09022026 0622 02
10736  I 09022026 0622 05
11942  I 09022026 0622 06
12693  I 09022026 0622 06
10736  O 09022026 0622 07
12334  I 09022026 0623 02
10449  I 09022026 0623 05
01333  I 09022026 0623 05
12962  I 09022026 0624 02
12147  I 09022026 0625 02
10199  I 09022026 0625 05
10386  I 09022026 0626 02
10605  I 09022026 0626 05
11493  I 09022026 0626 05
10766  I 09022026 0626 05
12840  I 09022026 0626 06
10754  I 09022026 0626 06
12610  I 09022026 0627 06
11936  I 09022026 0627 06
11498  I 09022026 0628 05
12156  I 09022026 0628 05
11607  I 09022026 0628 06
12156  O 09022026 0628 07
10606  I 09022026 0629 01
10576  I 09022026 0629 02
12833  I 09022026 0629 06
10309  I 09022026 0629 06
12872  I 09022026 0630 01
12647  I 09022026 0630 01
12869  I 09022026 0630 05
12673  I 09022026 0631 05
12653  I 09022026 0631 05
11250  I 09022026 0631 05
12236  I 09022026 0631 05
03061  I 09022026 0631 06
12317  I 09022026 0632 01
10054  I 09022026 0632 02
10641  I 09022026 0632 05
12255  I 09022026 0632 05
12810  I 09022026 0632 06
12355  I 09022026 0633 02
10240  I 09022026 0633 05
11390  I 09022026 0633 06
03168  I 09022026 0633 06
11940  I 09022026 0633 06
10759  I 09022026 0633 06
01232  I 09022026 0633 06
12849  I 09022026 0634 05
10140  I 09022026 0634 05
01302  I 09022026 0634 06
12669  I 09022026 0634 06
12056  I 09022026 0635 01
12758  I 09022026 0635 01
12863  I 09022026 0635 02
03122  I 09022026 0635 05
12069  I 09022026 0635 06
11404  I 09022026 0635 06
12440  I 09022026 0636 05
01345  I 09022026 0636 05
11724  I 09022026 0637 01
10675  I 09022026 0637 01
12926  I 09022026 0637 01
12825  I 09022026 0637 02
12208  I 09022026 0638 01
01356  I 09022026 0638 01
01483  I 09022026 0638 02
10135  I 09022026 0638 05
03027  I 09022026 0638 05
01446  I 09022026 0638 05
12066  I 09022026 0638 06
12820  I 09022026 0638 06
12183  I 09022026 0638 06
12855  I 09022026 0639 01
01317  I 09022026 0639 02
12755  I 09022026 0639 02
12731  I 09022026 0639 05
01470  I 09022026 0639 05
11387  I 09022026 0639 05
03037  I 09022026 0639 05
10673  I 09022026 0639 05
12764  I 09022026 0639 06
12650  I 09022026 0639 06
11787  I 09022026 0639 06
10405  I 09022026 0639 06
10318  I 09022026 0640 01
12234  I 09022026 0640 01
10607  I 09022026 0640 01
12793  I 09022026 0640 01
12217  I 09022026 0640 02
10357  I 09022026 0640 05
10697  I 09022026 0640 05
03078  I 09022026 0640 06
11776  I 09022026 0640 06
12142  I 09022026 0640 06
10775  I 09022026 0640 06
12804  I 09022026 0641 01
12084  I 09022026 0641 01
12191  I 09022026 0641 02
12809  I 09022026 0641 05
11726  I 09022026 0642 01
10827  I 09022026 0642 01
10831  I 09022026 0642 06
11863  I 09022026 0642 06
12807  I 09022026 0642 06
12350  I 09022026 0643 02
12485  I 09022026 0643 05
10791  I 09022026 0643 05
11534  I 09022026 0643 06
11937  I 09022026 0643 06
10728  I 09022026 0643 06
12919  I 09022026 0644 01
12577  I 09022026 0644 01
10243  I 09022026 0644 02
11767  I 09022026 0644 05
12090  I 09022026 0644 06
12642  I 09022026 0644 06
12359  I 09022026 0644 06
12138  I 09022026 0645 01
12829  I 09022026 0645 01
12718  I 09022026 0645 01
12699  I 09022026 0645 01
10050  I 09022026 0645 02
11166  I 09022026 0645 02
01504  I 09022026 0645 02
10026  I 09022026 0645 05
10841  I 09022026 0645 05
10700  I 09022026 0645 06
10231  I 09022026 0646 01
12816  I 09022026 0646 02
10609  I 09022026 0646 05
12413  I 09022026 0646 05
12726  I 09022026 0646 05
12376  I 09022026 0646 06
12827  I 09022026 0647 01
10726  I 09022026 0647 01
12530  I 09022026 0647 02
01373  I 09022026 0647 05
10219  I 09022026 0647 05
11772  I 09022026 0647 05
11780  I 09022026 0647 06
12682  I 09022026 0647 06
12237  I 09022026 0647 06
10223  I 09022026 0648 05
12474  I 09022026 0648 05
11765  I 09022026 0649 01
12351  I 09022026 0649 02
11286  I 09022026 0650 01
12439  I 09022026 0650 02
12724  I 09022026 0650 05
03104  I 09022026 0650 05
12720  I 09022026 0650 05
01436  I 09022026 0650 06
11879  I 09022026 0650 06
12433  I 09022026 0651 01
12374  I 09022026 0651 01
12961  I 09022026 0651 01
10523  I 09022026 0651 02
10146  I 09022026 0651 02
12805  I 09022026 0651 05
01415  I 09022026 0651 05
12353  I 09022026 0651 05
12553  I 09022026 0651 05
10588  I 09022026 0651 05
03058  I 09022026 0651 06
12790  I 09022026 0652 01
10232  I 09022026 0652 01
12803  I 09022026 0652 01
12187  I 09022026 0652 02
12368  I 09022026 0652 06
11784  I 09022026 0652 06
12476  I 09022026 0653 01
12349  I 09022026 0653 01
11496  I 09022026 0653 05
10611  I 09022026 0653 09
10796  I 09022026 0654 01
10604  I 09022026 0654 01
10407  I 09022026 0654 01
12652  I 09022026 0654 01
10466  I 09022026 0654 01
12538  I 09022026 0654 02
03032  I 09022026 0654 02
12085  I 09022026 0654 02
12846  I 09022026 0654 02
10574  I 09022026 0654 05
12639  I 09022026 0654 05
12722  I 09022026 0654 05
12575  I 09022026 0654 06
12305  I 09022026 0654 06
12670  I 09022026 0655 01
12244  I 09022026 0655 01
11408  I 09022026 0655 02
10334  I 09022026 0655 02
12716  I 09022026 0655 06
12486  I 09022026 0655 06
12416  I 09022026 0655 06
10350  I 09022026 0656 01
12877  I 09022026 0656 01
03017  I 09022026 0656 05
11943  I 09022026 0656 05
12293  I 09022026 0656 05
01351  I 09022026 0656 06
11692  I 09022026 0657 01
12737  I 09022026 0657 01
12057  I 09022026 0657 01
12059  I 09022026 0657 01
11522  I 09022026 0657 02
12630  I 09022026 0657 02
12598  I 09022026 0657 05
11494  I 09022026 0657 06
12736  I 09022026 0657 06
12222  I 09022026 0657 06
12545  I 09022026 0658 01
01374  I 09022026 0658 02
03103  I 09022026 0658 02
12488  I 09022026 0658 05
10500  I 09022026 0658 06
12370  I 09022026 0658 06
11519  I 09022026 0659 01
12742  I 09022026 0659 02
12694  I 09022026 0659 02
12122  I 09022026 0659 06
01367  I 09022026 0659 06
10808  I 09022026 0659 06
12629  I 09022026 0700 01
10573  I 09022026 0700 01
10145  I 09022026 0700 01
11650  I 09022026 0700 01
11355  I 09022026 0700 01
03105  I 09022026 0700 02
11221  I 09022026 0700 02
12710  I 09022026 0700 06
12097  I 09022026 0701 01
03101  I 09022026 0701 01
10055  I 09022026 0701 01
12667  I 09022026 0701 02
03101  O 09022026 0701 03
10712  I 09022026 0701 06
12631  I 09022026 0701 10
12631  O 09022026 0701 12
10705  I 09022026 0702 01
12337  I 09022026 0702 01
12230  I 09022026 0702 02
12657  I 09022026 0702 06
12500  I 09022026 0703 02
12500  O 09022026 0703 03
01369  I 09022026 0704 01
12302  I 09022026 0704 01
10817  I 09022026 0704 02
12141  I 09022026 0704 02
12640  I 09022026 0704 02
12096  I 09022026 0705 01
10608  I 09022026 0705 01
12093  I 09022026 0705 02
12623  I 09022026 0706 01
12199  I 09022026 0706 02
12717  I 09022026 0707 05
12858  I 09022026 0731 05
03126  I 09022026 0756 01
12725  I 09022026 0958 01
12266  I 09022026 1039 02
11926  I 09022026 1044 05
12457  I 09022026 1219 05
03068  I 09022026 1247 05
03039  I 09022026 1302 05
09704  I 09022026 1302 06
01312  I 09022026 1314 05
03172  I 09022026 1321 05
12074  I 09022026 1323 02
01402  I 09022026 1323 05
12256  I 09022026 1328 05
03062  I 09022026 1332 06
10849  I 09022026 1335 01
03182  I 09022026 1336 06
12688  I 09022026 1341 06
01319  I 09022026 1348 01
10127  I 09022026 1349 06
01306  I 09022026 1350 02
12148  I 09022026 1352 01
11167  I 09022026 1353 01
03135  I 09022026 1354 01
03176  I 09022026 1355 05
10176  I 09022026 1357 05
12847  I 09022026 1358 01
12396  I 09022026 1358 02
01357  I 09022026 1358 06
12871  I 09022026 1359 06
03179  I 09022026 1400 05
12246  I 09022026 1400 05
10333  I 09022026 1402 05
12822  I 09022026 1403 01
10843  I 09022026 1404 09
01335  I 09022026 1405 05
11768  I 09022026 1406 06
12162  I 09022026 1407 02
12922  I 09022026 1408 01
12890  I 09022026 1409 05
10221  I 09022026 1410 02
10071  I 09022026 1411 05
01320  I 09022026 1411 06
12845  I 09022026 1412 06
12927  I 09022026 1413 01
03026  I 09022026 1413 01
12800  I 09022026 1413 02
10306  I 09022026 1413 02
12531  I 09022026 1414 06
03018  I 09022026 1415 05
01417  I 09022026 1416 06
11933  I 09022026 1418 01
12409  I 09022026 1418 06
11774  I 09022026 1419 02
12785  I 09022026 1419 02
11928  I 09022026 1419 05
12802  I 09022026 1420 01
03112  I 09022026 1420 06
10795  I 09022026 1420 06
12149  I 09022026 1421 05
12808  I 09022026 1421 06
12920  I 09022026 1422 01
12135  I 09022026 1423 01
01479  I 09022026 1423 02
12185  I 09022026 1424 01
12786  I 09022026 1424 01
12130  I 09022026 1425 02
12732  I 09022026 1425 06
12064  I 09022026 1426 06
12651  I 09022026 1426 06
12058  I 09022026 1427 01
10765  I 09022026 1427 06
12576  I 09022026 1428 06
10839  I 09022026 1428 06
12115  I 09022026 1429 01
12094  I 09022026 1429 05
01433  I 09022026 1429 06
12949  I 09022026 1430 01
01276  I 09022026 1430 01
12826  I 09022026 1430 01
10091  I 09022026 1430 05
12055  I 09022026 1431 02
11223  I 09022026 1431 05
12946  I 09022026 1431 06
10612  I 09022026 1431 06
10169  I 09022026 1431 06
12674  I 09022026 1432 06
12289  I 09022026 1432 06
12873  I 09022026 1434 01
12792  I 09022026 1435 01
12615  I 09022026 1435 05
12343  I 09022026 1435 06
12945  I 09022026 1435 06
12329  I 09022026 1436 01
12814  I 09022026 1436 02
12299  I 09022026 1436 05
10589  I 09022026 1436 05
10383  I 09022026 1436 05
10291  I 09022026 1436 06
10234  I 09022026 1437 01
11248  I 09022026 1437 06
12672  I 09022026 1438 01
12473  I 09022026 1438 05
12689  I 09022026 1438 05
12754  I 09022026 1438 06
12894  I 09022026 1438 06
12020  I 09022026 1438 06
12558  I 09022026 1439 06
12841  I 09022026 1440 01
10200  I 09022026 1441 05
12594  I 09022026 1441 06
12815  I 09022026 1442 05
10144  I 09022026 1442 06
12568  I 09022026 1442 06
12888  I 09022026 1442 06
03108  I 09022026 1442 10
01452  I 09022026 1443 02
12661  I 09022026 1444 05
12259  I 09022026 1444 05
11222  I 09022026 1444 05
12819  I 09022026 1444 06
10378  I 09022026 1445 01
12853  I 09022026 1445 05
10522  I 09022026 1445 06
12415  I 09022026 1445 06
10046  I 09022026 1446 01
12904  I 09022026 1446 02
03059  I 09022026 1446 05
10385  I 09022026 1446 05
01477  I 09022026 1446 05
10222  I 09022026 1446 05
12821  I 09022026 1446 06
12475  I 09022026 1446 06
12852  I 09022026 1446 06
11398  I 09022026 1446 06
12088  I 09022026 1446 06
12540  I 09022026 1447 05
11777  I 09022026 1447 05
11946  I 09022026 1447 06
12601  I 09022026 1448 02
12730  I 09022026 1448 05
12943  I 09022026 1449 01
12622  I 09022026 1449 01
01327  I 09022026 1449 02
01510  I 09022026 1449 02
12369  I 09022026 1449 05
12878  I 09022026 1451 02
01382  I 09022026 1451 05
10788  I 09022026 1451 06
01296  I 09022026 1451 13
09833  I 09022026 1452 05
12500  I 09022026 1452 06
10086  I 09022026 1453 05
11688  I 09022026 1453 05
12339  I 09022026 1453 05
11779  I 09022026 1453 06
10094  I 09022026 1454 01
11719  I 09022026 1454 01
12357  I 09022026 1454 02
12638  I 09022026 1454 02
10505  I 09022026 1455 01
12886  I 09022026 1455 01
11789  I 09022026 1455 06
12267  I 09022026 1456 01
01379  I 09022026 1456 02
12799  I 09022026 1457 02
12471  I 09022026 1457 02
12133  I 09022026 1458 01
01396  I 09022026 1458 06
10785  I 09022026 1458 06
11879  O 09022026 1458 11
12456  I 09022026 1459 01
03010  I 09022026 1459 01
12325  I 09022026 1459 01
12862  I 09022026 1459 02
11879  I 09022026 1459 10
10809  O 09022026 1500 03
10386  O 09022026 1500 03
11408  O 09022026 1500 03
12538  O 09022026 1500 03
12823  O 09022026 1500 03
12824  O 09022026 1500 03
12804  O 09022026 1500 03
10243  O 09022026 1500 04
10318  O 09022026 1500 04
11650  O 09022026 1500 04
01504  O 09022026 1500 04
12056  O 09022026 1500 04
12759  O 09022026 1500 04
12863  O 09022026 1500 04
11765  O 09022026 1500 04
11392  I 09022026 1500 06
12720  O 09022026 1500 07
03053  O 09022026 1500 07
10728  O 09022026 1500 07
10700  O 09022026 1500 07
03037  O 09022026 1500 07
12711  O 09022026 1500 07
12416  O 09022026 1500 07
12093  O 09022026 1500 07
10791  O 09022026 1500 07
12858  O 09022026 1500 08
10847  O 09022026 1500 08
01470  O 09022026 1500 08
12236  O 09022026 1500 08
01351  O 09022026 1500 08
01344  O 09022026 1500 08
12710  O 09022026 1500 08
11776  O 09022026 1500 08
11879  O 09022026 1500 11
03122  O 09022026 1500 11
12807  O 09022026 1500 11
12812  O 09022026 1500 11
12961  O 09022026 1500 12
12731  O 09022026 1500 12
10309  O 09022026 1500 12
12869  O 09022026 1500 12
12736  O 09022026 1500 12
12639  O 09022026 1500 12
12793  O 09022026 1501 03
12758  O 09022026 1501 03
12647  O 09022026 1501 03
12872  O 09022026 1501 03
01232  O 09022026 1501 03
12898  O 09022026 1501 03
12924  O 09022026 1501 03
11780  O 09022026 1501 03
10607  O 09022026 1501 03
12929  O 09022026 1501 03
12244  O 09022026 1501 03
12217  O 09022026 1501 04
10054  O 09022026 1501 04
12718  O 09022026 1501 04
12963  O 09022026 1501 04
12962  O 09022026 1501 04
12090  O 09022026 1501 04
10573  O 09022026 1501 04
10673  O 09022026 1501 07
12724  O 09022026 1501 07
01436  O 09022026 1501 07
12474  O 09022026 1501 07
12413  O 09022026 1501 07
10223  O 09022026 1501 08
12122  O 09022026 1501 08
01483  O 09022026 1501 08
12069  O 09022026 1501 08
12840  O 09022026 1501 08
12846  O 09022026 1501 11
12678  O 09022026 1501 11
12485  O 09022026 1501 12
12673  O 09022026 1501 12
12967  O 09022026 1501 12
12630  O 09022026 1501 12
10350  O 09022026 1501 12
10724  I 09022026 1502 02
12612  O 09022026 1502 03
12950  O 09022026 1502 03
12825  O 09022026 1502 03
10675  O 09022026 1502 03
12897  O 09022026 1502 03
12138  O 09022026 1502 03
12355  O 09022026 1502 03
12692  O 09022026 1502 04
12234  O 09022026 1502 04
12667  O 09022026 1502 04
12353  O 09022026 1502 07
12722  O 09022026 1502 07
10605  O 09022026 1502 07
10766  O 09022026 1502 07
12629  O 09022026 1502 07
01231  O 09022026 1502 07
12128  O 09022026 1502 07
01446  O 09022026 1502 07
11355  O 09022026 1502 08
11936  O 09022026 1502 08
12142  O 09022026 1502 08
10775  O 09022026 1502 08
11607  O 09022026 1502 08
01302  O 09022026 1502 08
11767  O 09022026 1502 08
12650  O 09022026 1502 12
10678  O 09022026 1503 03
10523  O 09022026 1503 03
12350  O 09022026 1503 03
10642  O 09022026 1503 07
10357  O 09022026 1503 07
12849  O 09022026 1503 07
10240  O 09022026 1503 07
12302  O 09022026 1503 08
11534  O 09022026 1503 08
03168  O 09022026 1503 08
11390  O 09022026 1503 08
12486  O 09022026 1503 11
12809  O 09022026 1503 12
01495  O 09022026 1503 12
12476  O 09022026 1504 03
12827  O 09022026 1504 03
12889  O 09022026 1504 03
12351  O 09022026 1504 04
12965  O 09022026 1504 04
12205  O 09022026 1504 04
12147  O 09022026 1504 04
12237  O 09022026 1504 07
10146  O 09022026 1504 08
11772  O 09022026 1504 08
10759  O 09022026 1504 08
12810  O 09022026 1504 11
10574  O 09022026 1504 12
12682  O 09022026 1504 12
12642  O 09022026 1504 12
12489  I 09022026 1505 02
10145  O 09022026 1505 03
12337  O 09022026 1505 03
12199  O 09022026 1505 04
03058  O 09022026 1505 08
11388  I 09022026 1506 02
12919  O 09022026 1506 03
03032  O 09022026 1506 07
11692  O 09022026 1506 07
12575  O 09022026 1506 08
10697  O 09022026 1506 08
03153  O 09022026 1506 11
12610  O 09022026 1506 12
12066  O 09022026 1506 14
01356  O 09022026 1507 03
11943  O 09022026 1507 07
03078  O 09022026 1507 08
12598  O 09022026 1507 11
01423  O 09022026 1507 11
12359  O 09022026 1507 12
12833  O 09022026 1507 12
12532  O 09022026 1507 12
12530  O 09022026 1508 03
10219  O 09022026 1508 08
12653  O 09022026 1508 12
12577  O 09022026 1508 12
01454  O 09022026 1509 08
03007  O 09022026 1509 11
12349  O 09022026 1510 03
12623  O 09022026 1511 04
01367  O 09022026 1511 07
12803  O 09022026 1512 07
12595  O 09022026 1514 12
11387  O 09022026 1515 07
01373  O 09022026 1515 08
09823  O 09022026 1515 11
10705  O 09022026 1515 11
01339  O 09022026 1515 12
11935  O 09022026 1515 14
11250  O 09022026 1516 12
01428  O 09022026 1517 07
03017  O 09022026 1517 11
12488  O 09022026 1517 14
10140  O 09022026 1520 08
01345  O 09022026 1522 07
10405  O 09022026 1522 11
03152  O 09022026 1526 04
12183  O 09022026 1526 14
03103  O 09022026 1528 04
01374  O 09022026 1529 04
12191  O 09022026 1529 07
03105  O 09022026 1533 03
12657  O 09022026 1600 03
12376  O 09022026 1600 03
01355  O 09022026 1600 03
12374  O 09022026 1600 03
03101  O 09022026 1600 03
10050  O 09022026 1600 04
11166  O 09022026 1600 04
12844  O 09022026 1601 03
11863  O 09022026 1603 07
12640  O 09022026 1609 08
10407  O 09022026 1614 12
10608  O 09022026 1633 12
10736  O 09022026 1700 04
12669  O 09022026 1700 07
12293  O 09022026 1700 07
10611  O 09022026 1700 07
12764  O 09022026 1700 08
12222  O 09022026 1700 08
10449  O 09022026 1700 14
12805  O 09022026 1704 07
10588  O 09022026 1708 12
10135  O 09022026 1708 12
01415  O 09022026 1713 07
10841  O 09022026 1713 07
01459  I 09022026 1744 05
12192  I 09022026 1751 05
12136  I 09022026 1754 01
11693  I 09022026 1754 05
12700  I 09022026 1758 02
12439  O 09022026 1800 03
11267  O 09022026 1800 04
10055  O 09022026 1802 14
10796  O 09022026 1806 04
10706  I 09022026 1814 05
03151  O 09022026 1815 03
11538  I 09022026 1815 05
12624  I 09022026 1816 01
10334  O 09022026 1818 08
12637  I 09022026 1825 06
12644  I 09022026 1834 06
12698  I 09022026 1835 02
03148  O 09022026 1836 03
01422  I 09022026 1838 05
12502  I 09022026 1838 06
12356  I 09022026 1842 02
12620  I 09022026 1843 05
12763  I 09022026 1844 02
12501  I 09022026 1844 06
11687  I 09022026 1845 01
12373  I 09022026 1847 01
01448  I 09022026 1847 02
12125  I 09022026 1848 06
10669  I 09022026 1849 02
12756  I 09022026 1849 06
12188  I 09022026 1851 02
12539  I 09022026 1854 06
12164  I 09022026 1856 02
12383  I 09022026 1857 02
12224  I 09022026 1857 05
12735  I 09022026 1857 06
10133  I 09022026 1857 09
12693  O 09022026 1900 03
12694  O 09022026 1900 03
12317  O 09022026 1900 03
10231  O 09022026 1900 03
12816  O 09022026 1900 03
12670  O 09022026 1900 04
12059  O 09022026 1900 04
11493  O 09022026 1900 07
12461  O 09022026 1900 08
11784  O 09022026 1900 08
12854  O 09022026 1900 11
12938  O 09022026 1900 11
12368  O 09022026 1900 11
11848  O 09022026 1900 12
11726  O 09022026 1901 03
11221  O 09022026 1901 03
10466  O 09022026 1901 03
10232  O 09022026 1901 03
12755  O 09022026 1901 03
12742  O 09022026 1901 03
12877  O 09022026 1901 04
11942  O 09022026 1901 08
03104  O 09022026 1901 14
12085  O 09022026 1902 03
11286  O 09022026 1902 04
11519  O 09022026 1902 07
01413  O 09022026 1902 12
12084  O 09022026 1903 03
12097  O 09022026 1903 08
01312  O 09022026 1903 12
10604  O 09022026 1904 03
12545  O 09022026 1904 03
10576  O 09022026 1904 03
11690  O 09022026 1904 04
12717  O 09022026 1904 07
10827  O 09022026 1906 03
03088  I 09022026 1907 01
12370  O 09022026 1908 12
11522  O 09022026 1909 04
12208  O 09022026 1909 12
12390  O 09022026 1912 03
10817  O 09022026 1917 07
12334  O 09022026 1920 12
10425  I 09022026 1944 01
10026  O 09022026 1953 08
12828  I 09022026 2000 01
12829  O 09022026 2000 03
12632  O 09022026 2000 08
12737  O 09022026 2000 11
10199  O 09022026 2000 12
12305  O 09022026 2002 08
12790  O 09022026 2003 04
03061  O 09022026 2005 12
12187  O 09022026 2006 12
12141  O 09022026 2007 12
12726  O 09022026 2009 07
11646  I 09022026 2048 06
10047  I 09022026 2053 06
12230  O 09022026 2100 04
01234  I 09022026 2116 01
12096  O 09022026 2121 04
12497  I 09022026 2125 01
12089  I 09022026 2130 05
12583  I 09022026 2133 06
12679  I 09022026 2139 05
10369  I 09022026 2144 05
01425  I 09022026 2144 06
01468  I 09022026 2150 05
11168  I 09022026 2151 06
12458  I 09022026 2156 02
01475  I 09022026 2157 01
12467  I 09022026 2158 02
12392  I 09022026 2202 06
03123  I 09022026 2203 06
10787  I 09022026 2203 06
12831  I 09022026 2204 01
12928  I 09022026 2205 01
10083  I 09022026 2205 06
10830  I 09022026 2206 01
12081  I 09022026 2206 05
03029  I 09022026 2206 06
10310  I 09022026 2206 06
12791  I 09022026 2207 01
11266  I 09022026 2207 05
10184  I 09022026 2207 06
12947  I 09022026 2209 01
12856  I 09022026 2209 02
12664  I 09022026 2209 06
10807  I 09022026 2210 01
12072  I 09022026 2211 02
12254  I 09022026 2211 05
12760  I 09022026 2214 01
12241  I 09022026 2214 02
12712  I 09022026 2214 05
10720  I 09022026 2214 06
12140  I 09022026 2214 06
03170  I 09022026 2215 01
12948  I 09022026 2216 01
03035  I 09022026 2216 05
10116  I 09022026 2216 06
12761  I 09022026 2217 02
10100  I 09022026 2217 06
01295  I 09022026 2218 01
12584  I 09022026 2218 05
01487  I 09022026 2220 01
12753  I 09022026 2220 05
10264  I 09022026 2220 06
12723  I 09022026 2221 01
10117  I 09022026 2221 05
03047  I 09022026 2221 05
12780  I 09022026 2221 06
10177  I 09022026 2223 05
03001  I 09022026 2223 09
12832  I 09022026 2224 01
12957  I 09022026 2224 01
12153  I 09022026 2225 02
12153  O 09022026 2225 03
10456  I 09022026 2225 05
12701  I 09022026 2226 01
12561  I 09022026 2226 01
12762  I 09022026 2226 02
12690  I 09022026 2226 05
12676  I 09022026 2226 05
11169  I 09022026 2226 05
12757  I 09022026 2227 06
03119  I 09022026 2227 06
01353  I 09022026 2228 05
01249  I 09022026 2229 05
01432  I 09022026 2229 05
01330  I 09022026 2229 06
11647  I 09022026 2230 05
12813  I 09022026 2230 06
12887  I 09022026 2231 05
12397  I 09022026 2232 01
12727  I 09022026 2232 06
10598  I 09022026 2233 05
10617  I 09022026 2233 05
10581  I 09022026 2233 05
12625  I 09022026 2233 06
12662  I 09022026 2234 02
12783  I 09022026 2234 05
03030  I 09022026 2235 02
12067  I 09022026 2235 06
12665  I 09022026 2236 01
12944  I 09022026 2236 01
12354  I 09022026 2236 05
12729  I 09022026 2236 05
12743  I 09022026 2237 05
12472  I 09022026 2237 06
12930  I 09022026 2238 02
12487  I 09022026 2238 05
01499  I 09022026 2238 06
10825  I 09022026 2238 06
03012  I 09022026 2238 06
12499  I 09022026 2239 01
10384  I 09022026 2239 05
12116  I 09022026 2239 05
10017  I 09022026 2239 06
03159  I 09022026 2239 09
10698  I 09022026 2240 05
11945  I 09022026 2240 06
12269  I 09022026 2240 06
10285  I 09022026 2241 05
12371  I 09022026 2241 05
12503  I 09022026 2241 06
12146  I 09022026 2242 01
12372  I 09022026 2242 02
10490  I 09022026 2242 06
10794  I 09022026 2242 06
12204  I 09022026 2243 02
12049  I 09022026 2243 05
12951  I 09022026 2244 01
10356  I 09022026 2244 05
12412  I 09022026 2245 05
12275  I 09022026 2245 06
11495  I 09022026 2246 02
03173  I 09022026 2246 06
12631  I 09022026 2246 06
12557  I 09022026 2247 01
11694  I 09022026 2247 05
12901  I 09022026 2247 06
12496  I 09022026 2247 06
12123  I 09022026 2247 10
12740  I 09022026 2249 02
12238  I 09022026 2249 05
03085  I 09022026 2249 05
12462  I 09022026 2249 05
01365  I 09022026 2249 05
12543  I 09022026 2250 01
03136  I 09022026 2250 01
12098  I 09022026 2250 02
12184  I 09022026 2250 05
03080  I 09022026 2250 06
03077  I 09022026 2250 06
10287  I 09022026 2250 06
12151  I 09022026 2251 01
12843  I 09022026 2251 01
11411  I 09022026 2251 02
12609  I 09022026 2251 05
01456  I 09022026 2251 06
12546  I 09022026 2251 06
12298  I 09022026 2251 06
12569  I 09022026 2252 01
12738  I 09022026 2252 01
12556  I 09022026 2252 01
10469  I 09022026 2252 02
11652  I 09022026 2253 01
12076  I 09022026 2253 01
03124  I 09022026 2253 02
12721  I 09022026 2254 02
01492  I 09022026 2254 06
12666  I 09022026 2255 01
12417  I 09022026 2255 06
11537  I 09022026 2255 06
03102  I 09022026 2257 01
01405  I 09022026 2257 06
01512  I 09022026 2258 01
10696  I 09022026 2258 01
10148  I 09022026 2258 05
10658  I 09022026 2258 06
12582  I 09022026 2258 06
12611  I 09022026 2259 01
12614  I 09022026 2259 01
03161  I 09022026 2259 01
10640  I 09022026 2259 01
11725  I 09022026 2259 01
12654  I 09022026 2259 06
12531  O 09022026 2300 03
12540  O 09022026 2300 03
11167  O 09022026 2300 03
10306  O 09022026 2300 03
12852  O 09022026 2300 03
12847  O 09022026 2300 03
12396  O 09022026 2300 03
12668  O 09022026 2300 03
11940  O 09022026 2300 03
12558  O 09022026 2300 04
12576  O 09022026 2300 04
11774  O 09022026 2300 04
10385  O 09022026 2300 04
10726  O 09022026 2300 04
12786  O 09022026 2300 04
12456  O 09022026 2300 04
10839  O 09022026 2300 07
01335  O 09022026 2300 07
12259  O 09022026 2300 07
12638  O 09022026 2300 07
01402  O 09022026 2300 07
03018  O 09022026 2300 07
10522  O 09022026 2300 07
10500  O 09022026 2300 07
01396  O 09022026 2300 07
11392  O 09022026 2300 07
12149  O 09022026 2300 08
12808  O 09022026 2300 08
10333  O 09022026 2300 08
03010  O 09022026 2300 08
01296  O 09022026 2300 08
12255  O 09022026 2300 08
03112  O 09022026 2300 08
12845  O 09022026 2300 11
11498  O 09022026 2300 11
11496  O 09022026 2300 11
11494  O 09022026 2300 11
12409  O 09022026 2300 11
12890  O 09022026 2300 12
12369  O 09022026 2300 12
12732  O 09022026 2300 12
10071  O 09022026 2300 12
12820  O 09022026 2300 14
10612  O 09022026 2300 14
12473  O 09022026 2300 14
12055  O 09022026 2301 03
10724  O 09022026 2301 03
12133  O 09022026 2301 03
12329  O 09022026 2301 03
12057  O 09022026 2301 03
10234  O 09022026 2301 03
12058  O 09022026 2301 03
03126  O 09022026 2301 03
01510  O 09022026 2301 03
12949  O 09022026 2301 03
01319  O 09022026 2301 04
12064  O 09022026 2301 04
12672  O 09022026 2301 04
12601  O 09022026 2301 04
12266  O 09022026 2301 04
11724  O 09022026 2301 04
12904  O 09022026 2301 04
11222  O 09022026 2301 04
12814  O 09022026 2301 04
12799  O 09022026 2301 04
03068  O 09022026 2301 04
10795  O 09022026 2301 07
10291  O 09022026 2301 07
12888  O 09022026 2301 07
11777  O 09022026 2301 07
12661  O 09022026 2301 07
10641  O 09022026 2301 08
10788  O 09022026 2301 08
12615  O 09022026 2301 08
12815  O 09022026 2301 08
10505  O 09022026 2301 08
12094  O 09022026 2301 11
03120  O 09022026 2301 11
12594  O 09022026 2301 11
12651  O 09022026 2301 11
11248  O 09022026 2301 11
12256  O 09022026 2301 12
12730  O 09022026 2301 12
12568  O 09022026 2301 12
12946  O 09022026 2301 12
01333  O 09022026 2301 12
01327  O 09022026 2301 12
10754  O 09022026 2301 14
12433  O 09022026 2302 03
12926  O 09022026 2302 03
12886  O 09022026 2302 04
12357  O 09022026 2302 04
12855  O 09022026 2302 04
12622  O 09022026 2302 04
12440  O 09022026 2302 07
10222  O 09022026 2302 07
12716  O 09022026 2302 07
10086  O 09022026 2302 07
10144  O 09022026 2302 07
03182  O 09022026 2302 08
10224  O 09022026 2302 08
12489  O 09022026 2302 08
10091  O 09022026 2302 08
10808  O 09022026 2302 08
12325  O 09022026 2302 11
11605  O 09022026 2302 11
10169  O 09022026 2302 11
12415  O 09022026 2302 12
03172  O 09022026 2302 12
03179  O 09022026 2302 12
01341  I 09022026 2303 01
12841  O 09022026 2303 03
12725  O 09022026 2303 03
12871  O 09022026 2303 03
12943  O 09022026 2303 03
10606  O 09022026 2303 04
12862  O 09022026 2303 04
11688  O 09022026 2303 07
10176  O 09022026 2303 07
01433  O 09022026 2303 07
03062  O 09022026 2303 07
11768  O 09022026 2303 08
11388  O 09022026 2303 08
12074  O 09022026 2303 08
01477  O 09022026 2303 11
12267  O 09022026 2303 11
01320  O 09022026 2303 11
09833  O 09022026 2303 11
10609  O 09022026 2303 12
01317  O 09022026 2303 12
01479  O 09022026 2303 12
03027  O 09022026 2303 12
10849  O 09022026 2304 03
12822  O 09022026 2304 03
12873  O 09022026 2304 03
12802  O 09022026 2304 03
12920  O 09022026 2304 03
10046  O 09022026 2304 03
12826  O 09022026 2304 04
12246  O 09022026 2304 04
12922  O 09022026 2304 04
12785  O 09022026 2304 04
12927  O 09022026 2304 04
12800  O 09022026 2304 04
11926  O 09022026 2304 07
11787  O 09022026 2304 07
12754  O 09022026 2304 07
11928  O 09022026 2304 08
11937  O 09022026 2304 08
10843  O 09022026 2304 11
12652  O 09022026 2304 11
10021  O 09022026 2304 12
12853  O 09022026 2304 12
11719  O 09022026 2305 03
10094  O 09022026 2305 04
12553  O 09022026 2305 07
12130  O 09022026 2305 07
12289  O 09022026 2305 07
12688  O 09022026 2305 07
12343  O 09022026 2305 08
10831  O 09022026 2305 08
12689  O 09022026 2305 08
03108  O 09022026 2305 11
11398  O 09022026 2305 12
11400  O 09022026 2305 12
10785  O 09022026 2305 12
01306  O 09022026 2305 12
11933  O 09022026 2306 03
10378  O 09022026 2306 04
12457  O 09022026 2306 07
03059  O 09022026 2306 07
01379  O 09022026 2306 07
11779  O 09022026 2306 08
10765  O 09022026 2306 08
12674  O 09022026 2306 12
03176  O 09022026 2307 08
12162  O 09022026 2308 03
01452  O 09022026 2308 04
01357  O 09022026 2308 07
09704  O 09022026 2308 08
03039  O 09022026 2308 08
11223  O 09022026 2309 08
10200  O 09022026 2312 12
12945  O 09022026 2313 12
01276  O 09022026 2314 03
11789  O 09022026 2314 07
03026  O 09022026 2315 11
11404  O 09022026 2316 12
01382  O 09022026 2319 08
01417  O 09022026 2326 12
11946  O 09022026 2327 12
03135  O 09022026 2331 04
01369  O 09022026 2345 03
10245  I 09022026 2355 01
12383  O 09032026 0700 03
12614  O 09032026 0700 03
10807  O 09032026 0700 03
12502  O 09032026 0700 03
12700  O 09032026 0700 03
10221  O 09032026 0700 03
12828  O 09032026 0700 04
12832  O 09032026 0700 04
10696  O 09032026 0700 04
12146  O 09032026 0700 04
01405  O 09032026 0700 04
12499  O 09032026 0700 04
12625  O 09032026 0700 07
10825  O 09032026 0700 07
12098  O 09032026 0700 07
10787  O 09032026 0700 07
12557  O 09032026 0700 07
12712  O 09032026 0700 07
10177  O 09032026 0700 07
11693  O 09032026 0700 07
11694  O 09032026 0700 08
03012  O 09032026 0700 08
12501  O 09032026 0700 08
10083  O 09032026 0700 08
12609  O 09032026 0700 08
12813  O 09032026 0700 08
12664  O 09032026 0700 08
01492  O 09032026 0700 08
12020  O 09032026 0700 08
12254  O 09032026 0700 11
12901  O 09032026 0700 11
03029  O 09032026 0700 11
12184  O 09032026 0700 11
12298  O 09032026 0700 11
12729  O 09032026 0700 11
12089  O 09032026 0700 11
12620  O 09032026 0700 11
11266  O 09032026 0700 11
10383  O 09032026 0700 11
12637  O 09032026 0700 12
10310  O 09032026 0700 12
12539  O 09032026 0700 12
12753  O 09032026 0700 12
12238  O 09032026 0700 12
10369  O 09032026 0700 12
12676  O 09032026 0700 12
11168  O 09032026 0700 12
10127  O 09032026 0700 12
10706  O 09032026 0700 14
12496  O 09032026 0700 14
12049  O 09032026 0700 14
10658  O 09032026 0700 14
12472  O 09032026 0700 14
12076  O 09032026 0701 03
12723  O 09032026 0701 03
10047  O 09032026 0701 03
01487  O 09032026 0701 03
11411  O 09032026 0701 03
01475  O 09032026 0701 03
12951  O 09032026 0701 03
12740  O 09032026 0701 03
12500  O 09032026 0701 03
03080  O 09032026 0701 04
01330  O 09032026 0701 04
12698  O 09032026 0701 04
01341  O 09032026 0701 04
10469  O 09032026 0701 04
12556  O 09032026 0701 04
03173  O 09032026 0701 04
12135  O 09032026 0701 04
10581  O 09032026 0701 07
10617  O 09032026 0701 07
10456  O 09032026 0701 07
12743  O 09032026 0701 07
12392  O 09032026 0701 07
10589  O 09032026 0701 07
12475  O 09032026 0701 07
10598  O 09032026 0701 08
10017  O 09032026 0701 08
10100  O 09032026 0701 08
10698  O 09032026 0701 08
10148  O 09032026 0701 08
11537  O 09032026 0701 08
12780  O 09032026 0701 11
10720  O 09032026 0701 11
12503  O 09032026 0701 11
11169  O 09032026 0701 11
03119  O 09032026 0701 11
03035  O 09032026 0701 11
01353  O 09032026 0701 11
12821  O 09032026 0701 11
12339  O 09032026 0701 11
12644  O 09032026 0701 12
12783  O 09032026 0701 12
12487  O 09032026 0701 12
12462  O 09032026 0701 12
12654  O 09032026 0701 12
12269  O 09032026 0701 12
10116  O 09032026 0701 12
12192  O 09032026 0701 12
03030  O 09032026 0701 14
12164  O 09032026 0702 03
12497  O 09032026 0702 03
12763  O 09032026 0702 04
12624  O 09032026 0702 04
11687  O 09032026 0702 04
11495  O 09032026 0702 04
10640  O 09032026 0702 04
12275  O 09032026 0702 07
10384  O 09032026 0702 07
12894  O 09032026 0702 07
10794  O 09032026 0702 08
12727  O 09032026 0702 11
03123  O 09032026 0702 11
03085  O 09032026 0702 11
10133  O 09032026 0702 11
12185  O 09032026 0702 11
11646  O 09032026 0702 12
01425  O 09032026 0702 12
12701  O 09032026 0703 03
12356  O 09032026 0703 03
12148  O 09032026 0703 03
10184  O 09032026 0703 04
11652  O 09032026 0703 04
01422  O 09032026 0703 07
12081  O 09032026 0703 07
11538  O 09032026 0703 07
12354  O 09032026 0703 07
12116  O 09032026 0703 08
10356  O 09032026 0703 08
12819  O 09032026 0703 08
12631  O 09032026 0703 11
10264  O 09032026 0703 11
10830  O 09032026 0703 11
12299  O 09032026 0703 11
12224  O 09032026 0703 12
12679  O 09032026 0703 12
12088  O 09032026 0703 12
12471  O 09032026 0703 14
12665  O 09032026 0704 03
12944  O 09032026 0704 03
03161  O 09032026 0704 03
12878  O 09032026 0704 03
12843  O 09032026 0704 04
03088  O 09032026 0704 04
11647  O 09032026 0704 07
10285  O 09032026 0704 07
10490  O 09032026 0704 07
12735  O 09032026 0704 07
12582  O 09032026 0704 08
03047  O 09032026 0704 08
03170  O 09032026 0704 12
12467  O 09032026 0704 12
12738  O 09032026 0705 03
12887  O 09032026 0705 03
12930  O 09032026 0705 04
12125  O 09032026 0705 07
03102  O 09032026 0705 08
10287  O 09032026 0705 11
12584  O 09032026 0705 12
11725  O 09032026 0706 03
12151  O 09032026 0706 04
03077  O 09032026 0706 08
12067  O 09032026 0706 08
03159  O 09032026 0706 11
01448  O 09032026 0707 03
12757  O 09032026 0707 11
03001  O 09032026 0707 11
12140  O 09032026 0707 12
12188  O 09032026 0707 12
03136  O 09032026 0708 03
12543  O 09032026 0708 03
01295  O 09032026 0708 04
12458  O 09032026 0708 07
12611  O 09032026 0708 08
12721  O 09032026 0708 08
12569  O 09032026 0708 11
01459  O 09032026 0708 12
10245  O 09032026 0709 03
12204  O 09032026 0709 04
12397  O 09032026 0710 03
12761  O 09032026 0710 03
12760  O 09032026 0710 03
12948  O 09032026 0710 03
12928  O 09032026 0710 03
12947  O 09032026 0710 04
12241  O 09032026 0710 04
12662  O 09032026 0710 04
12792  O 09032026 0710 04
01499  O 09032026 0710 07
12412  O 09032026 0710 12
12791  O 09032026 0711 03
12856  O 09032026 0711 03
12831  O 09032026 0711 04
12762  O 09032026 0711 04
12561  O 09032026 0712 03
12666  O 09032026 0712 04
12756  O 09032026 0712 12
10669  O 09032026 0713 03
12072  O 09032026 0713 07
12417  O 09032026 0713 08
12123  O 09032026 0713 11
12153  O 09032026 0714 07
12957  O 09032026 0715 03
12583  O 09032026 0715 12
12371  O 09032026 0717 08
12372  O 09032026 0719 03
12690  O 09032026 0719 08
01249  O 09032026 0719 12
12373  O 09032026 0720 04
01234  O 09032026 0722 07
11945  O 09032026 0723 07
10117  O 09032026 0723 12
03124  O 09032026 0725 11
01432  O 09032026 0726 04
01365  O 09032026 0726 08
10425  O 09032026 0727 03
12136  O 09032026 0737 03
01456  O 09032026 0742 08
01468  O 09032026 0742 12
12546  O 09032026 0751 12
01512  O 09032026 0804 12