   01454  I 09222026 0449 01
   10642  I 09222026 0510 05
   11690  I 09222026 0532 05
   12678  I 09222026 0538 06
   10809  I 09222026 0540 05
   12558  I 09222026 0546 06
   03007  I 09222026 0550 06
   12673  I 09222026 0552 05
   03148  I 09222026 0553 02
   12249  I 09222026 0553 05
   12919  I 09222026 0557 01
   01413  I 09222026 0603 06
   11848  I 09222026 0603 06
   01339  I 09222026 0606 06
   12929  I 09222026 0607 01
   01231  I 09222026 0607 05
   12759  I 09222026 0608 01
   12532  I 09222026 0608 05
   01355  I 09222026 0609 05
   03141  I 09222026 0610 05
   12595  I 09222026 0610 06
   12823  I 09222026 0610 01
   11605  I 09222026 0611 05
   12903  I 09222026 0611 01
   11250  I 09222026 0614 06
   12824  I 09222026 0614 02
   10073  I 09222026 0614 05
   03122  I 09222026 0614 06
   12962  I 09222026 0615 01
   12632  I 09222026 0615 05
   01481  I 09222026 0615 05
   12810  I 09222026 0616 05
   12963  I 09222026 0616 01
   12898  I 09222026 0616 02
   12291  I 09222026 0616 01
   10736  I 09222026 0616 02
   11267  I 09222026 0617 02
   03053  I 09222026 0617 05
   10224  I 09222026 0617 06
   01344  I 09222026 0617 05
   01428  I 09222026 0617 01
   12950  I 09222026 0617 02
   12928  I 09222026 0618 01
   11538  I 09222026 0619 05
   12461  I 09222026 0619 02
   12889  I 09222026 0619 05
   10140  I 09222026 0620 05
   12872  I 09222026 0621 02
   12397  I 09222026 0621 01
   10240  I 09222026 0622 06
   12668  I 09222026 0623 01
   12718  I 09222026 0623 02
   12692  I 09222026 0623 02
   12205  I 09222026 0624 02
   12821  I 09222026 0625 06
   12700  I 09222026 0625 02
   01495  I 09222026 0626 02
   12924  I 09222026 0626 02
   03153  I 09222026 0626 06
   11493  I 09222026 0627 05
   12812  I 09222026 0627 06
   12093  I 09222026 0627 06
   03152  I 09222026 0627 02
   12840  I 09222026 0628 06
   11928  I 09222026 0629 05
   12476  I 09222026 0629 02
   01504  I 09222026 0630 02
   11390  I 09222026 0630 06
   11498  I 09222026 0630 05
   12128  I 09222026 0631 06
   10726  I 09222026 0631 02
   12957  I 09222026 0631 01
   12156  O 09222026 0631 07
   12156  I 09222026 0631 06
   10641  I 09222026 0631 05
   12255  I 09222026 0632 05
   10425  I 09222026 0632 02
   12938  I 09222026 0633 06
   03061  I 09222026 0634 05
   12317  I 09222026 0634 02
   12809  I 09222026 0634 05
   12863  I 09222026 0635 01
   10309  I 09222026 0635 06
   10775  I 09222026 0636 06
   12849  I 09222026 0636 05
   12855  I 09222026 0636 01
   03037  I 09222026 0637 06
   10199  I 09222026 0637 05
   01356  I 09222026 0637 01
   12833  I 09222026 0637 06
   12869  I 09222026 0637 05
   10054  I 09222026 0637 02
   12341  I 09222026 0638 06
   11724  I 09222026 0638 01
   10847  I 09222026 0638 05
   03058  I 09222026 0638 06
   11607  I 09222026 0638 01
   12081  I 09222026 0638 05
   10232  I 09222026 0638 02
   12234  I 09222026 0638 01
   12650  I 09222026 0638 05
   12236  I 09222026 0639 06
   10234  I 09222026 0639 02
   12614  I 09222026 0639 01
   10607  I 09222026 0639 01
   11726  I 09222026 0639 01
   01317  I 09222026 0639 02
   12066  I 09222026 0639 06
   12945  I 09222026 0640 06
   10523  I 09222026 0640 01
   12208  I 09222026 0640 05
   01345  I 09222026 0641 06
   12355  I 09222026 0641 02
   12142  I 09222026 0641 05
   03168  I 09222026 0641 06
   11940  I 09222026 0641 06
   01302  I 09222026 0641 06
   12485  I 09222026 0641 05
   10243  I 09222026 0642 02
   10318  I 09222026 0642 01
   10766  I 09222026 0642 05
   12642  I 09222026 0642 05
   10050  I 09222026 0643 02
   01436  I 09222026 0643 05
   12376  I 09222026 0643 02
   12758  I 09222026 0643 01
   10357  I 09222026 0643 06
   10759  I 09222026 0643 06
   12138  I 09222026 0643 01
   10796  I 09222026 0643 02
   03027  I 09222026 0643 05
   11166  I 09222026 0643 01
   10223  I 09222026 0643 05
   12244  I 09222026 0643 02
   10791  I 09222026 0643 01
   12894  I 09222026 0644 06
   12191  I 09222026 0644 01
   12084  I 09222026 0644 02
   11863  I 09222026 0644 06
   11387  I 09222026 0644 05
   12222  I 09222026 0644 05
   12612  I 09222026 0645 02
   12350  I 09222026 0645 02
   12946  I 09222026 0645 06
   01232  I 09222026 0645 01
   10841  I 09222026 0645 05
   12790  I 09222026 0646 02
   12669  I 09222026 0646 05
   12693  I 09222026 0646 02
   10135  I 09222026 0647 06
   12353  I 09222026 0647 05
   12049  I 09222026 0647 05
   12961  I 09222026 0647 02
   11784  I 09222026 0647 06
   10026  I 09222026 0647 05
   12486  I 09222026 0648 06
   12439  I 09222026 0648 02
   12090  I 09222026 0648 06
   11879  I 09222026 0648 06
   10261  I 09222026 0648 05
   12082  I 09222026 0648 06
   12858  I 09222026 0649 05
   12339  I 09222026 0649 06
   10754  I 09222026 0649 06
   01374  I 09222026 0649 02
   03120  I 09222026 0649 06
   10219  I 09222026 0649 05
   12699  O 09222026 0649 03
   12699  I 09222026 0649 02
   12731  I 09222026 0649 05
   10786  I 09222026 0649 06
   11767  I 09222026 0649 05
   12598  I 09222026 0649 06
   10449  I 09222026 0649 05
   12305  I 09222026 0650 06
   12653  I 09222026 0650 05
   11946  I 09222026 0650 05
   10146  I 09222026 0650 02
   03104  I 09222026 0650 02
   12578  I 09222026 0650 02
   12695  I 09222026 0650 01
   10588  I 09222026 0650 06
   12369  I 09222026 0651 06
   01373  I 09222026 0651 05
   12206  I 09222026 0651 01
   10673  I 09222026 0651 06
   12351  I 09222026 0651 02
   12299  I 09222026 0651 05
   12755  I 09222026 0651 02
   12085  I 09222026 0651 06
   12610  I 09222026 0651 06
   12553  I 09222026 0652 05
   12682  I 09222026 0652 06
   12575  I 09222026 0652 06
   12716  I 09222026 0652 06
   12184  I 09222026 0652 06
   12943  I 09222026 0653 01
   10827  I 09222026 0653 01
   10576  I 09222026 0653 02
   12670  I 09222026 0653 01
   12724  I 09222026 0653 05
   12792  I 09222026 0653 01
   03017  I 09222026 0653 05
   12720  I 09222026 0654 05
   12726  I 09222026 0654 06
   12846  I 09222026 0654 05
   12298  I 09222026 0654 02
   11496  I 09222026 0654 05
   11408  I 09222026 0654 02
   12349  I 09222026 0654 01
   12293  I 09222026 0654 05
   12413  I 09222026 0654 06
   11765  I 09222026 0655 01
   12416  I 09222026 0655 05
   10678  I 09222026 0655 02
   12738  I 09222026 0655 01
   12238  I 09222026 0655 02
   12807  I 09222026 0655 06
   12805  I 09222026 0655 05
   10728  I 09222026 0656 06
   12237  I 09222026 0656 05
   12187  I 09222026 0656 06
   10609  I 09222026 0656 05
   01367  I 09222026 0656 05
   12816  I 09222026 0656 01
   12374  I 09222026 0656 02
   01415  I 09222026 0656 05
   03103  I 09222026 0657 02
   11286  I 09222026 0657 01
   12122  I 09222026 0657 06
   10573  I 09222026 0658 02
   10466  I 09222026 0658 01
   12359  I 09222026 0658 01
   10808  I 09222026 0658 06
   10675  I 09222026 0658 01
   12221  I 09222026 0658 06
   10407  I 09222026 0659 06
   10500  I 09222026 0659 02
   10817  I 09222026 0659 01
   10604  I 09222026 0659 01
   12545  I 09222026 0659 01
   01483  I 09222026 0659 02
   10116  O 09222026 0700 12
   10333  O 09222026 0700 07
   12254  O 09222026 0700 11
   11169  O 09222026 0700 08
   12451  I 09222026 0700 02
   12926  I 09222026 0700 01
   10127  O 09222026 0700 12
   12146  O 09222026 0700 03
   12080  O 09222026 0700 07
   10469  O 09222026 0700 04
   12496  O 09222026 0700 14
   12620  O 09222026 0700 11
   10825  O 09222026 0700 07
   11693  O 09222026 0700 08
   12757  O 09222026 0700 12
   03078  I 09222026 0700 01
   12576  O 09222026 0700 04
   11266  O 09222026 0700 11
   12383  O 09222026 0700 03
   11694  O 09222026 0700 08
   03012  O 09222026 0700 07
   12627  O 09222026 0700 12
   11774  O 09222026 0700 04
   12409  O 09222026 0700 11
   12501  O 09222026 0700 08
   12712  O 09222026 0700 07
   10100  O 09222026 0700 08
   12901  O 09222026 0700 12
   12094  O 09222026 0700 11
   11167  O 09222026 0700 03
   12827  I 09222026 0700 01
   12672  O 09222026 0700 04
   10720  O 09222026 0700 07
   01487  O 09222026 0700 03
   01405  O 09222026 0700 04
   12475  O 09222026 0700 07
   12727  O 09222026 0700 11
   12467  O 09222026 0700 12
   12647  O 09222026 0700 03
   10017  O 09222026 0700 08
   12135  O 09222026 0700 04
   11402  I 09222026 0700 05
   10787  O 09222026 0700 07
   12625  O 09222026 0700 08
   10221  O 09222026 0700 04
   12740  O 09222026 0700 03
   11248  O 09222026 0700 11
   12663  I 09222026 0700 06
   12098  O 09222026 0700 07
   12275  O 09222026 0700 08
   12064  O 09222026 0700 04
   12677  O 09222026 0700 07
   11787  I 09222026 0700 06
   01475  O 09222026 0700 03
   01306  O 09222026 0700 12
   12820  O 09222026 0700 14
   10405  I 09222026 0700 02
   10291  O 09222026 0700 08
   12657  I 09222026 0700 06
   12967  O 09222026 0700 11
   01319  O 09222026 0701 04
   12698  O 09222026 0701 03
   10385  O 09222026 0701 07
   12096  I 09222026 0701 01
   01446  I 09222026 0701 06
   10383  I 09222026 0701 02
   12489  O 09222026 0701 14
   03047  O 09222026 0701 07
   01330  O 09222026 0701 04
   12248  O 09222026 0701 03
   12185  O 09222026 0701 11
   10133  O 09222026 0701 12
   12877  I 09222026 0701 01
   01296  O 09222026 0701 14
   12601  O 09222026 0701 04
   10369  O 09222026 0701 12
   03119  O 09222026 0701 11
   12502  O 09222026 0701 03
   03112  O 09222026 0701 07
   12828  I 09222026 0701 02
   12499  O 09222026 0701 04
   10658  O 09222026 0701 14
   11355  I 09222026 0701 01
   10202  O 09222026 0701 07
   10807  O 09222026 0701 03
   10264  O 09222026 0701 12
   10083  O 09222026 0701 08
   12337  I 09222026 0701 01
   10706  O 09222026 0701 14
   01448  O 09222026 0701 04
   12125  I 09222026 0701 02
   10581  O 09222026 0701 07
   12370  O 09222026 0701 11
   12356  O 09222026 0701 03
   01320  O 09222026 0701 12
   12742  I 09222026 0701 01
   12624  O 09222026 0701 04
   11537  O 09222026 0701 08
   10589  O 09222026 0701 07
   12217  I 09222026 0701 02
   12539  O 09222026 0701 12
   10617  O 09222026 0701 08
   10456  O 09222026 0701 07
   12555  O 09222026 0701 11
   12609  O 09222026 0701 08
   10176  O 09222026 0701 04
   12557  O 09222026 0701 07
   10574  I 09222026 0701 05
   12392  O 09222026 0701 03
   12664  O 09222026 0701 08
   03182  O 09222026 0701 07
   12266  O 09222026 0701 03
   01341  O 09222026 0701 04
   12813  O 09222026 0701 08
   12325  O 09222026 0701 11
   12888  O 09222026 0701 07
   12577  I 09222026 0701 01
   10148  O 09222026 0702 08
   11522  I 09222026 0702 02
   10071  O 09222026 0702 11
   10605  O 09222026 0702 07
   11776  I 09222026 0702 01
   11936  O 09222026 0702 08
   12711  O 09222026 0702 07
   11646  O 09222026 0702 12
   03035  O 09222026 0702 11
   10669  O 09222026 0702 03
   12069  O 09222026 0702 08
   12247  O 09222026 0702 11
   03136  O 09222026 0702 03
   11937  I 09222026 0702 01
   12188  O 09222026 0702 12
   10697  O 09222026 0702 11
   10169  I 09222026 0702 02
   01470  I 09222026 0702 05
   10794  O 09222026 0702 08
   10285  O 09222026 0702 07
   10831  O 09222026 0702 12
   01351  I 09222026 0702 06
   12819  I 09222026 0702 01
   10378  O 09222026 0702 04
   10231  O 09222026 0702 03
   12710  O 09222026 0702 07
   12679  O 09222026 0702 12
   12763  O 09222026 0702 04
   12500  O 09222026 0702 03
   10384  O 09222026 0702 08
   12629  I 09222026 0702 01
   11534  I 09222026 0702 02
   12676  O 09222026 0702 11
   10640  O 09222026 0702 03
   03088  O 09222026 0702 03
   12640  I 09222026 0702 05
   11519  I 09222026 0702 06
   12302  I 09222026 0702 01
   03068  O 09222026 0703 04
   12057  O 09222026 0703 03
   10712  I 09222026 0703 06
   11772  I 09222026 0703 02
   12667  I 09222026 0703 01
   03123  O 09222026 0703 11
   11221  I 09222026 0703 02
   10201  O 09222026 0703 04
   11687  O 09222026 0703 03
   12737  I 09222026 0703 01
   12721  O 09222026 0703 08
   12543  O 09222026 0703 04
   03170  O 09222026 0703 03
   12530  I 09222026 0703 01
   12097  I 09222026 0703 02
   11725  O 09222026 0703 03
   10700  I 09222026 0703 01
   12148  O 09222026 0703 04
   10705  I 09222026 0704 02
   12354  O 09222026 0704 07
   10356  O 09222026 0704 08
   12701  O 09222026 0704 03
   10490  O 09222026 0704 12
   12764  I 09222026 0704 06
   12582  O 09222026 0704 07
   12074  O 09222026 0704 04
   12780  O 09222026 0704 11
   12472  O 09222026 0704 11
   03161  O 09222026 0704 03
   10145  I 09222026 0704 01
   12687  O 09222026 0704 07
   12722  I 09222026 0704 02
   12829  O 09222026 0704 03
   12874  O 09222026 0704 04
   12631  O 09222026 0704 12
   01295  O 09222026 0704 07
   12853  O 09222026 0704 12
   10144  O 09222026 0704 07
   11388  O 09222026 0705 08
   12886  O 09222026 0705 04
   12948  O 09222026 0705 03
   10055  I 09222026 0705 01
   12897  O 09222026 0705 03
   10608  I 09222026 0705 01
   12662  O 09222026 0705 04
   12412  O 09222026 0705 07
   12791  O 09222026 0705 03
   12760  O 09222026 0705 04
   11943  I 09222026 0705 05
   12761  O 09222026 0705 04
   12856  O 09222026 0705 03
   12611  O 09222026 0705 04
   11647  O 09222026 0705 07
   12825  O 09222026 0705 03
   11780  I 09222026 0705 01
   12783  O 09222026 0705 12
   12488  O 09222026 0705 11
   12861  O 09222026 0705 12
   12458  O 09222026 0705 03
   10350  I 09222026 0705 01
   12949  O 09222026 0706 04
   12844  O 09222026 0706 03
   12072  O 09222026 0706 04
   12762  O 09222026 0706 03
   11779  O 09222026 0706 04
   03101  I 09222026 0706 02
   12623  I 09222026 0706 01
   12415  O 09222026 0706 12
   12798  I 09222026 0706 02
   10843  O 09222026 0706 08
   12371  O 09222026 0706 08
   12503  I 09222026 0706 06
   11495  O 09222026 0706 04
   03062  I 09222026 0706 05
   01499  O 09222026 0706 08
   03062  O 09222026 0706 07
   12717  I 09222026 0706 06
   03176  O 09222026 0707 03
   12631  I 09222026 0707 05
   12631  O 09222026 0707 07
   12147  I 09222026 0707 02
   12462  O 09222026 0707 08
   12199  I 09222026 0707 01
   12487  O 09222026 0707 07
   11400  O 09222026 0707 12
   12732  O 09222026 0707 12
   12131  O 09222026 0707 04
   01369  I 09222026 0707 01
   12584  O 09222026 0707 12
   01459  O 09222026 0707 12
   12183  O 09222026 0707 14
   10245  O 09222026 0708 03
   12329  O 09222026 0708 04
   03032  I 09222026 0708 02
   03085  O 09222026 0708 08
   12887  O 09222026 0708 03
   12843  O 09222026 0708 04
   12930  O 09222026 0708 04
   12944  O 09222026 0708 03
   12818  I 09222026 0709 01
   12666  O 09222026 0709 04
   12569  O 09222026 0709 12
   12110  O 09222026 0709 12
   01452  O 09222026 0709 04
   12189  O 09222026 0709 12
   12497  O 09222026 0710 04
   01432  O 09222026 0710 08
   12417  O 09222026 0710 03
   11652  O 09222026 0711 04
   12706  O 09222026 0711 11
   12021  O 09222026 0711 14
   11935  O 09222026 0711 14
   12793  O 09222026 0711 07
   10606  O 09222026 0712 04
   01365  O 09222026 0712 08
   03124  O 09222026 0712 08
   12463  O 09222026 0712 12
   01276  O 09222026 0712 03
   12832  O 09222026 0712 04
   12951  O 09222026 0713 03
   12373  O 09222026 0713 04
   10849  O 09222026 0713 03
   12372  O 09222026 0714 03
   10200  O 09222026 0715 11
   01425  O 09222026 0715 11
   12088  O 09222026 0717 12
   01449  O 09222026 0724 08
   12947  O 09222026 0724 03
   01249  O 09222026 0726 12
   12546  O 09222026 0730 12
   01456  O 09222026 0734 04
   12136  O 09222026 0736 03
   01468  O 09222026 0749 12
   03105  I 09222026 0808 01
   01512  O 09222026 0818 12
   12230  I 09222026 0820 05
   12474  I 09222026 0835 05
   12725  I 09222026 1007 01
   10306  I 09222026 1014 02
   12375  I 09222026 1052 01
   03098  I 09222026 1245 05
   12457  I 09222026 1251 05
   01312  I 09222026 1309 05
   12822  I 09222026 1310 05
   09704  I 09222026 1315 06
   01402  I 09222026 1320 06
   03172  I 09222026 1320 05
   03172  O 09222026 1320 07
   03172  I 09222026 1320 05
   12688  I 09222026 1323 06
   03039  I 09222026 1324 05
   12260  I 09222026 1328 05
   12256  I 09222026 1331 05
   03177  I 09222026 1334 01
   10663  I 09222026 1334 05
   10787  I 09222026 1335 06
   10070  I 09222026 1343 05
   12890  I 09222026 1349 05
   12628  I 09222026 1351 05
   03018  I 09222026 1352 05
   10021  I 09222026 1353 05
   01357  I 09222026 1353 06
   03026  I 09222026 1355 01
   10795  I 09222026 1359 06
   12475  I 09222026 1400 06
   12396  I 09222026 1400 02
   01335  I 09222026 1401 05
   03135  I 09222026 1401 01
   12785  I 09222026 1402 01
   12544  I 09222026 1402 06
   01423  I 09222026 1403 06
   12677  I 09222026 1404 05
   12058  I 09222026 1404 01
   12922  I 09222026 1405 01
   03167  I 09222026 1406 05
   11933  I 09222026 1406 01
   12246  I 09222026 1406 05
   12965  I 09222026 1406 02
   12808  I 09222026 1409 05
   12307  I 09222026 1409 06
   01425  I 09222026 1410 06
   03179  I 09222026 1411 05
   11935  I 09222026 1411 06
   01333  I 09222026 1412 05
   12927  I 09222026 1413 01
   12800  I 09222026 1413 02
   10358  I 09222026 1414 05
   12920  I 09222026 1417 01
   12802  I 09222026 1417 02
   12847  I 09222026 1421 02
   12149  I 09222026 1423 05
   12289  I 09222026 1423 06
   03010  I 09222026 1423 05
   11223  I 09222026 1423 06
   11777  I 09222026 1423 05
   03118  I 09222026 1424 05
   12241  I 09222026 1424 02
   12185  I 09222026 1425 02
   01417  I 09222026 1427 06
   01382  I 09222026 1427 05
   11942  I 09222026 1427 06
   01325  I 09222026 1427 01
   12786  I 09222026 1427 02
   12115  I 09222026 1427 01
   10839  I 09222026 1427 06
   10091  I 09222026 1428 05
   10831  I 09222026 1429 06
   12390  I 09222026 1429 02
   10291  I 09222026 1430 06
   10765  I 09222026 1430 06
   12873  I 09222026 1430 01
   12814  I 09222026 1431 02
   12594  I 09222026 1431 06
   03112  I 09222026 1432 06
   10522  I 09222026 1432 06
   12674  I 09222026 1432 06
   12651  I 09222026 1432 02
   12826  I 09222026 1432 01
   12020  I 09222026 1433 06
   11400  I 09222026 1433 05
   12754  I 09222026 1433 05
   10386  I 09222026 1434 02
   12888  I 09222026 1435 06
   12130  I 09222026 1435 02
   12440  I 09222026 1435 05
   10333  I 09222026 1436 05
   11926  I 09222026 1436 05
   12540  I 09222026 1436 05
   01433  I 09222026 1436 06
   01510  I 09222026 1436 02
   11688  I 09222026 1436 01
   12055  I 09222026 1436 01
   12343  I 09222026 1437 06
   12074  I 09222026 1437 02
   10698  I 09222026 1437 05
   12473  I 09222026 1437 06
   12871  I 09222026 1438 06
   10585  I 09222026 1438 02
   09676  I 09222026 1438 02
   12259  I 09222026 1439 06
   11222  I 09222026 1439 02
   12851  I 09222026 1439 05
   10373  I 09222026 1439 02
   12306  I 09222026 1440 05
   10612  I 09222026 1440 06
   12615  I 09222026 1440 05
   12472  I 09222026 1440 06
   12183  I 09222026 1440 06
   12743  I 09222026 1440 05
   12661  I 09222026 1441 05
   12815  I 09222026 1441 06
   10467  I 09222026 1442 01
   03108  I 09222026 1442 09
   12186  I 09222026 1443 06
   10811  I 09222026 1443 05
   12622  I 09222026 1443 01
   10222  I 09222026 1443 06
   12069  I 09222026 1443 06
   12694  I 09222026 1443 02
   12568  I 09222026 1443 06
   12334  I 09222026 1444 02
   01511  I 09222026 1444 02
   11404  I 09222026 1445 06
   12269  I 09222026 1445 05
   01422  I 09222026 1445 01
   12804  I 09222026 1445 01
   03102  I 09222026 1445 01
   12862  I 09222026 1445 05
   12689  I 09222026 1446 06
   11398  I 09222026 1446 06
   10780  I 09222026 1446 05
   12630  I 09222026 1446 02
   12852  I 09222026 1446 06
   10086  I 09222026 1447 05
   12601  I 09222026 1447 02
   03059  I 09222026 1447 05
   10094  I 09222026 1447 02
   09833  I 09222026 1447 05
   12854  I 09222026 1447 06
   12088  I 09222026 1447 05
   12538  I 09222026 1448 02
   01477  I 09222026 1448 05
   01479  I 09222026 1449 06
   03030  I 09222026 1450 02
   10785  I 09222026 1451 06
   10788  I 09222026 1451 06
   10046  I 09222026 1451 01
   11774  I 09222026 1453 02
   12652  I 09222026 1453 02
   12904  I 09222026 1453 02
   12204  I 09222026 1455 01
   12736  I 09222026 1455 05
   03126  I 09222026 1455 06
   12021  I 09222026 1456 02
   01379  I 09222026 1456 02
   01405  I 09222026 1456 01
   12710  I 09222026 1457 06
   12133  I 09222026 1457 01
   12841  I 09222026 1458 01
   12357  I 09222026 1458 02
   12861  I 09222026 1459 06
   12741  I 09222026 1459 02
   12456  I 09222026 1459 01
   10505  I 09222026 1500 02
   12553  O 09222026 1500 12
   10809  O 09222026 1500 03
   12869  O 09222026 1500 07
   10318  O 09222026 1500 04
   01470  O 09222026 1500 08
   12532  O 09222026 1500 11
   12726  O 09222026 1500 07
   10243  O 09222026 1500 03
   12807  O 09222026 1500 12
   12692  O 09222026 1500 04
   12461  O 09222026 1500 11
   10700  O 09222026 1500 08
   12298  O 09222026 1500 14
   12668  O 09222026 1500 03
   11607  O 09222026 1500 12
   10728  O 09222026 1500 07
   10678  O 09222026 1500 04
   11498  O 09222026 1500 11
   12612  O 09222026 1500 03
   12059  I 09222026 1500 01
   03037  O 09222026 1500 08
   12849  O 09222026 1500 07
   12903  O 09222026 1500 03
   12485  O 09222026 1500 12
   12578  O 09222026 1500 07
   12236  O 09222026 1500 08
   12113  I 09222026 1500 01
   12823  O 09222026 1500 03
   12872  O 09222026 1500 04
   03053  O 09222026 1500 07
   11879  O 09222026 1500 11
   12718  O 09222026 1500 04
   12598  O 09222026 1500 12
   11392  I 09222026 1500 06
   12824  O 09222026 1500 03
   12678  O 09222026 1500 11
   01344  O 09222026 1500 07
   10726  O 09222026 1500 03
   12090  O 09222026 1500 08
   12397  O 09222026 1500 04
   12759  O 09222026 1500 04
   12840  O 09222026 1500 11
   12217  O 09222026 1500 03
   10383  O 09222026 1500 11
   12950  O 09222026 1500 03
   12924  O 09222026 1501 04
   11267  O 09222026 1501 12
   11408  O 09222026 1501 03
   12961  O 09222026 1501 12
   01504  O 09222026 1501 04
   12928  O 09222026 1501 03
   10261  O 09222026 1501 12
   10145  O 09222026 1501 03
   12938  O 09222026 1501 07
   11534  O 09222026 1501 08
   03148  O 09222026 1501 03
   12846  O 09222026 1501 11
   01317  O 09222026 1501 12
   12946  O 09222026 1501 12
   12238  O 09222026 1501 11
   12337  O 09222026 1501 03
   12812  O 09222026 1501 07
   12369  O 09222026 1501 12
   12081  O 09222026 1501 08
   12724  O 09222026 1501 11
   12293  O 09222026 1501 07
   12809  O 09222026 1501 12
   12222  O 09222026 1501 08
   12682  O 09222026 1501 12
   01351  O 09222026 1501 07
   11286  O 09222026 1501 03
   12716  O 09222026 1501 08
   01436  O 09222026 1501 07
   10523  O 09222026 1501 03
   12474  O 09222026 1501 08
   12082  O 09222026 1502 07
   12530  O 09222026 1502 04
   11780  O 09222026 1502 03
   12122  O 09222026 1502 08
   10766  O 09222026 1502 07
   12374  O 09222026 1502 03
   10754  O 09222026 1502 14
   12818  O 09222026 1502 04
   12416  O 09222026 1502 07
   11519  O 09222026 1502 12
   12142  O 09222026 1502 08
   12085  O 09222026 1502 03
   12663  O 09222026 1502 11
   12667  O 09222026 1502 04
   03122  O 09222026 1502 07
   12255  O 09222026 1502 08
   10050  O 09222026 1502 04
   01339  O 09222026 1502 12
   12629  O 09222026 1502 07
   10357  O 09222026 1502 08
   12722  O 09222026 1502 07
   11789  I 09222026 1502 01
   12805  O 09222026 1502 08
   11166  O 09222026 1502 04
   10775  O 09222026 1502 07
   10641  O 09222026 1502 08
   03168  O 09222026 1502 07
   12244  O 09222026 1502 07
   12699  O 09222026 1502 03
   12640  O 09222026 1502 08
   12642  O 09222026 1502 12
   12093  O 09222026 1502 11
   12614  O 09222026 1502 03
   10642  O 09222026 1503 08
   01446  O 09222026 1503 07
   11776  O 09222026 1503 08
   01232  O 09222026 1503 11
   10223  O 09222026 1503 07
   12650  O 09222026 1503 12
   12351  O 09222026 1503 08
   12957  O 09222026 1503 03
   03078  O 09222026 1503 07
   12249  O 09222026 1503 12
   01302  O 09222026 1503 08
   11940  O 09222026 1503 07
   12758  O 09222026 1503 03
   12962  O 09222026 1503 03
   12799  I 09222026 1503 01
   11538  O 09222026 1503 07
   01231  O 09222026 1503 08
   12558  O 09222026 1503 07
   11719  I 09222026 1503 02
   12874  I 09222026 1503 01
   01483  O 09222026 1503 08
   10607  O 09222026 1503 03
   10146  O 09222026 1503 07
   03027  O 09222026 1503 11
   12206  O 09222026 1503 04
   12886  I 09222026 1503 01
   10827  O 09222026 1503 04
   12653  O 09222026 1503 12
   12147  O 09222026 1503 04
   12112  I 09222026 1504 01
   12731  O 09222026 1504 11
   12355  O 09222026 1504 03
   10350  O 09222026 1504 12
   12205  O 09222026 1504 04
   12810  O 09222026 1504 11
   11767  O 09222026 1504 11
   10724  I 09222026 1504 02
   12138  O 09222026 1504 03
   12221  O 09222026 1504 11
   12898  O 09222026 1504 03
   12863  O 09222026 1504 04
   03058  O 09222026 1504 07
   10808  O 09222026 1504 08
   03105  O 09222026 1505 03
   03032  O 09222026 1505 07
   03017  O 09222026 1505 11
   12503  O 09222026 1505 07
   12096  O 09222026 1505 04
   12237  O 09222026 1505 07
   01356  O 09222026 1505 03
   10240  O 09222026 1505 08
   12755  O 09222026 1506 03
   12359  O 09222026 1506 12
   12353  O 09222026 1506 07
   12889  O 09222026 1506 03
   12476  O 09222026 1506 04
   12827  O 09222026 1506 03
   10405  O 09222026 1506 11
   12413  O 09222026 1506 07
   12489  I 09222026 1506 02
   11390  O 09222026 1506 08
   11928  O 09222026 1506 08
   01495  O 09222026 1506 12
   10817  O 09222026 1507 03
   10054  O 09222026 1507 04
   10847  O 09222026 1507 11
   10604  O 09222026 1507 03
   12855  O 09222026 1508 03
   12545  O 09222026 1508 03
   10219  O 09222026 1508 08
   12926  O 09222026 1508 04
   12577  O 09222026 1508 12
   10407  O 09222026 1508 11
   12376  O 09222026 1508 12
   01369  O 09222026 1508 03
   12349  O 09222026 1508 04
   03153  O 09222026 1509 11
   11726  O 09222026 1509 03
   11402  O 09222026 1509 12
   12184  O 09222026 1510 14
   12738  O 09222026 1510 03
   12833  O 09222026 1510 12
   12929  O 09222026 1510 03
   01374  O 09222026 1510 04
   10791  O 09222026 1510 07
   03007  O 09222026 1510 11
   10675  O 09222026 1510 03
   12575  O 09222026 1510 07
   12963  O 09222026 1510 04
   01345  O 09222026 1510 07
   11772  O 09222026 1511 08
   12595  O 09222026 1511 12
   01367  O 09222026 1511 07
   12302  O 09222026 1511 07
   10425  O 09222026 1513 03
   01454  O 09222026 1513 08
   10224  O 09222026 1516 07
   10026  O 09222026 1516 08
   12199  O 09222026 1516 03
   03152  O 09222026 1516 04
   10673  O 09222026 1517 07
   03103  O 09222026 1517 04
   12610  O 09222026 1517 12
   12858  O 09222026 1518 07
   10786  O 09222026 1518 08
   01428  O 09222026 1519 07
   12720  O 09222026 1519 08
   10705  O 09222026 1520 11
   12945  O 09222026 1521 12
   10140  O 09222026 1523 07
   01413  O 09222026 1526 12
   10135  O 09222026 1530 12
   12919  O 09222026 1534 07
   01373  O 09222026 1545 08
   11387  O 09222026 1545 07
   01355  O 09222026 1600 03
   12531  I 09222026 1601 01
   10608  O 09222026 1645 12
   12657  O 09222026 1700 03
   12669  O 09222026 1700 07
   12451  O 09222026 1700 04
   12291  O 09222026 1700 03
   10796  O 09222026 1701 04
   10841  O 09222026 1701 14
   10588  O 09222026 1701 12
   12717  O 09222026 1702 14
   11355  O 09222026 1703 08
   12764  O 09222026 1703 07
   12230  O 09222026 1703 07
   10449  O 09222026 1703 08
   01415  O 09222026 1703 14
   10055  O 09222026 1705 14
   10466  O 09222026 1707 11
   11943  O 09222026 1711 03
   10712  O 09222026 1712 11
   11493  O 09222026 1734 14
   11693  I 09222026 1752 05
   12191  O 09222026 1800 03
   12439  O 09222026 1800 04
   03104  O 09222026 1802 14
   12305  O 09222026 1802 08
   03101  O 09222026 1803 04
   03061  O 09222026 1808 11
   12845  I 09222026 1810 06
   11784  O 09222026 1810 14
   12632  O 09222026 1811 12
   12576  I 09222026 1818 06
   10199  O 09222026 1819 12
   01487  I 09222026 1819 02
   12737  O 09222026 1820 12
   12187  O 09222026 1822 12
   12341  O 09222026 1823 11
   11863  O 09222026 1825 12
   03123  I 09222026 1827 06
   12647  I 09222026 1830 01
   12627  I 09222026 1837 05
   12672  I 09222026 1838 01
   12569  I 09222026 1839 05
   12131  I 09222026 1840 02
   01452  I 09222026 1840 01
   12502  I 09222026 1841 06
   12356  I 09222026 1844 02
   12501  I 09222026 1844 06
   10369  I 09222026 1847 06
   12415  I 09222026 1849 06
   12189  I 09222026 1851 02
   03088  I 09222026 1851 01
   12463  I 09222026 1852 05
   12829  I 09222026 1852 02
   12248  I 09222026 1853 02
   12098  I 09222026 1854 01
   12732  I 09222026 1857 10
   12125  O 09222026 1900 11
   10309  O 09222026 1900 12
   12700  O 09222026 1900 03
   12066  O 09222026 1900 11
   12673  O 09222026 1900 12
   12828  O 09222026 1900 04
   12317  O 09222026 1900 03
   12693  O 09222026 1900 03
   12208  O 09222026 1900 12
   10232  O 09222026 1900 03
   11848  O 09222026 1900 12
   12128  O 09222026 1900 11
   12624  I 09222026 1900 02
   10573  O 09222026 1900 04
   10169  O 09222026 1900 12
   11221  O 09222026 1900 03
   12350  O 09222026 1901 03
   12538  O 09222026 1901 04
   12097  O 09222026 1901 08
   10234  O 09222026 1901 04
   10759  O 09222026 1901 08
   11690  O 09222026 1901 07
   12790  O 09222026 1901 03
   12877  O 09222026 1901 04
   12742  O 09222026 1902 03
   12084  O 09222026 1903 03
   12486  O 09222026 1903 12
   10576  O 09222026 1904 03
   12623  O 09222026 1905 03
   10574  O 09222026 1908 07
   11522  O 09222026 1957 04
   12799  O 09222026 2102 04
   01459  I 09222026 2104 05
   11646  I 09222026 2108 06
   03068  I 09222026 2112 05
   12497  I 09222026 2124 01
   12679  I 09222026 2125 05
   03062  I 09222026 2126 05
   10202  I 09222026 2129 06
   10127  I 09222026 2141 06
   12267  I 09222026 2147 05
   10849  I 09222026 2147 01
   12392  I 09222026 2149 05
   01306  I 09222026 2151 02
   01468  I 09222026 2152 05
   10184  I 09222026 2155 06
   12080  I 09222026 2155 05
   10807  I 09222026 2159 01
   10221  I 09222026 2203 02
   12584  I 09222026 2204 05
   12136  I 09222026 2204 01
   10201  I 09222026 2206 02
   03170  I 09222026 2206 01
   10720  I 09222026 2206 06
   12791  I 09222026 2207 01
   10083  I 09222026 2207 06
   12832  I 09222026 2207 05
   12887  I 09222026 2209 05
   12664  I 09222026 2210 06
   12897  I 09222026 2213 01
   11167  I 09222026 2214 01
   03035  I 09222026 2214 05
   10100  I 09222026 2214 06
   12947  I 09222026 2214 02
   11266  I 09222026 2215 05
   12760  I 09222026 2215 01
   12620  I 09222026 2216 05
   12825  I 09222026 2216 01
   01475  I 09222026 2217 01
   12948  I 09222026 2218 01
   12844  I 09222026 2218 02
   12856  I 09222026 2218 01
   12967  I 09222026 2218 06
   10706  I 09222026 2218 05
   11647  I 09222026 2218 05
   10200  I 09222026 2220 05
   11169  I 09222026 2220 06
   01295  I 09222026 2221 05
   12780  I 09222026 2221 06
   12712  I 09222026 2221 06
   01449  I 09222026 2222 02
   01432  I 09222026 2223 05
   03047  I 09222026 2223 06
   01249  I 09222026 2223 05
   12094  I 09222026 2223 05
   12072  I 09222026 2223 01
   01330  I 09222026 2223 06
   10456  I 09222026 2224 05
   10231  I 09222026 2224 01
   10605  I 09222026 2226 05
   11936  I 09222026 2226 06
   03176  I 09222026 2226 05
   12110  I 09222026 2226 01
   12813  I 09222026 2227 06
   03012  I 09222026 2227 05
   12949  I 09222026 2228 02
   12783  I 09222026 2228 05
   12625  I 09222026 2229 06
   12354  I 09222026 2230 05
   12793  I 09222026 2230 01
   12458  I 09222026 2230 01
   12057  I 09222026 2230 02
   03119  I 09222026 2230 06
   12676  I 09222026 2230 05
   12727  I 09222026 2231 06
   12266  I 09222026 2231 02
   12762  I 09222026 2231 01
   12711  I 09222026 2231 06
   12757  I 09222026 2231 06
   10116  I 09222026 2231 05
   10606  I 09222026 2233 01
   12543  I 09222026 2233 05
   10697  I 09222026 2234 05
   12763  I 09222026 2234 05
   12247  I 09222026 2234 06
   12761  I 09222026 2234 02
   12662  I 09222026 2235 02
   12944  I 09222026 2235 01
   01320  I 09222026 2235 06
   01499  I 09222026 2235 06
   10825  I 09222026 2235 06
   12496  I 09222026 2235 06
   12539  I 09222026 2236 06
   10669  I 09222026 2236 02
   12555  I 09222026 2236 05
   10144  I 09222026 2236 05
   12951  I 09222026 2236 01
   10264  I 09222026 2237 06
   10581  I 09222026 2237 05
   12135  I 09222026 2237 01
   10617  I 09222026 2237 05
   10017  I 09222026 2237 06
   12701  I 09222026 2237 01
   10285  I 09222026 2238 06
   12383  I 09222026 2239 02
   10384  I 09222026 2239 05
   03085  I 09222026 2239 06
   12146  I 09222026 2239 01
   12930  I 09222026 2239 01
   12064  I 09222026 2240 02
   12329  I 09222026 2240 01
   11248  I 09222026 2240 06
   12487  I 09222026 2240 05
   11694  I 09222026 2240 06
   10356  I 09222026 2241 05
   12409  I 09222026 2241 06
   10385  I 09222026 2241 05
   12853  I 09222026 2241 06
   12843  I 09222026 2241 02
   01276  I 09222026 2242 01
   10490  I 09222026 2242 06
   10794  I 09222026 2242 06
   12462  I 09222026 2242 05
   12372  I 09222026 2242 02
   12609  I 09222026 2243 05
   12275  I 09222026 2244 05
   10658  I 09222026 2244 05
   11495  I 09222026 2244 02
   11687  I 09222026 2245 01
   12721  I 09222026 2246 02
   12557  I 09222026 2246 01
   01296  I 09222026 2246 13
   12067  I 09222026 2246 13
   12740  I 09222026 2247 02
   12698  I 09222026 2247 02
   12499  I 09222026 2247 01
   12546  I 09222026 2247 05
   12901  I 09222026 2248 06
   12370  I 09222026 2248 06
   03124  I 09222026 2249 02
   11779  I 09222026 2249 01
   10133  I 09222026 2249 10
   12730  I 09222026 2250 06
   12556  I 09222026 2250 01
   10469  I 09222026 2250 02
   01456  I 09222026 2250 06
   12373  I 09222026 2250 02
   01448  I 09222026 2250 01
   01365  I 09222026 2251 05
   01471  I 09222026 2251 05
   12666  I 09222026 2251 01
   12412  I 09222026 2251 06
   12488  I 09222026 2252 05
   12325  I 09222026 2253 01
   10071  I 09222026 2254 06
   12471  I 09222026 2254 02
   01327  I 09222026 2254 01
   12188  I 09222026 2254 05
   12371  I 09222026 2254 06
   10148  I 09222026 2255 05
   10696  I 09222026 2256 01
   11652  I 09222026 2256 01
   11537  I 09222026 2256 06
   10589  I 09222026 2256 05
   12820  I 09222026 2257 06
   03136  I 09222026 2257 01
   01512  I 09222026 2257 02
   10640  I 09222026 2257 01
   11650  I 09222026 2257 01
   10245  I 09222026 2258 01
   12582  I 09222026 2258 06
   12687  I 09222026 2258 06
   12611  I 09222026 2258 01
   12417  I 09222026 2259 06
   10333  O 09222026 2300 07
   03167  O 09222026 2300 08
   10021  O 09222026 2300 11
   10386  O 09222026 2300 03
   12260  O 09222026 2300 12
   12601  O 09222026 2300 04
   12149  O 09222026 2300 08
   01335  O 09222026 2300 07
   12710  O 09222026 2300 11
   12357  O 09222026 2300 03
   12307  O 09222026 2300 12
   10780  O 09222026 2300 04
   11223  O 09222026 2300 08
   10839  O 09222026 2300 07
   12821  O 09222026 2300 11
   12130  O 09222026 2300 03
   01481  O 09222026 2300 08
   03059  O 09222026 2300 07
   12299  O 09222026 2300 11
   12339  O 09222026 2300 12
   11725  I 09222026 2300 01
   12531  O 09222026 2300 03
   12894  O 09222026 2300 12
   10500  O 09222026 2300 07
   01357  O 09222026 2300 08
   03177  O 09222026 2300 04
   12055  O 09222026 2300 03
   12890  O 09222026 2300 08
   11496  O 09222026 2300 07
   10358  O 09222026 2300 11
   12259  O 09222026 2300 04
   12133  O 09222026 2300 03
   10788  O 09222026 2300 08
   03018  O 09222026 2300 07
   03030  O 09222026 2300 14
   12396  O 09222026 2300 04
   12628  O 09222026 2300 11
   10787  O 09222026 2300 08
   10522  O 09222026 2300 07
   10785  O 09222026 2300 12
   12786  O 09222026 2300 03
   12847  O 09222026 2300 04
   03161  I 09222026 2300 01
   01405  O 09222026 2300 08
   12473  O 09222026 2300 14
   03112  O 09222026 2300 07
   10609  O 09222026 2300 12
   11724  O 09222026 2300 03
   12965  O 09222026 2300 04
   01402  O 09222026 2300 08
   10612  O 09222026 2300 14
   11392  O 09222026 2300 07
   10467  O 09222026 2300 03
   12814  O 09222026 2300 04
   12677  O 09222026 2301 07
   01325  O 09222026 2301 08
   01479  O 09222026 2301 04
   12058  O 09222026 2301 03
   12808  O 09222026 2301 07
   10831  O 09222026 2301 04
   12904  O 09222026 2301 04
   12852  O 09222026 2301 03
   12069  O 09222026 2301 11
   12234  O 09222026 2301 04
   12804  O 09222026 2301 03
   01417  O 09222026 2301 12
   10698  O 09222026 2301 04
   12375  O 09222026 2301 03
   12489  O 09222026 2301 14
   01423  O 09222026 2301 11
   12695  O 09222026 2301 04
   12568  O 09222026 2301 12
   10724  O 09222026 2301 03
   11400  O 09222026 2301 11
   12049  O 09222026 2301 14
   12798  O 09222026 2301 04
   10086  O 09222026 2301 07
   12694  O 09222026 2301 03
   12743  O 09222026 2301 08
   12306  O 09222026 2301 04
   12456  O 09222026 2301 03
   01425  O 09222026 2301 12
   12059  O 09222026 2301 03
   11605  O 09222026 2301 11
   12540  O 09222026 2301 03
   10222  O 09222026 2302 08
   10091  O 09222026 2302 07
   01333  O 09222026 2302 12
   12342  I 09222026 2302 10
   03120  O 09222026 2302 11
   12440  O 09222026 2302 07
   11765  O 09222026 2302 03
   12112  O 09222026 2302 12
   12342  O 09222026 2302 11
   12736  O 09222026 2302 04
   11942  O 09222026 2302 08
   12256  O 09222026 2302 12
   12725  O 09222026 2302 04
   11777  O 09222026 2302 08
   12615  O 09222026 2302 07
   12819  O 09222026 2302 11
   12816  O 09222026 2302 03
   10046  O 09222026 2302 03
   10505  O 09222026 2302 07
   12815  O 09222026 2302 08
   12661  O 09222026 2302 07
   10795  O 09222026 2302 08
   12457  O 09222026 2302 07
   12186  O 09222026 2302 08
   12670  O 09222026 2302 03
   12651  O 09222026 2302 11
   01433  O 09222026 2302 07
   12841  O 09222026 2302 04
   12871  O 09222026 2303 03
   10291  O 09222026 2303 08
   12862  O 09222026 2303 03
   12826  O 09222026 2303 04
   12113  O 09222026 2303 11
   12204  O 09222026 2303 04
   12622  O 09222026 2303 04
   12544  O 09222026 2303 11
   03126  O 09222026 2303 03
   09676  O 09222026 2303 04
   12873  O 09222026 2303 03
   12800  O 09222026 2303 03
   12785  O 09222026 2303 04
   01422  O 09222026 2303 07
   03098  O 09222026 2304 08
   12922  O 09222026 2304 03
   12920  O 09222026 2304 04
   12851  O 09222026 2304 12
   12802  O 09222026 2304 03
   03141  O 09222026 2304 12
   12822  O 09222026 2304 03
   12792  O 09222026 2304 04
   10811  O 09222026 2304 08
   10765  O 09222026 2304 07
   01379  O 09222026 2304 07
   11926  O 09222026 2304 11
   12689  O 09222026 2304 08
   12289  O 09222026 2304 07
   11719  O 09222026 2304 04
   11937  O 09222026 2304 08
   01510  O 09222026 2304 03
   12688  O 09222026 2304 07
   12706  I 09222026 2304 02
   01511  O 09222026 2304 03
   12630  O 09222026 2305 07
   10094  O 09222026 2305 03
   12343  O 09222026 2305 08
   11787  O 09222026 2305 07
   12674  O 09222026 2305 11
   03172  O 09222026 2305 08
   12886  O 09222026 2305 03
   12874  O 09222026 2305 04
   11688  O 09222026 2305 07
   03118  O 09222026 2305 08
   12269  O 09222026 2305 12
   12594  O 09222026 2306 11
   10378  I 09222026 2306 02
   11404  O 09222026 2306 12
   12074  O 09222026 2306 04
   03179  O 09222026 2306 12
   12927  O 09222026 2306 03
   01477  O 09222026 2306 11
   03010  O 09222026 2306 08
   12246  O 09222026 2306 03
   11398  O 09222026 2306 12
   01341  I 09222026 2306 01
   10306  O 09222026 2306 03
   12943  O 09222026 2306 03
   03026  O 09222026 2306 11
   11933  O 09222026 2307 04
   11388  I 09222026 2307 02
   03039  O 09222026 2308 08
   03108  O 09222026 2308 11
   12861  O 09222026 2308 12
   10585  O 09222026 2308 04
   12241  O 09222026 2309 04
   12390  O 09222026 2309 03
   12754  O 09222026 2309 07
   11789  O 09222026 2309 07
   12088  O 09222026 2310 12
   12741  O 09222026 2311 07
   09704  O 09222026 2311 08
   11250  O 09222026 2311 12
   10373  O 09222026 2316 07
   10073  O 09222026 2316 12
   12115  O 09222026 2319 11
   12334  O 09222026 2320 12
   01382  O 09222026 2321 08
   11946  O 09222026 2326 12
   10663  O 09222026 2329 08
   03135  O 09222026 2336 04
   12631  I 09222026 2337 06
   01312  O 09222026 2345 12
