   10608  O 09192026 0000 12
   01454  I 09192026 0454 01
   09823  I 09192026 0526 06
   12628  I 09192026 0539 05
   12089  I 09192026 0540 06
   12678  I 09192026 0540 06
   10202  I 09192026 0543 06
   10809  I 09192026 0555 05
   03007  I 09192026 0556 06
   12392  I 09192026 0556 05
   01339  I 09192026 0557 06
   12844  I 09192026 0559 02
   10287  I 09192026 0601 06
   12692  I 09192026 0601 02
   01231  I 09192026 0601 05
   03148  I 09192026 0602 02
   11848  I 09192026 0603 06
   12903  I 09192026 0603 01
   12632  I 09192026 0607 05
   12723  I 09192026 0607 06
   12644  I 09192026 0608 06
   12583  I 09192026 0609 06
   11493  I 09192026 0609 05
   10310  I 09192026 0609 06
   03029  I 09192026 0610 06
   01423  I 09192026 0610 05
   03119  I 09192026 0610 05
   12625  I 09192026 0611 05
   12965  I 09192026 0611 02
   12664  I 09192026 0611 06
   12192  I 09192026 0611 05
   10678  I 09192026 0611 02
   12668  I 09192026 0612 01
   10117  I 09192026 0612 05
   03170  I 09192026 0613 05
   10201  I 09192026 0613 02
   10083  I 09192026 0613 06
   12791  I 09192026 0614 01
   12497  I 09192026 0615 01
   12897  I 09192026 0615 01
   12947  I 09192026 0617 02
   11605  I 09192026 0617 05
   12291  I 09192026 0617 02
   12760  I 09192026 0617 01
   10736  I 09192026 0618 01
   11267  I 09192026 0618 01
   12645  I 09192026 0618 05
   12153  I 09192026 0618 02
   03173  I 09192026 0619 06
   12812  I 09192026 0619 05
   12461  I 09192026 0619 02
   10706  I 09192026 0620 05
   10456  I 09192026 0620 06
   10240  I 09192026 0620 06
   11945  I 09192026 0620 06
   12334  I 09192026 0620 02
   12948  I 09192026 0621 01
   12711  I 09192026 0621 06
   10807  I 09192026 0621 01
   12761  I 09192026 0621 01
   12856  I 09192026 0621 02
   10100  I 09192026 0621 06
   11936  I 09192026 0621 05
   11538  I 09192026 0621 05
   01449  I 09192026 0621 02
   12499  I 09192026 0622 01
   12637  I 09192026 0622 06
   12140  I 09192026 0622 06
   10073  I 09192026 0622 05
   12222  I 09192026 0623 06
   12831  I 09192026 0623 01
   12676  I 09192026 0624 05
   10841  I 09192026 0624 05
   01495  I 09192026 0624 05
   12712  I 09192026 0625 06
   12758  I 09192026 0625 01
   12780  I 09192026 0626 06
   10199  I 09192026 0627 05
   12267  I 09192026 0627 06
   12887  I 09192026 0627 01
   01266  I 09192026 0628 05
   12247  I 09192026 0628 05
   10697  I 09192026 0628 05
   01504  I 09192026 0630 02
   12833  I 09192026 0630 06
   12072  I 09192026 0630 01
   12762  I 09192026 0630 01
   12949  I 09192026 0630 02
   03061  I 09192026 0630 05
   12832  I 09192026 0632 01
   11940  I 09192026 0633 06
   01302  I 09192026 0633 06
   12731  I 09192026 0633 05
   01234  I 09192026 0634 01
   10054  I 09192026 0634 01
   12376  I 09192026 0634 02
   12851  I 09192026 0634 05
   12116  I 09192026 0634 06
   10425  I 09192026 0635 02
   12350  I 09192026 0635 01
   10827  I 09192026 0635 01
   10847  I 09192026 0635 05
   10184  I 09192026 0636 06
   11767  I 09192026 0636 05
   12813  I 09192026 0636 06
   12669  I 09192026 0636 05
   12945  I 09192026 0636 06
   10605  I 09192026 0636 05
   12066  I 09192026 0636 06
   12662  I 09192026 0636 02
   10047  I 09192026 0637 02
   10177  I 09192026 0637 05
   10017  I 09192026 0637 06
   03027  I 09192026 0637 05
   03077  I 09192026 0637 06
   11694  I 09192026 0637 05
   12930  I 09192026 0638 01
   12412  I 09192026 0638 06
   12128  I 09192026 0638 06
   12764  I 09192026 0638 05
   12729  I 09192026 0638 05
   12663  I 09192026 0638 06
   11402  I 09192026 0638 05
   12191  I 09192026 0639 01
   12756  I 09192026 0639 06
   01356  I 09192026 0639 01
   12084  I 09192026 0639 02
   10754  I 09192026 0639 06
   10357  I 09192026 0639 01
   01345  I 09192026 0639 06
   01333  I 09192026 0639 05
   11787  I 09192026 0639 06
   12472  I 09192026 0639 06
   12067  I 09192026 0640 05
   03078  I 09192026 0640 06
   11776  I 09192026 0640 06
   11863  I 09192026 0640 06
   12807  I 09192026 0641 06
   12142  I 09192026 0641 06
   03159  I 09192026 0641 09
   12056  I 09192026 0641 01
   11724  I 09192026 0641 01
   12356  I 09192026 0641 02
   12383  I 09192026 0641 01
   10759  I 09192026 0641 06
   10219  I 09192026 0641 05
   12020  I 09192026 0642 06
   11534  I 09192026 0642 06
   12416  I 09192026 0642 05
   03085  I 09192026 0642 05
   03168  I 09192026 0643 06
   12825  I 09192026 0643 01
   12647  I 09192026 0643 05
   12049  I 09192026 0643 06
   10449  I 09192026 0643 05
   10607  I 09192026 0643 01
   12138  I 09192026 0643 02
   10232  I 09192026 0643 01
   11387  I 09192026 0643 05
   01452  I 09192026 0643 02
   03123  I 09192026 0643 06
   12793  I 09192026 0644 01
   12598  I 09192026 0644 06
   12753  I 09192026 0644 05
   10285  I 09192026 0644 05
   10490  I 09192026 0644 06
   10050  I 09192026 0644 02
   11166  I 09192026 0644 01
   10794  I 09192026 0644 06
   10384  I 09192026 0644 05
   01499  I 09192026 0644 06
   10669  I 09192026 0644 01
   12439  I 09192026 0645 02
   12951  I 09192026 0645 01
   12763  I 09192026 0645 05
   12609  I 09192026 0645 06
   12716  I 09192026 0645 06
   12462  I 09192026 0645 01
   03120  I 09192026 0645 05
   10135  I 09192026 0645 06
   12827  I 09192026 0645 01
   12146  I 09192026 0646 01
   10786  I 09192026 0646 05
   03151  I 09192026 0646 02
   12843  I 09192026 0646 01
   11687  I 09192026 0646 01
   12557  I 09192026 0646 01
   12726  I 09192026 0646 05
   01432  I 09192026 0647 05
   12901  I 09192026 0647 06
   10598  I 09192026 0647 05
   10775  I 09192026 0647 06
   12359  I 09192026 0647 06
   11411  I 09192026 0648 02
   12693  I 09192026 0648 06
   12082  I 09192026 0648 05
   12123  I 09192026 0648 06
   10469  I 09192026 0649 02
   11780  I 09192026 0649 01
   03124  I 09192026 0649 02
   10830  I 09192026 0649 01
   12614  I 09192026 0649 02
   11495  I 09192026 0649 02
   10609  I 09192026 0649 05
   12543  I 09192026 0649 06
   12221  I 09192026 0649 09
   03001  I 09192026 0650 05
   12305  I 09192026 0650 06
   01374  I 09192026 0650 01
   12670  I 09192026 0650 02
   12373  I 09192026 0650 01
   01415  O 09192026 0650 07
   01510  I 09192026 0650 02
   01415  I 09192026 0650 05
   12577  I 09192026 0650 01
   12631  I 09192026 0650 06
   12665  I 09192026 0650 02
   12961  I 09192026 0651 06
   11168  I 09192026 0651 06
   12538  I 09192026 0651 02
   12474  I 09192026 0651 05
   12076  I 09192026 0651 01
   12805  I 09192026 0651 05
   11784  I 09192026 0651 06
   03161  I 09192026 0652 01
   12555  I 09192026 0652 05
   12578  I 09192026 0652 02
   12798  I 09192026 0652 02
   12372  I 09192026 0652 01
   01369  I 09192026 0652 01
   12374  I 09192026 0652 01
   03080  I 09192026 0653 02
   03058  I 09192026 0653 06
   01492  I 09192026 0653 06
   10245  I 09192026 0653 01
   12829  I 09192026 0653 02
   01232  I 09192026 0654 01
   11690  I 09192026 0654 06
   12757  I 09192026 0654 06
   01456  I 09192026 0654 06
   12488  I 09192026 0654 05
   12184  I 09192026 0654 06
   11408  I 09192026 0654 02
   03101  I 09192026 0654 01
   12341  I 09192026 0654 05
   12878  I 09192026 0654 01
   10588  I 09192026 0654 06
   12238  I 09192026 0655 01
   12451  I 09192026 0655 02
   12371  I 09192026 0655 05
   12699  O 09192026 0656 03
   12699  I 09192026 0656 02
   12853  I 09192026 0656 06
   12819  I 09192026 0656 02
   11943  I 09192026 0656 05
   12204  I 09192026 0656 02
   11496  I 09192026 0656 05
   01405  I 09192026 0656 01
   11537  I 09192026 0657 06
   12275  I 09192026 0657 06
   10407  I 09192026 0657 10
   12417  I 09192026 0657 06
   11519  I 09192026 0657 01
   12736  I 09192026 0657 06
   11355  I 09192026 0657 01
   11522  I 09192026 0658 02
   12125  I 09192026 0658 01
   10574  I 09192026 0658 05
   12230  I 09192026 0658 01
   03136  I 09192026 0658 01
   10611  I 09192026 0659 09
   11692  I 09192026 0659 01
   12149  O 09192026 0700 08
   11607  O 09192026 0700 12
   12357  O 09192026 0700 03
   12532  O 09192026 0700 11
   10333  O 09192026 0700 07
   10386  O 09192026 0700 04
   10658  O 09192026 0700 14
   12260  O 09192026 0700 12
   12130  O 09192026 0700 03
   10839  O 09192026 0700 08
   11879  O 09192026 0700 07
   12055  O 09192026 0700 04
   10127  O 09192026 0700 12
   12845  O 09192026 0700 11
   12496  O 09192026 0700 14
   11167  O 09192026 0700 03
   12700  O 09192026 0700 04
   12097  O 09192026 0700 08
   12471  O 09192026 0700 14
   12531  O 09192026 0700 03
   03167  O 09192026 0700 07
   12852  O 09192026 0700 12
   12672  O 09192026 0700 04
   10021  O 09192026 0700 11
   12080  O 09192026 0700 08
   12558  O 09192026 0700 03
   10705  I 09192026 0700 06
   11774  O 09192026 0700 04
   12473  O 09192026 0700 14
   12967  O 09192026 0700 12
   12307  O 09192026 0700 11
   11693  O 09192026 0700 07
   10825  O 09192026 0700 08
   12396  O 09192026 0700 03
   12576  O 09192026 0700 04
   12673  O 09192026 0700 12
   10070  O 09192026 0700 11
   12501  O 09192026 0700 07
   12657  I 09192026 0700 06
   10385  O 09192026 0700 03
   12259  O 09192026 0700 08
   12622  O 09192026 0700 04
   12098  O 09192026 0700 07
   12467  O 09192026 0700 12
   12821  O 09192026 0700 11
   01335  O 09192026 0700 08
   10055  I 09192026 0700 01
   12299  O 09192026 0700 11
   10795  O 09192026 0700 07
   12814  O 09192026 0700 04
   12847  O 09192026 0700 03
   12854  O 09192026 0700 12
   12710  O 09192026 0700 11
   10334  I 09192026 0700 02
   03059  O 09192026 0700 08
   03018  O 09192026 0700 07
   12369  I 09192026 0700 06
   12339  O 09192026 0700 11
   01319  O 09192026 0700 04
   01357  O 09192026 0700 08
   03030  O 09192026 0700 14
   12375  O 09192026 0700 12
   12694  I 09192026 0700 01
   12620  O 09192026 0700 07
   12786  O 09192026 0700 03
   12475  O 09192026 0700 11
   01402  O 09192026 0700 08
   10133  O 09192026 0700 12
   10696  I 09192026 0700 02
   10234  O 09192026 0700 04
   12164  I 09192026 0700 01
   12894  O 09192026 0701 11
   11392  O 09192026 0701 07
   12409  O 09192026 0701 12
   12824  O 09192026 0701 03
   12601  O 09192026 0701 04
   09704  O 09192026 0701 08
   10522  O 09192026 0701 07
   12627  O 09192026 0701 11
   12804  O 09192026 0701 03
   10383  O 09192026 0701 11
   10787  O 09192026 0701 08
   12904  O 09192026 0701 04
   12208  O 09192026 0701 12
   12612  O 09192026 0701 03
   12397  O 09192026 0701 04
   12094  O 09192026 0701 11
   10221  O 09192026 0701 03
   12718  O 09192026 0701 04
   10291  O 09192026 0701 08
   01471  O 09192026 0701 07
   11248  O 09192026 0701 11
   12957  O 09192026 0701 04
   11221  O 09192026 0701 03
   01433  O 09192026 0701 08
   03088  O 09192026 0701 04
   12217  O 09192026 0701 03
   12133  O 09192026 0701 04
   10589  O 09192026 0701 07
   12058  O 09192026 0701 03
   10466  I 09192026 0701 01
   12732  O 09192026 0701 12
   10222  O 09192026 0701 07
   12540  O 09192026 0701 04
   12799  O 09192026 0701 08
   10849  O 09192026 0701 03
   12808  O 09192026 0701 11
   10796  I 09192026 0701 01
   12661  O 09192026 0701 07
   10505  O 09192026 0701 08
   12594  O 09192026 0701 11
   12248  O 09192026 0701 03
   12081  O 09192026 0701 08
   03068  O 09192026 0701 04
   12440  O 09192026 0701 07
   11768  O 09192026 0701 12
   10231  O 09192026 0701 03
   12689  O 09192026 0702 08
   12486  O 09192026 0702 11
   12688  O 09192026 0702 07
   12871  O 09192026 0702 04
   12674  O 09192026 0702 12
   12246  O 09192026 0702 08
   12069  O 09192026 0702 07
   12740  O 09192026 0702 03
   12826  O 09192026 0702 04
   10071  O 09192026 0702 12
   12862  O 09192026 0702 03
   12057  O 09192026 0702 04
   12943  O 09192026 0702 03
   10788  O 09192026 0702 07
   10698  O 09192026 0702 08
   12568  O 09192026 0702 12
   12064  O 09192026 0702 04
   12110  O 09192026 0702 11
   10724  O 09192026 0702 03
   12652  O 09192026 0702 12
   12667  I 09192026 0702 01
   12185  O 09192026 0702 11
   12725  O 09192026 0702 03
   03035  O 09192026 0702 11
   11777  O 09192026 0702 08
   12189  O 09192026 0702 03
   12815  O 09192026 0702 07
   12615  O 09192026 0702 08
   01306  O 09192026 0702 12
   01479  O 09192026 0702 04
   12556  O 09192026 0702 03
   12888  O 09192026 0702 07
   12790  O 09192026 0703 04
   12886  O 09192026 0703 03
   12920  O 09192026 0703 03
   03179  O 09192026 0703 12
   12651  O 09192026 0703 11
   12873  O 09192026 0703 04
   01477  O 09192026 0703 11
   10145  I 09192026 0703 02
   10176  O 09192026 0703 07
   12800  O 09192026 0703 03
   12074  O 09192026 0703 04
   12927  O 09192026 0703 04
   12802  O 09192026 0703 03
   12289  O 09192026 0703 07
   11222  O 09192026 0703 04
   01448  O 09192026 0703 03
   12147  I 09192026 0703 02
   12249  O 09192026 0703 12
   03010  O 09192026 0703 08
   01459  O 09192026 0703 12
   03172  O 09192026 0703 07
   12926  O 09192026 0703 03
   10640  I 09192026 0703 02
   03108  O 09192026 0703 11
   10843  O 09192026 0703 08
   01341  I 09192026 0703 02
   10144  O 09192026 0703 07
   12148  O 09192026 0703 04
   10264  O 09192026 0704 11
   12623  I 09192026 0704 01
   12877  I 09192026 0704 02
   10091  O 09192026 0704 08
   12302  I 09192026 0704 01
   09833  O 09192026 0704 11
   03182  O 09192026 0704 07
   12828  O 09192026 0704 04
   10086  O 09192026 0704 08
   11404  O 09192026 0704 12
   12695  O 09192026 0704 03
   12630  O 09192026 0704 07
   12269  O 09192026 0704 12
   03105  I 09192026 0704 02
   11726  O 09192026 0704 03
   12343  O 09192026 0704 08
   11398  O 09192026 0704 12
   12701  O 09192026 0704 03
   12456  O 09192026 0704 04
   12256  O 09192026 0704 12
   03126  O 09192026 0704 03
   10606  O 09192026 0704 04
   12093  I 09192026 0704 01
   12325  O 09192026 0704 11
   10811  O 09192026 0704 07
   10576  O 09192026 0704 03
   12224  O 09192026 0705 11
   09676  O 09192026 0705 04
   11933  O 09192026 0705 03
   12088  O 09192026 0705 12
   11223  O 09192026 0705 08
   12151  I 09192026 0706 01
   12754  O 09192026 0706 08
   12640  I 09192026 0706 02
   12946  O 09192026 0706 08
   03062  O 09192026 0706 07
   10046  O 09192026 0706 03
   10831  O 09192026 0707 07
   12717  I 09192026 0707 05
   12553  O 09192026 0707 12
   12890  O 09192026 0707 12
   12241  O 09192026 0707 03
   03039  O 09192026 0708 08
   12546  O 09192026 0708 12
   12500  O 09192026 0708 03
   12738  O 09192026 0708 04
   10169  O 09192026 0708 11
   12115  O 09192026 0708 11
   12329  O 09192026 0708 07
   01379  O 09192026 0709 07
   10765  O 09192026 0709 08
   12059  O 09192026 0710 04
   10094  O 09192026 0711 03
   11789  O 09192026 0713 07
   12687  O 09192026 0713 07
   11400  O 09192026 0714 12
   12457  O 09192026 0715 07
   11779  O 09192026 0715 08
   11688  O 09192026 0715 08
   12390  O 09192026 0716 03
   10306  O 09192026 0716 03
   11388  O 09192026 0718 07
   12183  O 09192026 0719 11
   11935  O 09192026 0719 11
   12021  O 09192026 0722 14
   12489  O 09192026 0723 12
   03176  O 09192026 0724 08
   12415  O 09192026 0726 12
   01422  O 09192026 0726 12
   11719  O 09192026 0727 04
   03135  O 09192026 0727 04
   03026  O 09192026 0729 11
   11946  O 09192026 0732 07
   01276  O 09192026 0742 03
   01468  O 09192026 0749 12
   01511  O 09192026 0753 03
   01512  O 09192026 0810 12
   10712  I 09192026 0924 05
   12266  I 09192026 1029 02
   12502  I 09192026 1044 06
   12355  I 09192026 1051 02
   12463  I 09192026 1052 10
   10736  O 09192026 1100 04
   03101  O 09192026 1100 04
   01355  I 09192026 1258 05
   12822  I 09192026 1312 05
   10642  I 09192026 1321 05
   03141  I 09192026 1329 05
   10663  I 09192026 1331 05
   01312  I 09192026 1331 05
   10224  I 09192026 1335 05
   12205  I 09192026 1336 01
   12759  I 09192026 1340 06
   12924  I 09192026 1342 06
   12823  I 09192026 1347 05
   03053  I 09192026 1349 05
   12162  I 09192026 1350 02
   01428  I 09192026 1351 01
   10140  I 09192026 1352 05
   01413  I 09192026 1353 06
   11250  I 09192026 1353 06
   10070  I 09192026 1353 06
   12677  I 09192026 1358 05
   12963  I 09192026 1401 01
   12898  I 09192026 1401 02
   10787  I 09192026 1401 06
   12929  I 09192026 1401 01
   12922  I 09192026 1402 01
   12544  I 09192026 1403 05
   12306  I 09192026 1403 05
   11935  I 09192026 1404 06
   11765  I 09192026 1405 06
   12353  I 09192026 1405 05
   12785  I 09192026 1407 01
   03122  I 09192026 1408 05
   01344  I 09192026 1409 05
   01446  I 09192026 1409 06
   12962  I 09192026 1413 02
   01481  I 09192026 1414 05
   11390  I 09192026 1414 06
   12307  I 09192026 1415 06
   12342  I 09192026 1415 06
   12246  I 09192026 1416 05
   10309  I 09192026 1416 06
   12938  I 09192026 1416 06
   12950  I 09192026 1418 02
   12700  I 09192026 1419 02
   12206  I 09192026 1420 01
   12530  I 09192026 1420 02
   12532  I 09192026 1421 05
   12928  I 09192026 1422 01
   10358  I 09192026 1423 05
   12595  I 09192026 1423 06
   12718  I 09192026 1423 01
   10604  I 09192026 1423 01
   12650  I 09192026 1423 05
   12674  I 09192026 1425 06
   10261  I 09192026 1425 05
   12889  I 09192026 1425 05
   12869  I 09192026 1426 05
   12255  I 09192026 1426 05
   12485  I 09192026 1427 05
   10523  I 09192026 1427 01
   03112  I 09192026 1427 06
   12809  I 09192026 1428 05
   12351  I 09192026 1428 02
   12840  I 09192026 1428 06
   12234  I 09192026 1428 01
   12810  I 09192026 1428 06
   10726  I 09192026 1428 02
   12724  I 09192026 1428 05
   10373  I 09192026 1428 01
   12476  I 09192026 1429 02
   11498  I 09192026 1429 05
   03153  I 09192026 1429 06
   01436  I 09192026 1429 05
   12236  I 09192026 1430 06
   03152  I 09192026 1430 02
   11926  I 09192026 1431 05
   12872  I 09192026 1431 01
   10467  I 09192026 1431 01
   12433  I 09192026 1432 01
   01325  I 09192026 1432 01
   12610  I 09192026 1433 06
   01417  I 09192026 1434 06
   03037  I 09192026 1434 06
   12849  I 09192026 1435 05
   10641  I 09192026 1435 05
   12855  I 09192026 1437 02
   12863  I 09192026 1437 01
   10318  I 09192026 1437 01
   12460  I 09192026 1437 02
   12846  I 09192026 1438 05
   11942  I 09192026 1438 05
   10146  I 09192026 1438 06
   12653  I 09192026 1438 05
   12186  I 09192026 1440 06
   10606  I 09192026 1440 01
   03017  I 09192026 1440 01
   12874  I 09192026 1441 01
   12919  I 09192026 1441 02
   10791  I 09192026 1441 02
   12085  I 09192026 1441 02
   10673  I 09192026 1442 06
   10585  I 09192026 1442 02
   12639  I 09192026 1443 05
   12090  I 09192026 1443 06
   10243  I 09192026 1443 02
   12299  I 09192026 1443 05
   11879  I 09192026 1443 06
   10223  I 09192026 1443 05
   12695  I 09192026 1444 01
   12349  I 09192026 1444 01
   10785  I 09192026 1444 06
   03104  I 09192026 1445 05
   03103  I 09192026 1445 02
   12682  I 09192026 1445 05
   10780  I 09192026 1446 05
   11286  I 09192026 1446 01
   12642  I 09192026 1446 05
   10675  I 09192026 1446 01
   12858  I 09192026 1447 05
   12926  I 09192026 1447 01
   12575  I 09192026 1447 06
   01470  I 09192026 1448 05
   12743  I 09192026 1448 05
   12413  I 09192026 1448 06
   12741  I 09192026 1448 05
   12742  I 09192026 1448 05
   10500  I 09192026 1448 06
   12735  I 09192026 1449 05
   10369  I 09192026 1449 06
   12131  I 09192026 1449 02
   12217  I 09192026 1450 02
   12553  I 09192026 1451 05
   01382  I 09192026 1451 05
   12755  I 09192026 1451 02
   12720  I 09192026 1451 05
   11772  I 09192026 1452 06
   12611  I 09192026 1452 01
   01296  I 09192026 1452 02
   12841  I 09192026 1452 01
   12629  I 09192026 1452 01
   12545  I 09192026 1453 01
   12122  I 09192026 1453 06
   12818  I 09192026 1453 01
   12244  I 09192026 1453 02
   12503  I 09192026 1453 06
   12624  I 09192026 1454 01
   10808  I 09192026 1454 06
   12237  I 09192026 1455 05
   12112  I 09192026 1455 01
   12740  I 09192026 1455 02
   12337  I 09192026 1456 01
   03032  I 09192026 1457 02
   12861  I 09192026 1457 05
   11650  I 09192026 1457 01
   12710  I 09192026 1457 05
   12021  I 09192026 1458 02
   10573  I 09192026 1459 02
   12096  I 09192026 1459 01
   12820  I 09192026 1459 06
   12731  O 09192026 1500 12
   10678  O 09192026 1500 04
   01367  I 09192026 1500 01
   10809  O 09192026 1500 03
   12416  O 09192026 1500 07
   11694  O 09192026 1500 08
   01232  O 09192026 1500 11
   12645  O 09192026 1500 12
   12191  O 09192026 1500 04
   12669  O 09192026 1500 07
   12461  O 09192026 1500 08
   12716  O 09192026 1500 03
   12631  O 09192026 1500 11
   12625  O 09192026 1500 07
   12807  O 09192026 1500 12
   12451  O 09192026 1500 03
   10807  O 09192026 1500 04
   12020  O 09192026 1500 08
   12901  O 09192026 1500 11
   12657  O 09192026 1500 03
   12578  O 09192026 1500 07
   12757  O 09192026 1500 04
   12555  O 09192026 1500 11
   03170  O 09192026 1500 03
   12736  O 09192026 1500 12
   12146  O 09192026 1500 04
   12729  O 09192026 1500 11
   01492  O 09192026 1500 08
   12557  O 09192026 1500 07
   03173  O 09192026 1500 03
   11168  O 09192026 1500 12
   12497  O 09192026 1500 04
   12471  I 09192026 1500 02
   12678  O 09192026 1500 11
   12089  O 09192026 1500 11
   12609  O 09192026 1500 07
   12903  O 09192026 1500 03
   12813  O 09192026 1500 08
   12753  O 09192026 1500 12
   11780  O 09192026 1500 03
   03119  O 09192026 1500 11
   12723  O 09192026 1500 03
   12123  O 09192026 1500 11
   12961  O 09192026 1500 12
   10817  I 09192026 1501 02
   12832  O 09192026 1501 03
   12140  O 09192026 1501 11
   03077  O 09192026 1501 08
   12965  O 09192026 1501 04
   12192  O 09192026 1501 12
   10598  O 09192026 1501 07
   12538  O 09192026 1501 03
   03029  O 09192026 1501 11
   11848  O 09192026 1501 11
   12275  O 09192026 1501 03
   03080  O 09192026 1501 07
   12056  O 09192026 1501 08
   10469  O 09192026 1501 04
   12812  O 09192026 1501 12
   11767  O 09192026 1501 11
   01369  O 09192026 1501 03
   12383  O 09192026 1501 04
   10754  O 09192026 1501 14
   10017  O 09192026 1501 08
   10083  O 09192026 1501 07
   11408  O 09192026 1501 03
   12373  O 09192026 1501 04
   01341  O 09192026 1501 12
   12614  O 09192026 1501 03
   01405  O 09192026 1501 07
   12543  O 09192026 1501 04
   11534  O 09192026 1501 08
   12499  O 09192026 1501 03
   12712  O 09192026 1501 07
   10696  O 09192026 1501 04
   10202  O 09192026 1501 07
   10145  O 09192026 1501 08
   10100  O 09192026 1501 08
   12662  O 09192026 1501 04
   11945  O 09192026 1501 11
   12204  O 09192026 1501 04
   03001  O 09192026 1501 12
   03085  O 09192026 1501 07
   12317  I 09192026 1501 02
   12350  O 09192026 1501 03
   10607  O 09192026 1501 04
   12412  O 09192026 1501 12
   12376  O 09192026 1501 11
   01345  O 09192026 1501 07
   11776  O 09192026 1501 08
   12317  O 09192026 1501 03
   12221  O 09192026 1502 12
   12302  O 09192026 1502 08
   10611  O 09192026 1502 11
   12831  O 09192026 1502 03
   10407  O 09192026 1502 12
   10794  O 09192026 1502 07
   12793  O 09192026 1502 04
   10384  O 09192026 1502 07
   11537  O 09192026 1502 08
   12856  O 09192026 1502 03
   11687  O 09192026 1502 04
   12764  O 09192026 1502 08
   01231  O 09192026 1502 07
   12147  O 09192026 1502 04
   12392  O 09192026 1502 03
   12780  O 09192026 1502 12
   12692  O 09192026 1502 04
   10177  O 09192026 1502 07
   01510  O 09192026 1502 03
   10588  O 09192026 1502 12
   12138  O 09192026 1502 03
   12791  O 09192026 1502 04
   12238  O 09192026 1502 11
   12760  O 09192026 1502 04
   12948  O 09192026 1502 03
   12577  O 09192026 1502 07
   12116  O 09192026 1502 08
   12142  O 09192026 1502 07
   12844  O 09192026 1502 03
   10608  I 09192026 1502 01
   03007  O 09192026 1502 11
   12897  O 09192026 1502 03
   12664  O 09192026 1502 08
   12949  O 09192026 1503 03
   03120  O 09192026 1503 11
   12947  O 09192026 1503 04
   12628  O 09192026 1503 11
   12667  O 09192026 1503 03
   12887  O 09192026 1503 03
   10640  O 09192026 1503 04
   03027  O 09192026 1503 12
   12113  I 09192026 1503 01
   11411  O 09192026 1503 04
   12843  O 09192026 1503 03
   12762  O 09192026 1503 03
   12930  O 09192026 1503 04
   01302  O 09192026 1503 08
   10456  O 09192026 1503 03
   10240  O 09192026 1503 07
   10184  O 09192026 1503 04
   11724  O 09192026 1503 03
   11940  O 09192026 1503 07
   01504  O 09192026 1503 04
   10245  O 09192026 1503 03
   12805  O 09192026 1503 07
   11267  O 09192026 1504 03
   10697  O 09192026 1504 11
   12417  O 09192026 1504 08
   11495  O 09192026 1504 04
   12722  I 09192026 1504 02
   12665  O 09192026 1504 03
   11519  O 09192026 1504 04
   03136  O 09192026 1505 03
   12853  O 09192026 1505 12
   10827  O 09192026 1505 03
   03105  O 09192026 1505 03
   12676  O 09192026 1505 11
   12199  I 09192026 1505 02
   01356  O 09192026 1505 03
   12049  O 09192026 1505 14
   12374  O 09192026 1506 03
   11166  O 09192026 1506 04
   10050  O 09192026 1506 04
   03168  O 09192026 1506 08
   10425  O 09192026 1506 03
   10775  O 09192026 1506 07
   12663  O 09192026 1506 11
   01339  O 09192026 1507 12
   12583  O 09192026 1507 12
   12623  O 09192026 1507 07
   09823  O 09192026 1507 11
   12151  O 09192026 1507 04
   12072  O 09192026 1507 03
   10357  O 09192026 1507 07
   01454  O 09192026 1508 04
   10705  O 09192026 1508 11
   12067  O 09192026 1509 14
   11936  O 09192026 1509 14
   10287  O 09192026 1510 11
   10759  O 09192026 1510 07
   10054  O 09192026 1510 03
   03161  O 09192026 1510 03
   10219  O 09192026 1510 08
   10383  I 09192026 1511 05
   10117  O 09192026 1511 07
   12267  O 09192026 1511 07
   10847  O 09192026 1511 11
   03124  O 09192026 1511 03
   03078  O 09192026 1511 07
   01495  O 09192026 1513 12
   03058  O 09192026 1514 08
   01374  O 09192026 1515 04
   11943  O 09192026 1515 07
   01449  O 09192026 1518 08
   11355  O 09192026 1519 04
   11402  O 09192026 1519 12
   12647  O 09192026 1521 07
   12153  O 09192026 1524 03
   10135  O 09192026 1525 12
   01266  O 09192026 1525 08
   10841  O 09192026 1527 14
   10786  O 09192026 1538 08
   01456  O 09192026 1544 03
   12222  O 09192026 1550 07
   10796  O 09192026 1601 03
   12640  O 09192026 1603 08
   01276  I 09192026 1653 01
   11248  I 09192026 1656 06
   12230  O 09192026 1700 04
   12439  O 09192026 1700 04
   10449  O 09192026 1701 08
   10047  O 09192026 1701 03
   12369  O 09192026 1701 12
   01415  O 09192026 1702 14
   10055  O 09192026 1703 14
   01234  O 09192026 1711 03
   10334  O 09192026 1717 08
   11607  I 09192026 1739 06
   12260  I 09192026 1742 05
   10849  I 09192026 1742 01
   12136  I 09192026 1748 01
   11693  I 09192026 1753 05
   10199  O 09192026 1800 07
   12833  O 09192026 1800 08
   03061  O 09192026 1800 08
   12945  O 09192026 1800 07
   12093  O 09192026 1800 08
   12341  O 09192026 1800 07
   12462  O 09192026 1800 08
   12632  O 09192026 1801 08
   12717  O 09192026 1801 07
   03151  O 09192026 1803 03
   12208  I 09192026 1806 05
   12627  I 09192026 1807 05
   01487  I 09192026 1811 01
   11266  I 09192026 1815 05
   11768  I 09192026 1816 06
   10712  O 09192026 1820 07
   10306  I 09192026 1821 02
   10221  I 09192026 1822 02
   10576  I 09192026 1828 02
   12130  I 09192026 1832 02
   01433  I 09192026 1833 06
   10405  I 09192026 1833 05
   12652  I 09192026 1834 02
   12486  I 09192026 1835 06
   10026  I 09192026 1844 05
   12804  I 09192026 1844 01
   12097  I 09192026 1845 02
   12189  I 09192026 1845 01
   12816  I 09192026 1848 01
   12415  I 09192026 1849 06
   12569  I 09192026 1853 05
   11789  I 09192026 1856 06
   12828  I 09192026 1857 01
   10133  I 09192026 1858 06
   10706  O 09192026 1900 07
   12693  O 09192026 1900 03
   10830  O 09192026 1900 04
   12128  O 09192026 1900 11
   10466  O 09192026 1900 08
   10574  O 09192026 1900 12
   12247  O 09192026 1900 04
   12637  O 09192026 1900 11
   12825  O 09192026 1900 03
   10232  O 09192026 1900 04
   10669  O 09192026 1900 03
   12829  O 09192026 1900 03
   12164  O 09192026 1900 03
   12758  O 09192026 1900 03
   11538  O 09192026 1900 07
   10605  O 09192026 1901 14
   12066  O 09192026 1901 14
   12763  O 09192026 1901 03
   11493  O 09192026 1901 14
   12644  O 09192026 1901 12
   11863  O 09192026 1901 03
   12125  O 09192026 1902 07
   11784  O 09192026 1902 14
   12798  O 09192026 1902 04
   12878  O 09192026 1902 03
   12372  O 09192026 1903 03
   12291  O 09192026 1903 04
   11690  O 09192026 1903 08
   12084  O 09192026 1903 03
   03123  O 09192026 1903 12
   12726  O 09192026 1903 12
   12877  O 09192026 1904 03
   03088  I 09192026 1904 01
   12756  O 09192026 1904 12
   12359  O 09192026 1904 12
   01423  O 09192026 1906 11
   01452  O 09192026 1910 04
   12371  O 09192026 1910 08
   10201  O 09192026 1911 04
   01499  O 09192026 1911 07
   12334  O 09192026 1919 12
   11522  O 09192026 1927 04
   03068  I 09192026 2033 05
   12475  I 09192026 2108 06
   11646  I 09192026 2119 06
   12679  I 09192026 2123 05
   10333  I 09192026 2132 05
   03182  I 09192026 2134 06
   03135  I 09192026 2135 01
   03062  I 09192026 2139 05
   11167  I 09192026 2142 01
   01402  I 09192026 2143 05
   12824  I 09192026 2148 02
   10127  I 09192026 2148 06
   03167  I 09192026 2149 05
   12224  I 09192026 2151 05
   01468  I 09192026 2152 05
   12467  I 09192026 2155 02
   12888  I 09192026 2155 06
   12871  I 09192026 2156 06
   01335  I 09192026 2157 05
   01306  I 09192026 2157 02
   10720  I 09192026 2158 06
   10021  I 09192026 2159 05
   12069  I 09192026 2201 06
   12440  I 09192026 2205 05
   03172  I 09192026 2207 05
   01475  I 09192026 2209 01
   12148  I 09192026 2209 01
   12249  I 09192026 2210 05
   01320  I 09192026 2211 06
   12620  I 09192026 2212 05
   12800  I 09192026 2212 02
   12802  I 09192026 2212 01
   12584  I 09192026 2213 05
   03176  I 09192026 2214 05
   12531  I 09192026 2215 06
   12814  I 09192026 2217 05
   12080  I 09192026 2217 06
   12458  I 09192026 2218 02
   12927  I 09192026 2218 02
   12847  I 09192026 2219 06
   12396  I 09192026 2221 02
   12920  I 09192026 2221 01
   12149  I 09192026 2222 05
   03047  I 09192026 2224 05
   12094  I 09192026 2224 05
   12254  I 09192026 2224 06
   10612  I 09192026 2224 06
   01295  I 09192026 2225 05
   12576  I 09192026 2226 06
   12110  I 09192026 2226 01
   10169  I 09192026 2226 02
   12241  I 09192026 2226 02
   11223  I 09192026 2227 05
   12496  I 09192026 2227 06
   10116  I 09192026 2227 06
   11647  I 09192026 2228 05
   10231  I 09192026 2228 01
   12967  I 09192026 2229 06
   12594  I 09192026 2230 06
   12701  I 09192026 2230 01
   12558  I 09192026 2230 06
   10839  I 09192026 2230 06
   12786  I 09192026 2230 01
   12397  I 09192026 2231 02
   12943  I 09192026 2231 01
   01330  I 09192026 2231 06
   01479  I 09192026 2232 06
   12501  I 09192026 2232 06
   11221  I 09192026 2233 01
   01448  I 09192026 2233 02
   10843  I 09192026 2233 05
   12957  I 09192026 2233 01
   01249  I 09192026 2234 06
   12487  I 09192026 2234 05
   12727  I 09192026 2234 06
   11688  I 09192026 2234 05
   12409  I 09192026 2234 06
   12354  I 09192026 2235 05
   10144  I 09192026 2235 06
   12057  I 09192026 2235 01
   12343  I 09192026 2235 06
   12894  I 09192026 2235 06
   10811  I 09192026 2235 05
   10765  I 09192026 2236 06
   03012  I 09192026 2236 06
   12064  I 09192026 2236 01
   12698  I 09192026 2236 01
   12672  I 09192026 2237 01
   12615  I 09192026 2237 05
   12721  I 09192026 2237 02
   10698  I 09192026 2238 05
   12826  I 09192026 2238 01
   12135  I 09192026 2238 01
   11404  I 09192026 2239 06
   10581  I 09192026 2239 05
   10617  I 09192026 2239 05
   10291  I 09192026 2239 06
   12783  I 09192026 2239 05
   12081  I 09192026 2240 05
   11222  I 09192026 2240 01
   12473  I 09192026 2240 05
   12873  I 09192026 2240 02
   10825  I 09192026 2240 06
   12821  I 09192026 2240 05
   12500  I 09192026 2240 06
   12946  I 09192026 2241 06
   10176  I 09192026 2242 05
   10356  I 09192026 2242 05
   12754  I 09192026 2243 05
   12269  I 09192026 2244 05
   12661  I 09192026 2244 05
   03108  I 09192026 2244 09
   10385  I 09192026 2244 06
   12259  I 09192026 2245 05
   10071  I 09192026 2245 06
   01511  I 09192026 2245 02
   10522  I 09192026 2246 06
   12540  I 09192026 2246 05
   12539  I 09192026 2246 06
   12904  I 09192026 2246 02
   12568  I 09192026 2246 06
   12862  I 09192026 2247 01
   12370  I 09192026 2247 01
   11726  I 09192026 2247 01
   12074  I 09192026 2247 02
   12622  I 09192026 2248 01
   12055  I 09192026 2248 02
   12098  I 09192026 2248 02
   11946  I 09192026 2249 06
   03059  I 09192026 2249 05
   12329  I 09192026 2249 02
   11774  I 09192026 2249 02
   12357  I 09192026 2250 02
   12556  I 09192026 2250 01
   10094  I 09192026 2250 02
   12188  I 09192026 2251 06
   09676  I 09192026 2251 02
   12248  I 09192026 2252 01
   12630  I 09192026 2252 02
   11777  I 09192026 2252 05
   12815  I 09192026 2252 06
   11719  I 09192026 2253 01
   10788  I 09192026 2253 06
   10148  I 09192026 2254 05
   03126  I 09192026 2255 06
   12799  I 09192026 2255 02
   12738  I 09192026 2256 01
   12059  I 09192026 2256 02
   01471  I 09192026 2256 05
   10589  I 09192026 2257 05
   12546  I 09192026 2257 06
   12687  I 09192026 2258 06
   10505  I 09192026 2258 02
   11652  I 09192026 2258 01
   11779  I 09192026 2259 02
   03030  I 09192026 2259 06
   12582  I 09192026 2259 06
   11725  I 09192026 2259 01
   12711  O 09192026 2300 07
   03122  O 09192026 2300 12
   11879  O 09192026 2300 11
   12720  O 09192026 2300 08
   12700  O 09192026 2300 03
   10318  O 09192026 2300 04
   12307  O 09192026 2300 12
   11498  O 09192026 2300 11
   03053  O 09192026 2300 07
   10310  O 09192026 2300 12
   12858  O 09192026 2300 08
   10243  O 09192026 2300 03
   12184  O 09192026 2300 11
   03037  O 09192026 2300 07
   12205  O 09192026 2300 04
   01470  O 09192026 2300 08
   11650  O 09192026 2300 03
   11496  O 09192026 2300 11
   12810  O 09192026 2300 12
   12236  O 09192026 2300 07
   12823  O 09192026 2300 04
   12485  O 09192026 2300 12
   12532  O 09192026 2300 11
   01344  O 09192026 2300 08
   12090  O 09192026 2300 07
   12759  O 09192026 2300 04
   12342  O 09192026 2300 12
   10675  O 09192026 2300 03
   10358  O 09192026 2300 11
   10285  O 09192026 2300 07
   12889  O 09192026 2300 04
   12668  O 09192026 2300 03
   11765  O 09192026 2300 12
   01481  O 09192026 2300 08
   12113  O 09192026 2300 11
   12244  O 09192026 2300 03
   10490  O 09192026 2300 07
   01296  O 09192026 2300 14
   12356  O 09192026 2300 03
   12474  O 09192026 2300 08
   12846  O 09192026 2300 12
   10309  O 09192026 2300 11
   10223  O 09192026 2300 07
   03148  O 09192026 2300 03
   12869  O 09192026 2300 12
   12082  O 09192026 2300 08
   03112  O 09192026 2300 07
   10523  O 09192026 2300 03
   12266  O 09192026 2300 04
   10224  O 09192026 2301 07
   12122  O 09192026 2301 08
   12234  O 09192026 2301 04
   12131  O 09192026 2301 03
   12790  I 09192026 2301 01
   12610  O 09192026 2301 12
   10673  O 09192026 2301 07
   10641  O 09192026 2301 08
   12755  O 09192026 2301 03
   12598  O 09192026 2301 11
   10467  O 09192026 2301 04
   12413  O 09192026 2301 07
   03104  O 09192026 2301 14
   12682  O 09192026 2301 12
   12460  O 09192026 2301 04
   12502  O 09192026 2301 08
   12133  I 09192026 2301 02
   12206  O 09192026 2301 03
   12722  O 09192026 2301 07
   03017  O 09192026 2301 08
   12840  O 09192026 2301 11
   10724  I 09192026 2301 01
   10791  O 09192026 2301 07
   01436  O 09192026 2301 08
   01355  O 09192026 2301 03
   12476  O 09192026 2301 04
   12724  O 09192026 2301 08
   12353  O 09192026 2301 07
   10261  O 09192026 2301 12
   11605  O 09192026 2301 11
   12677  O 09192026 2301 07
   01379  I 09192026 2301 02
   01428  O 09192026 2301 08
   12924  O 09192026 2301 03
   12928  O 09192026 2301 04
   12629  O 09192026 2301 08
   11942  O 09192026 2301 07
   12950  O 09192026 2301 03
   12735  O 09192026 2301 07
   12938  O 09192026 2301 11
   12863  O 09192026 2301 04
   10609  O 09192026 2301 12
   12186  O 09192026 2301 07
   12872  O 09192026 2301 03
   12306  O 09192026 2301 04
   10726  O 09192026 2301 08
   12255  O 09192026 2302 07
   03159  O 09192026 2302 11
   12624  O 09192026 2302 03
   12694  O 09192026 2302 08
   10500  O 09192026 2302 07
   12855  O 09192026 2302 04
   12741  O 09192026 2302 07
   12926  O 09192026 2302 03
   12849  O 09192026 2302 08
   12951  O 09192026 2302 04
   01325  O 09192026 2302 07
   12742  O 09192026 2302 03
   11787  O 09192026 2302 08
   11392  I 09192026 2302 01
   12639  O 09192026 2302 12
   12819  O 09192026 2302 07
   03153  O 09192026 2302 11
   11286  O 09192026 2302 04
   12653  O 09192026 2302 11
   12666  I 09192026 2302 02
   10642  O 09192026 2302 08
   12472  O 09192026 2302 07
   12351  O 09192026 2302 04
   12433  O 09192026 2302 03
   11692  O 09192026 2302 11
   12503  O 09192026 2302 07
   12695  O 09192026 2302 03
   12743  O 09192026 2302 08
   12096  O 09192026 2302 04
   11772  O 09192026 2302 07
   12337  O 09192026 2302 03
   12076  O 09192026 2303 04
   12530  O 09192026 2303 03
   12355  O 09192026 2303 03
   12544  O 09192026 2303 11
   12085  O 09192026 2303 03
   01417  O 09192026 2303 08
   12761  O 09192026 2303 03
   12898  O 09192026 2303 03
   12929  O 09192026 2303 03
   10573  O 09192026 2303 03
   12963  O 09192026 2303 03
   10780  O 09192026 2303 12
   12670  O 09192026 2303 03
   12962  O 09192026 2304 03
   12545  O 09192026 2304 03
   12861  O 09192026 2304 12
   03032  O 09192026 2304 07
   12575  O 09192026 2304 08
   12642  O 09192026 2304 12
   10817  O 09192026 2304 03
   10785  O 09192026 2304 07
   12650  O 09192026 2304 12
   11926  O 09192026 2304 11
   10140  O 09192026 2304 07
   12919  O 09192026 2304 03
   10808  O 09192026 2304 07
   10146  O 09192026 2304 08
   10604  O 09192026 2304 03
   12841  O 09192026 2305 04
   03102  I 09192026 2305 01
   12488  O 09192026 2305 14
   12595  O 09192026 2306 12
   12305  O 09192026 2306 08
   01312  O 09192026 2306 12
   12463  O 09192026 2306 12
   01446  O 09192026 2306 07
   01333  O 09192026 2307 12
   10585  O 09192026 2307 04
   12827  O 09192026 2307 03
   12851  O 09192026 2307 12
   12822  O 09192026 2308 03
   12922  O 09192026 2308 04
   12785  O 09192026 2308 03
   12489  I 09192026 2309 02
   12818  O 09192026 2309 03
   12162  O 09192026 2313 03
   01432  O 09192026 2315 08
   11387  O 09192026 2315 07
   10373  O 09192026 2316 12
   01367  O 09192026 2317 07
   11250  O 09192026 2319 12
   01382  O 09192026 2319 08
   12611  O 09192026 2320 04
   10073  O 09192026 2321 12
   12349  O 09192026 2325 03
   03152  O 09192026 2327 04
   10663  O 09192026 2327 08
   01413  O 09192026 2329 11
   12199  O 09192026 2329 04
   03103  O 09192026 2339 04
