   03148  O 09172026 0100 03
   10383  O 09172026 0155 14
   11387  O 09172026 0304 07
   01454  I 09172026 0444 01
   09823  I 09172026 0525 06
   11690  I 09172026 0529 05
   12089  I 09172026 0547 05
   12249  I 09172026 0548 05
   12628  I 09172026 0552 05
   03007  I 09172026 0555 06
   10202  I 09172026 0559 06
   10663  I 09172026 0600 05
   12392  I 09172026 0601 05
   01231  I 09172026 0602 05
   12844  I 09172026 0602 02
   12711  I 09172026 0603 06
   03047  I 09172026 0608 05
   03029  I 09172026 0608 06
   12664  I 09172026 0608 05
   10310  I 09172026 0608 06
   12644  I 09172026 0608 06
   12136  I 09172026 0609 01
   12583  I 09172026 0609 06
   12561  I 09172026 0610 01
   10456  I 09172026 0610 05
   03119  I 09172026 0611 06
   01423  I 09172026 0611 02
   12903  I 09172026 0611 01
   12965  I 09172026 0612 02
   01339  I 09172026 0612 06
   12539  I 09172026 0612 06
   12692  I 09172026 0612 01
   11267  I 09172026 0613 01
   12497  I 09172026 0613 01
   01495  I 09172026 0613 09
   12140  I 09172026 0614 06
   01249  I 09172026 0615 05
   12791  I 09172026 0615 01
   01295  I 09172026 0616 05
   10736  I 09172026 0616 01
   12947  I 09172026 0617 02
   12679  I 09172026 0617 06
   11945  I 09172026 0617 06
   12948  I 09172026 0618 01
   12625  I 09172026 0618 06
   12897  I 09172026 0618 01
   01481  I 09172026 0619 05
   03173  I 09172026 0619 06
   12458  I 09172026 0619 02
   10083  I 09172026 0620 06
   12760  I 09172026 0620 01
   12645  I 09172026 0620 05
   01320  I 09172026 0620 06
   12761  I 09172026 0620 02
   12072  I 09172026 0621 01
   12234  I 09172026 0621 01
   11936  I 09172026 0621 06
   10117  I 09172026 0622 05
   12756  I 09172026 0622 06
   12809  I 09172026 0623 05
   12637  I 09172026 0623 06
   10100  I 09172026 0624 06
   03170  I 09172026 0624 01
   12856  I 09172026 0624 02
   12949  I 09172026 0624 01
   12780  I 09172026 0624 06
   01449  I 09172026 0625 05
   01417  I 09172026 0625 06
   01234  I 09172026 0625 05
   11493  I 09172026 0626 05
   12887  I 09172026 0626 01
   12222  I 09172026 0626 05
   12676  I 09172026 0626 06
   12698  I 09172026 0627 01
   01487  I 09172026 0627 02
   12831  I 09172026 0627 01
   12762  I 09172026 0627 01
   11498  I 09172026 0628 05
   10807  I 09172026 0628 01
   10201  I 09172026 0628 02
   01266  I 09172026 0628 05
   10184  I 09172026 0628 06
   12810  I 09172026 0628 06
   10425  I 09172026 0629 02
   12247  I 09172026 0629 01
   01330  I 09172026 0629 06
   10706  I 09172026 0629 06
   11538  I 09172026 0629 05
   01504  I 09172026 0630 02
   10177  I 09172026 0630 05
   12487  I 09172026 0630 05
   12267  I 09172026 0631 06
   12813  I 09172026 0631 06
   12712  I 09172026 0632 05
   10754  I 09172026 0632 06
   10199  I 09172026 0632 05
   12833  I 09172026 0632 06
   10766  I 09172026 0632 06
   12112  I 09172026 0633 06
   12945  I 09172026 0633 06
   12944  I 09172026 0633 01
   10047  I 09172026 0634 02
   10827  I 09172026 0634 01
   10116  I 09172026 0634 05
   10357  I 09172026 0634 06
   12317  I 09172026 0635 01
   10605  I 09172026 0635 06
   03077  I 09172026 0635 06
   10054  I 09172026 0635 02
   12376  I 09172026 0635 01
   12146  I 09172026 0636 01
   12662  I 09172026 0636 02
   11266  I 09172026 0636 05
   11646  I 09172026 0636 06
   12693  I 09172026 0636 06
   12669  I 09172026 0636 05
   12855  I 09172026 0636 02
   12451  I 09172026 0637 02
   12056  I 09172026 0637 01
   12354  I 09172026 0637 05
   12832  I 09172026 0637 02
   10356  I 09172026 0637 05
   03177  I 09172026 0637 01
   12729  I 09172026 0637 05
   10830  I 09172026 0637 02
   12557  I 09172026 0638 01
   12764  I 09172026 0638 05
   11787  I 09172026 0638 06
   12472  I 09172026 0638 06
   12930  I 09172026 0638 02
   10720  I 09172026 0638 05
   01232  I 09172026 0638 06
   12156  O 09172026 0638 03
   12793  I 09172026 0638 01
   12156  I 09172026 0638 02
   12825  I 09172026 0639 01
   10449  I 09172026 0639 05
   01345  I 09172026 0639 06
   10287  I 09172026 0639 06
   03159  I 09172026 0640 09
   03001  I 09172026 0640 05
   12350  I 09172026 0640 02
   03012  I 09172026 0640 06
   12843  I 09172026 0640 01
   12020  I 09172026 0640 06
   12609  I 09172026 0641 05
   10786  I 09172026 0641 05
   11863  I 09172026 0641 06
   12853  I 09172026 0641 05
   03123  I 09172026 0641 06
   12049  I 09172026 0641 06
   10759  I 09172026 0642 06
   11166  I 09172026 0642 01
   10050  I 09172026 0642 02
   10574  I 09172026 0642 05
   12356  I 09172026 0642 02
   10135  I 09172026 0642 06
   12067  I 09172026 0642 06
   12116  I 09172026 0642 06
   01475  I 09172026 0643 01
   10700  I 09172026 0643 06
   12721  I 09172026 0643 02
   12188  I 09172026 0643 05
   11687  I 09172026 0643 01
   10490  I 09172026 0643 06
   11937  I 09172026 0643 05
   12503  I 09172026 0643 01
   03124  I 09172026 0643 02
   12383  I 09172026 0643 01
   12690  I 09172026 0643 06
   11169  I 09172026 0643 02
   12783  I 09172026 0643 05
   10598  I 09172026 0644 06
   12647  I 09172026 0644 01
   10232  I 09172026 0644 02
   10017  I 09172026 0644 06
   10617  I 09172026 0644 05
   03151  I 09172026 0645 01
   10609  I 09172026 0645 06
   11652  I 09172026 0645 02
   10794  I 09172026 0645 06
   12191  I 09172026 0645 01
   12084  I 09172026 0645 02
   12753  I 09172026 0645 06
   12951  I 09172026 0645 01
   01452  I 09172026 0645 02
   11647  I 09172026 0645 05
   10796  I 09172026 0645 01
   10669  I 09172026 0645 02
   11495  I 09172026 0646 02
   12901  I 09172026 0646 06
   12293  I 09172026 0646 05
   12488  I 09172026 0646 06
   10285  I 09172026 0646 05
   12726  I 09172026 0647 05
   10581  I 09172026 0647 06
   12372  I 09172026 0647 02
   10469  I 09172026 0648 02
   11411  I 09172026 0648 02
   12727  I 09172026 0648 06
   11767  I 09172026 0648 05
   10588  I 09172026 0648 06
   12135  I 09172026 0649 01
   01499  I 09172026 0649 06
   01456  I 09172026 0649 02
   01432  I 09172026 0649 02
   12723  I 09172026 0649 01
   12221  I 09172026 0649 09
   12624  I 09172026 0649 01
   12066  I 09172026 0650 06
   12763  I 09172026 0650 01
   10384  I 09172026 0650 05
   12412  I 09172026 0650 05
   12578  I 09172026 0650 02
   12305  I 09172026 0650 06
   12757  I 09172026 0650 06
   12416  I 09172026 0650 06
   12373  I 09172026 0650 01
   12341  I 09172026 0650 05
   12851  I 09172026 0650 05
   01374  I 09172026 0651 02
   03120  I 09172026 0651 05
   01492  I 09172026 0651 06
   12877  I 09172026 0651 01
   11519  I 09172026 0651 06
   12716  I 09172026 0651 06
   03085  I 09172026 0651 05
   12538  I 09172026 0651 02
   11168  I 09172026 0651 06
   12631  I 09172026 0651 06
   12878  I 09172026 0651 01
   11784  I 09172026 0652 06
   12829  I 09172026 0652 02
   01415  I 09172026 0652 05
   12841  I 09172026 0652 01
   12543  I 09172026 0652 06
   12123  I 09172026 0652 05
   12614  I 09172026 0653 01
   10245  I 09172026 0653 01
   11692  I 09172026 0653 01
   01373  I 09172026 0653 05
   10611  I 09172026 0653 09
   11694  I 09172026 0654 06
   10678  I 09172026 0654 02
   11537  I 09172026 0654 06
   12462  I 09172026 0654 01
   12665  I 09172026 0654 02
   12298  I 09172026 0654 02
   12374  I 09172026 0654 01
   12805  I 09172026 0654 05
   11408  I 09172026 0655 02
   12076  I 09172026 0655 01
   12371  I 09172026 0655 05
   12254  I 09172026 0656 06
   12670  I 09172026 0656 01
   12204  I 09172026 0656 01
   12187  I 09172026 0656 06
   12184  I 09172026 0656 06
   12499  I 09172026 0657 01
   03080  I 09172026 0657 02
   12368  I 09172026 0657 06
   10407  I 09172026 0657 09
   12657  I 09172026 0657 06
   12417  I 09172026 0657 06
   12582  I 09172026 0657 06
   12275  I 09172026 0657 05
   12555  I 09172026 0657 01
   12584  I 09172026 0658 01
   11496  I 09172026 0658 05
   12819  I 09172026 0658 06
   12238  I 09172026 0658 01
   01405  I 09172026 0658 06
   12164  I 09172026 0658 02
   12737  I 09172026 0658 02
   10350  I 09172026 0659 09
   03136  I 09172026 0659 01
   10148  I 09172026 0659 05
   12125  I 09172026 0659 02
   12370  I 09172026 0659 06
   03161  I 09172026 0659 01
   11693  O 09172026 0700 11
   10127  O 09172026 0700 12
   12461  O 09172026 0700 08
   11167  O 09172026 0700 03
   10386  O 09172026 0700 04
   10133  O 09172026 0700 12
   10825  O 09172026 0700 08
   12672  O 09172026 0700 03
   12894  O 09172026 0700 11
   12357  O 09172026 0700 04
   12299  O 09172026 0700 11
   03179  O 09172026 0700 12
   12531  O 09172026 0700 03
   11777  O 09172026 0700 08
   12622  O 09172026 0700 04
   12339  O 09172026 0700 11
   03167  O 09172026 0700 07
   01477  O 09172026 0700 12
   12130  O 09172026 0700 03
   01319  O 09172026 0700 04
   12475  O 09172026 0700 11
   12456  O 09172026 0700 03
   12473  O 09172026 0700 14
   12080  O 09172026 0700 07
   11774  O 09172026 0700 04
   12615  O 09172026 0700 08
   12845  O 09172026 0700 12
   12055  O 09172026 0700 03
   10333  O 09172026 0700 07
   01357  O 09172026 0700 08
   12821  O 09172026 0700 11
   12064  O 09172026 0700 04
   12496  O 09172026 0700 14
   12710  O 09172026 0700 11
   01402  O 09172026 0700 08
   12409  O 09172026 0700 12
   10221  O 09172026 0700 03
   12149  O 09172026 0700 08
   12815  O 09172026 0700 07
   12732  O 09172026 0700 12
   12828  O 09172026 0700 04
   10724  O 09172026 0700 03
   10839  O 09172026 0700 08
   12489  O 09172026 0700 12
   12820  O 09172026 0700 14
   03068  O 09172026 0700 04
   12888  O 09172026 0700 07
   12133  O 09172026 0700 03
   12094  O 09172026 0700 11
   12097  O 09172026 0700 08
   03059  O 09172026 0700 07
   12758  O 09172026 0700 03
   12208  O 09172026 0700 12
   12601  O 09172026 0700 04
   12501  O 09172026 0700 08
   12471  O 09172026 0700 11
   03018  O 09172026 0701 07
   12558  O 09172026 0701 04
   11248  O 09172026 0701 11
   12740  O 09172026 0701 03
   01471  O 09172026 0701 08
   12854  O 09172026 0701 12
   12081  O 09172026 0701 07
   11725  I 09172026 0701 01
   12576  O 09172026 0701 04
   12540  O 09172026 0701 03
   12568  O 09172026 0701 12
   12059  O 09172026 0701 04
   12185  O 09172026 0701 11
   12058  O 09172026 0701 03
   10291  O 09172026 0701 07
   12594  O 09172026 0701 12
   10787  O 09172026 0701 07
   11724  O 09172026 0701 03
   12259  O 09172026 0701 07
   01335  O 09172026 0701 08
   11221  O 09172026 0701 03
   01396  O 09172026 0701 07
   10231  O 09172026 0701 04
   11223  O 09172026 0701 08
   12612  O 09172026 0701 03
   11392  O 09172026 0701 07
   10696  I 09172026 0701 02
   10021  O 09172026 0701 12
   12433  O 09172026 0701 03
   10788  O 09172026 0701 08
   12886  O 09172026 0701 04
   10795  O 09172026 0701 07
   12890  O 09172026 0701 12
   03026  O 09172026 0701 11
   10222  O 09172026 0701 08
   10522  O 09172026 0701 07
   12946  O 09172026 0701 12
   03030  O 09172026 0701 14
   11848  O 09172026 0701 11
   01433  O 09172026 0701 08
   12098  O 09172026 0701 07
   10712  I 09172026 0701 06
   01306  O 09172026 0701 12
   12652  O 09172026 0701 11
   10385  O 09172026 0701 03
   10466  I 09172026 0701 01
   12269  O 09172026 0701 12
   12148  O 09172026 0701 04
   03010  O 09172026 0701 08
   12440  O 09172026 0702 07
   10640  I 09172026 0702 01
   01479  O 09172026 0702 04
   12556  O 09172026 0702 03
   01422  O 09172026 0702 07
   12256  O 09172026 0702 12
   03182  O 09172026 0702 08
   12661  O 09172026 0702 07
   03035  O 09172026 0702 11
   10505  O 09172026 0702 08
   10589  O 09172026 0702 07
   10046  O 09172026 0702 03
   10811  O 09172026 0702 07
   12074  O 09172026 0702 04
   11719  O 09172026 0702 03
   12967  O 09172026 0702 12
   10055  I 09172026 0702 01
   12852  O 09172026 0702 12
   12874  I 09172026 0702 01
   12816  O 09172026 0702 03
   10378  I 09172026 0703 02
   10606  O 09172026 0703 04
   10071  O 09172026 0703 12
   10144  O 09172026 0703 07
   10849  O 09172026 0703 03
   12467  O 09172026 0703 12
   10091  O 09172026 0703 08
   12640  I 09172026 0703 02
   03088  O 09172026 0703 04
   10086  O 09172026 0703 07
   12699  O 09172026 0703 03
   03102  I 09172026 0703 01
   12694  I 09172026 0703 02
   09676  O 09172026 0703 04
   12701  O 09172026 0703 03
   10831  O 09172026 0703 07
   10612  O 09172026 0703 14
   12699  I 09172026 0703 02
   12725  O 09172026 0703 03
   12688  O 09172026 0703 08
   01369  I 09172026 0703 01
   12611  I 09172026 0703 02
   12289  O 09172026 0703 07
   12689  O 09172026 0703 08
   12069  O 09172026 0703 11
   11355  I 09172026 0703 02
   11943  I 09172026 0703 05
   11522  I 09172026 0703 02
   12093  I 09172026 0703 02
   10698  O 09172026 0703 07
   01459  O 09172026 0704 12
   12630  O 09172026 0704 08
   01448  O 09172026 0704 03
   12343  O 09172026 0704 07
   01425  O 09172026 0704 12
   12735  O 09172026 0704 08
   12651  O 09172026 0704 11
   10146  O 09172026 0704 07
   12754  O 09172026 0704 12
   11250  O 09172026 0704 12
   03062  O 09172026 0704 11
   11398  O 09172026 0704 12
   12799  O 09172026 0704 11
   11726  O 09172026 0704 03
   01341  I 09172026 0705 01
   03172  O 09172026 0705 11
   12141  I 09172026 0705 02
   12666  I 09172026 0705 01
   10094  O 09172026 0705 03
   10176  O 09172026 0705 07
   03176  O 09172026 0705 08
   12706  I 09172026 0705 02
   11388  O 09172026 0705 07
   12808  O 09172026 0705 11
   03108  O 09172026 0705 12
   10765  O 09172026 0705 07
   03101  I 09172026 0705 02
   12110  O 09172026 0706 07
   11400  O 09172026 0706 12
   11688  O 09172026 0706 08
   10705  O 09172026 0706 11
   12151  I 09172026 0706 01
   12717  I 09172026 0706 05
   11933  O 09172026 0706 03
   01379  O 09172026 0706 08
   12329  O 09172026 0706 04
   10200  O 09172026 0707 08
   12255  O 09172026 0707 08
   12088  O 09172026 0707 12
   11768  O 09172026 0707 08
   12736  O 09172026 0707 12
   12674  O 09172026 0708 12
   03039  O 09172026 0708 08
   09833  O 09172026 0708 11
   12457  O 09172026 0708 07
   11779  O 09172026 0708 08
   12128  O 09172026 0709 08
   10264  O 09172026 0709 11
   12738  O 09172026 0709 03
   12397  O 09172026 0709 04
   12920  O 09172026 0710 03
   12663  O 09172026 0710 11
   12814  O 09172026 0710 04
   12396  O 09172026 0710 03
   12847  O 09172026 0710 04
   12500  O 09172026 0710 07
   12824  O 09172026 0710 03
   12800  O 09172026 0710 04
   12927  O 09172026 0710 04
   12873  O 09172026 0710 03
   12241  O 09172026 0710 04
   12786  O 09172026 0710 03
   12792  O 09172026 0710 04
   12021  O 09172026 0710 14
   12802  O 09172026 0710 03
   01276  O 09172026 0710 03
   11789  O 09172026 0711 07
   12687  O 09172026 0711 07
   10658  O 09172026 0711 14
   12246  O 09172026 0711 08
   11222  O 09172026 0712 04
   12826  O 09172026 0712 03
   12620  O 09172026 0712 07
   09704  O 09172026 0712 08
   12826  I 09172026 0713 02
   12904  O 09172026 0713 03
   12862  O 09172026 0713 04
   12826  O 09172026 0713 03
   12957  O 09172026 0713 04
   12943  O 09172026 0713 03
   12871  O 09172026 0713 04
   12189  O 09172026 0713 08
   11404  O 09172026 0717 12
   12546  O 09172026 0720 12
   01511  O 09172026 0720 03
   12325  O 09172026 0720 11
   10306  O 09172026 0721 03
   12153  I 09172026 0723 02
   12804  O 09172026 0727 04
   11946  O 09172026 0730 07
   03135  O 09172026 0731 04
   10843  O 09172026 0732 07
   12224  O 09172026 0741 11
   12390  O 09172026 0742 04
   12790  O 09172026 0742 03
   01468  O 09172026 0747 12
   12115  O 09172026 0753 11
   01512  O 09172026 0815 12
   12700  I 09172026 1043 05
   12463  I 09172026 1051 09
   10817  I 09172026 1105 02
   10050  O 09172026 1107 04
   12623  I 09172026 1107 02
   01355  I 09172026 1224 05
   03141  I 09172026 1310 05
   10070  I 09172026 1310 05
   10642  I 09172026 1312 05
   12822  I 09172026 1314 05
   12823  I 09172026 1328 05
   12718  I 09172026 1330 05
   03098  I 09172026 1331 05
   12924  I 09172026 1333 06
   01413  I 09172026 1341 05
   10585  I 09172026 1342 02
   11765  I 09172026 1342 06
   12307  I 09172026 1344 06
   10224  I 09172026 1347 05
   12544  I 09172026 1348 05
   10358  I 09172026 1350 05
   01428  I 09172026 1352 01
   10140  I 09172026 1353 05
   12677  I 09172026 1356 05
   12759  I 09172026 1357 01
   12162  I 09172026 1357 02
   03053  I 09172026 1359 05
   12785  I 09172026 1401 02
   12898  I 09172026 1401 01
   12963  I 09172026 1401 02
   12929  I 09172026 1401 01
   11607  I 09172026 1406 06
   12922  I 09172026 1406 01
   12205  I 09172026 1406 05
   12724  I 09172026 1407 05
   11250  I 09172026 1408 06
   01317  I 09172026 1412 02
   12889  I 09172026 1413 05
   01344  I 09172026 1413 05
   12532  I 09172026 1414 05
   12928  I 09172026 1414 01
   01333  I 09172026 1416 05
   10849  I 09172026 1416 01
   12595  I 09172026 1417 06
   12148  I 09172026 1418 05
   12938  I 09172026 1418 06
   12962  I 09172026 1418 02
   10073  I 09172026 1418 05
   12950  I 09172026 1419 02
   12306  I 09172026 1419 01
   12334  I 09172026 1420 02
   12846  I 09172026 1420 05
   12650  I 09172026 1420 06
   12530  I 09172026 1421 02
   03112  I 09172026 1422 06
   10309  I 09172026 1424 06
   12460  I 09172026 1425 02
   10373  I 09172026 1425 02
   03153  I 09172026 1426 06
   12081  I 09172026 1426 05
   12485  I 09172026 1426 05
   12840  I 09172026 1426 06
   10261  I 09172026 1427 05
   12869  I 09172026 1427 05
   12849  I 09172026 1427 05
   03152  I 09172026 1427 02
   10223  I 09172026 1428 05
   12872  I 09172026 1428 01
   11774  I 09172026 1429 02
   01382  I 09172026 1429 05
   03037  I 09172026 1429 05
   01436  I 09172026 1430 05
   12351  I 09172026 1430 02
   11390  I 09172026 1431 06
   03103  I 09172026 1431 02
   03104  I 09172026 1431 05
   12433  I 09172026 1431 01
   10641  I 09172026 1431 05
   12612  I 09172026 1432 06
   12058  I 09172026 1433 01
   12255  I 09172026 1433 05
   11387  I 09172026 1433 05
   12186  I 09172026 1434 05
   10369  I 09172026 1435 05
   12266  I 09172026 1435 02
   12682  I 09172026 1436 05
   03122  I 09172026 1436 05
   12476  I 09172026 1437 02
   12236  I 09172026 1438 06
   01448  I 09172026 1439 02
   10606  I 09172026 1439 01
   12085  I 09172026 1439 05
   10318  I 09172026 1440 01
   11879  I 09172026 1440 06
   10146  I 09172026 1441 05
   12353  I 09172026 1441 05
   12598  I 09172026 1441 06
   03017  I 09172026 1441 05
   12620  I 09172026 1441 06
   12359  I 09172026 1441 06
   12858  I 09172026 1441 05
   12413  I 09172026 1442 06
   10243  I 09172026 1442 02
   10026  I 09172026 1443 06
   10673  I 09172026 1443 05
   12090  I 09172026 1443 06
   10604  I 09172026 1443 01
   12610  I 09172026 1443 06
   10785  I 09172026 1444 06
   12639  I 09172026 1444 05
   12695  I 09172026 1445 05
   10523  I 09172026 1445 02
   12553  I 09172026 1445 05
   10791  I 09172026 1445 02
   11926  I 09172026 1445 05
   12415  I 09172026 1446 06
   10780  I 09172026 1446 05
   11222  I 09172026 1446 02
   01327  I 09172026 1446 06
   12342  I 09172026 1446 06
   12919  I 09172026 1447 01
   12471  I 09172026 1447 02
   12863  I 09172026 1448 01
   12601  I 09172026 1448 02
   10675  I 09172026 1449 01
   01483  I 09172026 1450 02
   12926  I 09172026 1450 01
   12710  I 09172026 1450 05
   01296  I 09172026 1450 05
   12653  I 09172026 1451 05
   12206  I 09172026 1451 02
   12575  I 09172026 1451 05
   12183  O 09172026 1451 08
   12369  I 09172026 1451 06
   12816  I 09172026 1451 01
   12183  I 09172026 1451 05
   12743  I 09172026 1451 05
   12720  I 09172026 1451 05
   10405  I 09172026 1451 05
   01470  I 09172026 1451 05
   12474  I 09172026 1452 05
   12217  I 09172026 1452 02
   01446  I 09172026 1452 06
   12629  I 09172026 1453 05
   12131  I 09172026 1453 02
   12740  I 09172026 1453 02
   12755  I 09172026 1454 02
   11494  I 09172026 1454 06
   12237  I 09172026 1454 05
   11772  I 09172026 1454 06
   12577  I 09172026 1454 09
   12244  I 09172026 1455 02
   12820  I 09172026 1455 06
   12827  I 09172026 1455 01
   12642  I 09172026 1455 06
   11780  I 09172026 1455 06
   10726  I 09172026 1455 02
   12122  I 09172026 1455 06
   10500  I 09172026 1456 05
   12741  I 09172026 1456 01
   01367  I 09172026 1457 05
   10808  I 09172026 1457 06
   03010  I 09172026 1457 05
   01351  I 09172026 1458 06
   10046  I 09172026 1458 01
   12096  I 09172026 1458 01
   12113  I 09172026 1459 01
   11650  I 09172026 1459 02
   12337  I 09172026 1459 01
   10573  I 09172026 1459 02
   12669  O 09172026 1500 07
   12757  O 09172026 1500 11
   01405  O 09172026 1500 03
   10807  O 09172026 1500 04
   03032  I 09172026 1500 02
   12645  O 09172026 1500 12
   12089  O 09172026 1500 07
   12383  O 09172026 1500 03
   12818  I 09172026 1500 01
   12146  O 09172026 1500 04
   12298  O 09172026 1500 14
   12729  O 09172026 1500 07
   11408  O 09172026 1500 03
   12555  O 09172026 1500 12
   10310  O 09172026 1500 11
   10720  O 09172026 1500 07
   12793  O 09172026 1500 08
   11411  O 09172026 1500 03
   12831  O 09172026 1500 04
   12625  O 09172026 1500 07
   03029  O 09172026 1500 11
   12711  O 09172026 1500 07
   12856  O 09172026 1500 08
   03007  O 09172026 1500 11
   10754  O 09172026 1500 14
   11687  O 09172026 1500 03
   12901  O 09172026 1500 12
   10598  O 09172026 1500 04
   12609  O 09172026 1500 07
   12140  O 09172026 1500 11
   10678  O 09172026 1500 03
   03080  O 09172026 1500 04
   12712  O 09172026 1500 07
   12499  O 09172026 1500 03
   03012  O 09172026 1500 08
   12184  O 09172026 1500 14
   11945  O 09172026 1500 11
   10700  O 09172026 1500 07
   12723  O 09172026 1500 03
   12813  O 09172026 1500 08
   12631  O 09172026 1500 12
   10794  O 09172026 1500 07
   12417  O 09172026 1500 08
   12049  O 09172026 1500 14
   11646  O 09172026 1500 11
   12825  O 09172026 1500 03
   12783  O 09172026 1500 12
   03085  O 09172026 1500 07
   12056  O 09172026 1500 08
   12753  O 09172026 1501 11
   10100  O 09172026 1501 08
   12716  O 09172026 1501 07
   12543  O 09172026 1501 04
   03123  O 09172026 1501 11
   12416  O 09172026 1501 08
   11537  O 09172026 1501 07
   12698  O 09172026 1501 04
   12897  O 09172026 1501 03
   10766  O 09172026 1501 08
   12557  O 09172026 1501 03
   11169  O 09172026 1501 08
   12275  O 09172026 1501 07
   01330  O 09172026 1501 03
   11694  O 09172026 1501 08
   12373  O 09172026 1501 04
   10830  O 09172026 1501 07
   12538  O 09172026 1501 03
   12664  O 09172026 1501 08
   12487  O 09172026 1501 07
   10608  I 09172026 1501 01
   12948  O 09172026 1501 03
   10148  O 09172026 1501 08
   12727  O 09172026 1501 11
   10469  O 09172026 1501 03
   12545  I 09172026 1501 02
   10706  O 09172026 1501 07
   01492  O 09172026 1501 08
   12903  O 09172026 1501 03
   12861  I 09172026 1501 06
   03001  O 09172026 1501 11
   01341  O 09172026 1501 12
   12844  O 09172026 1501 03
   12247  O 09172026 1501 04
   12761  O 09172026 1502 04
   11168  O 09172026 1502 12
   12267  O 09172026 1502 12
   12760  O 09172026 1502 04
   12791  O 09172026 1502 03
   10490  O 09172026 1502 07
   12662  O 09172026 1502 04
   12188  O 09172026 1502 03
   12951  O 09172026 1502 04
   12076  O 09172026 1502 03
   12887  O 09172026 1502 03
   12965  O 09172026 1502 04
   12930  O 09172026 1502 03
   12412  O 09172026 1502 07
   03170  O 09172026 1502 04
   01475  O 09172026 1502 03
   12676  O 09172026 1502 11
   11355  O 09172026 1502 08
   11943  O 09172026 1502 07
   10245  O 09172026 1502 03
   12238  O 09172026 1502 11
   12694  O 09172026 1502 08
   12810  O 09172026 1502 12
   10202  O 09172026 1502 07
   12699  O 09172026 1502 03
   12637  O 09172026 1502 12
   01452  O 09172026 1503 04
   01231  O 09172026 1503 08
   12234  O 09172026 1503 03
   03159  O 09172026 1503 11
   03047  O 09172026 1503 07
   03119  O 09172026 1503 11
   12764  O 09172026 1503 08
   03173  O 09172026 1503 07
   12841  O 09172026 1503 04
   10456  O 09172026 1503 03
   12116  O 09172026 1503 07
   10287  O 09172026 1503 11
   10184  O 09172026 1503 04
   12679  O 09172026 1503 12
   12164  O 09172026 1503 03
   12763  O 09172026 1503 04
   11647  O 09172026 1503 07
   12354  O 09172026 1504 08
   12582  O 09172026 1504 07
   12665  O 09172026 1504 03
   11266  O 09172026 1504 11
   10384  O 09172026 1504 08
   12819  O 09172026 1504 11
   12853  O 09172026 1504 12
   10116  O 09172026 1504 11
   03136  O 09172026 1504 03
   12611  O 09172026 1504 04
   01369  O 09172026 1504 04
   01345  O 09172026 1504 07
   03161  O 09172026 1504 03
   12204  O 09172026 1504 07
   03124  O 09172026 1504 03
   12666  O 09172026 1505 04
   12949  O 09172026 1505 03
   10357  O 09172026 1505 07
   11725  O 09172026 1505 03
   12780  O 09172026 1505 12
   12350  O 09172026 1505 03
   10350  O 09172026 1505 12
   12221  O 09172026 1505 11
   01495  O 09172026 1506 12
   10054  O 09172026 1506 04
   01417  O 09172026 1506 12
   12458  O 09172026 1506 03
   10696  O 09172026 1507 08
   09823  O 09172026 1507 12
   12199  I 09172026 1507 02
   12249  O 09172026 1507 12
   12151  O 09172026 1508 03
   12843  O 09172026 1508 03
   12944  O 09172026 1508 03
   12561  O 09172026 1509 03
   12153  O 09172026 1509 03
   01295  O 09172026 1509 07
   10640  O 09172026 1510 03
   12832  O 09172026 1511 04
   10425  O 09172026 1511 03
   12721  O 09172026 1511 08
   11787  O 09172026 1511 07
   10117  O 09172026 1514 07
   11267  O 09172026 1514 11
   10786  O 09172026 1514 08
   10378  O 09172026 1514 04
   10177  O 09172026 1514 07
   03077  O 09172026 1514 08
   12067  O 09172026 1515 08
   12737  O 09172026 1515 07
   11519  O 09172026 1515 04
   12878  O 09172026 1515 03
   01499  O 09172026 1516 08
   01232  O 09172026 1517 11
   12583  O 09172026 1518 12
   01320  O 09172026 1518 12
   01249  O 09172026 1518 12
   01234  O 09172026 1521 07
   12072  O 09172026 1521 03
   12947  O 09172026 1521 04
   12690  O 09172026 1522 08
   11652  O 09172026 1523 04
   01449  O 09172026 1524 08
   01504  O 09172026 1524 03
   10669  O 09172026 1524 04
   11863  O 09172026 1525 12
   01266  O 09172026 1525 08
   01456  O 09172026 1531 08
   01374  O 09172026 1538 04
   12706  O 09172026 1542 11
   01432  O 09172026 1542 04
   01454  O 09172026 1558 08
   11692  O 09172026 1602 07
   11166  O 09172026 1603 04
   12374  O 09172026 1603 03
   01415  O 09172026 1605 14
   10407  O 09172026 1609 12
   10135  O 09172026 1618 12
   12376  O 09172026 1620 12
   12451  O 09172026 1700 03
   12222  O 09172026 1700 03
   12293  O 09172026 1700 03
   10449  O 09172026 1700 03
   10796  O 09172026 1700 04
   10611  O 09172026 1700 07
   10047  O 09172026 1700 03
   10588  O 09172026 1701 12
   12805  O 09172026 1701 07
   12640  O 09172026 1702 08
   10055  O 09172026 1702 14
   12672  I 09172026 1702 01
   11690  O 09172026 1707 08
   10663  O 09172026 1722 08
   11493  O 09172026 1733 07
   12260  I 09172026 1749 05
   11693  I 09172026 1751 05
   10234  I 09172026 1756 02
   12890  I 09172026 1757 05
   12341  O 09172026 1800 07
   12833  O 09172026 1800 08
   12191  O 09172026 1800 03
   12093  O 09172026 1800 08
   12717  O 09172026 1800 07
   12627  I 09172026 1801 06
   12945  O 09172026 1801 08
   10199  O 09172026 1801 07
   10466  O 09172026 1801 07
   12187  O 09172026 1802 12
   03151  O 09172026 1806 03
   12725  I 09172026 1807 01
   01423  O 09172026 1808 11
   12123  O 09172026 1811 07
   12208  I 09172026 1814 05
   12141  O 09172026 1817 12
   03062  I 09172026 1818 05
   12486  I 09172026 1826 05
   10221  I 09172026 1827 02
   12873  I 09172026 1829 02
   12462  O 09172026 1832 07
   12390  I 09172026 1834 02
   01433  I 09172026 1837 06
   12804  I 09172026 1843 01
   12375  I 09172026 1844 02
   12501  I 09172026 1851 06
   12630  I 09172026 1852 01
   12738  I 09172026 1852 01
   10169  O 09172026 1852 03
   10169  I 09172026 1852 02
   12500  I 09172026 1853 06
   11789  I 09172026 1856 06
   12735  I 09172026 1858 05
   12828  I 09172026 1859 01
   12799  I 09172026 1859 02
   12584  O 09172026 1900 11
   03177  O 09172026 1900 04
   12317  O 09172026 1900 03
   12370  O 09172026 1900 12
   12254  O 09172026 1900 07
   12539  O 09172026 1900 11
   12497  O 09172026 1900 04
   10232  O 09172026 1900 03
   01339  O 09172026 1900 12
   12657  O 09172026 1900 04
   10605  O 09172026 1900 14
   12693  O 09172026 1900 04
   03101  O 09172026 1900 03
   11784  O 09172026 1900 14
   12829  O 09172026 1900 03
   12021  I 09172026 1900 01
   03088  I 09172026 1900 02
   01487  O 09172026 1900 03
   12877  O 09172026 1900 03
   12578  O 09172026 1900 07
   12368  O 09172026 1900 08
   12644  O 09172026 1901 12
   11538  O 09172026 1901 07
   12082  I 09172026 1901 05
   12136  O 09172026 1901 03
   10083  O 09172026 1901 08
   12082  O 09172026 1901 07
   12097  I 09172026 1901 01
   12392  O 09172026 1901 03
   12356  O 09172026 1901 03
   12670  O 09172026 1902 03
   12647  O 09172026 1902 03
   12084  O 09172026 1903 03
   12372  O 09172026 1903 03
   12624  O 09172026 1903 03
   12756  O 09172026 1905 12
   10827  O 09172026 1907 03
   10759  O 09172026 1911 08
   12371  O 09172026 1913 08
   12066  O 09172026 1916 08
   10712  O 09172026 1918 07
   11495  O 09172026 1929 04
   11522  O 09172026 1933 04
   12457  I 09172026 2044 05
   03068  I 09172026 2045 05
   09704  I 09172026 2057 06
   12475  I 09172026 2101 06
   12256  I 09172026 2121 05
   03135  I 09172026 2123 01
   03172  I 09172026 2123 05
   01425  I 09172026 2139 01
   12467  I 09172026 2142 02
   10795  I 09172026 2143 06
   03039  I 09172026 2143 05
   03167  I 09172026 2143 05
   03182  I 09172026 2144 06
   01402  I 09172026 2145 05
   10127  I 09172026 2147 06
   12688  I 09172026 2150 06
   01468  I 09172026 2151 05
   01335  I 09172026 2153 05
   10021  I 09172026 2154 06
   12854  I 09172026 2154 06
   01306  I 09172026 2156 02
   12396  I 09172026 2157 02
   10787  I 09172026 2204 06
   03179  I 09172026 2206 05
   12808  I 09172026 2206 05
   12069  I 09172026 2208 06
   01319  I 09172026 2208 05
   12967  I 09172026 2210 05
   12845  I 09172026 2210 06
   12673  I 09172026 2210 05
   03035  I 09172026 2210 05
   12824  I 09172026 2211 02
   12847  I 09172026 2211 06
   12299  I 09172026 2216 05
   10383  I 09172026 2218 06
   12802  I 09172026 2219 02
   12800  I 09172026 2219 01
   12576  I 09172026 2219 06
   10765  I 09172026 2219 06
   10306  I 09172026 2219 02
   12786  I 09172026 2219 01
   11400  I 09172026 2219 05
   10333  I 09172026 2220 05
   12594  I 09172026 2221 06
   12149  I 09172026 2221 05
   12531  I 09172026 2221 06
   11933  I 09172026 2221 01
   11768  I 09172026 2222 06
   12080  I 09172026 2222 05
   12094  I 09172026 2222 05
   10231  I 09172026 2222 01
   12927  I 09172026 2222 02
   12920  I 09172026 2222 01
   10831  I 09172026 2222 05
   12792  I 09172026 2224 01
   12888  I 09172026 2224 06
   12674  I 09172026 2225 06
   10071  I 09172026 2225 05
   11223  I 09172026 2227 06
   12871  I 09172026 2227 06
   10612  I 09172026 2228 06
   12701  I 09172026 2228 01
   12241  I 09172026 2229 02
   10839  I 09172026 2229 06
   10264  I 09172026 2229 05
   03018  I 09172026 2229 05
   12957  I 09172026 2230 01
   03176  I 09172026 2230 05
   10200  I 09172026 2230 06
   10091  I 09172026 2231 05
   10843  I 09172026 2231 05
   11688  I 09172026 2231 05
   12110  I 09172026 2232 01
   12185  I 09172026 2232 02
   12115  I 09172026 2232 01
   12246  I 09172026 2232 02
   12055  I 09172026 2232 01
   10144  I 09172026 2233 05
   10291  I 09172026 2233 05
   11167  I 09172026 2234 01
   12558  I 09172026 2234 06
   10522  I 09172026 2235 06
   12259  I 09172026 2235 05
   12814  I 09172026 2235 02
   01422  I 09172026 2236 05
   10698  I 09172026 2236 06
   12651  I 09172026 2236 05
   12343  I 09172026 2236 06
   12440  I 09172026 2236 05
   11248  I 09172026 2237 06
   12397  I 09172026 2237 02
   10467  I 09172026 2237 01
   12074  I 09172026 2237 02
   12894  I 09172026 2237 06
   12409  I 09172026 2238 06
   12946  I 09172026 2238 06
   12826  I 09172026 2238 01
   10825  I 09172026 2239 06
   12943  I 09172026 2239 01
   10386  I 09172026 2239 02
   12496  I 09172026 2240 06
   03108  I 09172026 2241 09
   12224  I 09172026 2241 05
   12615  I 09172026 2241 05
   12269  I 09172026 2241 05
   12852  I 09172026 2241 06
   10811  I 09172026 2242 05
   10222  I 09172026 2242 06
   10385  I 09172026 2242 05
   12473  I 09172026 2242 05
   10176  I 09172026 2243 06
   12289  I 09172026 2243 05
   12732  I 09172026 2244 06
   03026  I 09172026 2244 01
   12821  I 09172026 2244 06
   11221  I 09172026 2244 01
   12057  I 09172026 2244 02
   12754  I 09172026 2244 05
   12862  I 09172026 2244 01
   10658  I 09172026 2245 06
   10086  I 09172026 2245 05
   12568  I 09172026 2245 06
   11946  I 09172026 2245 06
   03059  I 09172026 2245 05
   12661  I 09172026 2246 05
   01471  I 09172026 2246 05
   12130  I 09172026 2246 02
   09833  I 09172026 2247 05
   01479  I 09172026 2247 06
   12088  I 09172026 2247 06
   01477  I 09172026 2248 05
   01276  I 09172026 2248 01
   11726  I 09172026 2248 01
   12189  I 09172026 2248 01
   12815  I 09172026 2248 05
   01357  I 09172026 2249 06
   11398  I 09172026 2250 06
   03030  I 09172026 2250 02
   12357  I 09172026 2250 01
   09676  I 09172026 2250 02
   12098  I 09172026 2251 01
   12904  I 09172026 2251 02
   12059  I 09172026 2251 01
   01511  I 09172026 2252 02
   12540  I 09172026 2252 05
   12622  I 09172026 2252 01
   10094  I 09172026 2253 01
   10788  I 09172026 2254 05
   11777  I 09172026 2254 05
   01396  I 09172026 2254 06
   12886  I 09172026 2254 01
   01379  I 09172026 2254 02
   12329  I 09172026 2254 02
   12687  I 09172026 2255 06
   12652  I 09172026 2256 02
   11719  I 09172026 2256 01
   12339  I 09172026 2256 05
   12546  I 09172026 2256 06
   12456  I 09172026 2256 01
   03126  O 09172026 2257 07
   12248  I 09172026 2257 02
   03126  I 09172026 2257 06
   10505  I 09172026 2258 02
   01512  I 09172026 2258 01
   12133  I 09172026 2258 01
   12790  I 09172026 2258 01
   10589  I 09172026 2259 06
   12556  I 09172026 2259 01
   12325  I 09172026 2259 02
   11879  O 09172026 2300 11
   12700  O 09172026 2300 03
   11498  O 09172026 2300 12
   12460  O 09172026 2300 04
   01481  O 09172026 2300 08
   03053  O 09172026 2300 07
   11496  O 09172026 2300 11
   10243  O 09172026 2300 03
   03037  O 09172026 2300 07
   10318  O 09172026 2300 04
   10309  O 09172026 2300 12
   12692  O 09172026 2300 03
   01470  O 09172026 2300 08
   12236  O 09172026 2300 07
   12614  O 09172026 2300 04
   01351  O 09172026 2300 08
   12544  O 09172026 2300 11
   11650  O 09172026 2300 03
   10609  O 09172026 2300 12
   11936  O 09172026 2300 14
   11392  I 09172026 2300 06
   12724  O 09172026 2300 04
   12503  O 09172026 2300 07
   12472  O 09172026 2300 11
   01344  O 09172026 2300 08
   12741  O 09172026 2300 03
   10500  O 09172026 2300 07
   12306  O 09172026 2300 04
   12840  O 09172026 2300 14
   01355  O 09172026 2300 03
   12938  O 09172026 2300 11
   03122  O 09172026 2300 12
   12720  O 09172026 2300 07
   12205  O 09172026 2300 04
   01296  O 09172026 2300 14
   11780  O 09172026 2300 03
   12020  O 09172026 2300 08
   12485  O 09172026 2300 12
   11772  O 09172026 2300 07
   12759  O 09172026 2300 04
   03104  O 09172026 2300 14
   12743  O 09172026 2300 07
   12823  O 09172026 2300 03
   12858  O 09172026 2300 08
   12266  O 09172026 2300 03
   01367  O 09172026 2300 07
   10780  O 09172026 2300 12
   12237  O 09172026 2300 08
   10675  O 09172026 2300 03
   10808  O 09172026 2301 07
   10617  O 09172026 2301 04
   12610  O 09172026 2301 12
   12131  O 09172026 2301 03
   10285  O 09172026 2301 07
   10223  O 09172026 2301 08
   12598  O 09172026 2301 12
   12755  O 09172026 2301 03
   10017  O 09172026 2301 08
   12342  O 09172026 2301 11
   03102  O 09172026 2301 07
   12869  O 09172026 2301 12
   12206  O 09172026 2301 03
   10369  O 09172026 2301 12
   12413  O 09172026 2301 07
   10581  O 09172026 2301 04
   12950  O 09172026 2301 03
   10641  O 09172026 2301 08
   10642  O 09172026 2301 07
   12846  O 09172026 2301 12
   12433  O 09172026 2301 03
   12889  O 09172026 2301 04
   01483  O 09172026 2301 08
   12081  O 09172026 2301 07
   12677  O 09172026 2301 07
   11765  O 09172026 2301 08
   03112  O 09172026 2301 07
   03017  O 09172026 2301 08
   12337  O 09172026 2301 03
   10573  O 09172026 2301 04
   12650  O 09172026 2301 12
   10224  O 09172026 2301 07
   10261  O 09172026 2301 11
   12922  O 09172026 2301 03
   01428  O 09172026 2302 08
   01446  O 09172026 2302 07
   12351  O 09172026 2302 04
   11767  O 09172026 2302 08
   12785  O 09172026 2302 03
   10785  O 09172026 2302 12
   12125  O 09172026 2302 11
   12244  O 09172026 2302 07
   12369  O 09172026 2302 12
   12872  O 09172026 2302 04
   12718  O 09172026 2302 04
   12822  O 09172026 2302 03
   12488  O 09172026 2302 11
   12628  O 09172026 2302 08
   12305  O 09172026 2302 07
   12928  O 09172026 2302 04
   12898  O 09172026 2302 03
   10724  I 09172026 2302 01
   12122  O 09172026 2302 08
   12963  O 09172026 2302 04
   01333  O 09172026 2302 12
   10673  O 09172026 2302 07
   12924  O 09172026 2302 03
   01327  O 09172026 2302 12
   03120  O 09172026 2302 11
   12849  O 09172026 2302 07
   10140  O 09172026 2302 08
   12642  O 09172026 2302 12
   10523  O 09172026 2302 03
   12726  O 09172026 2302 12
   12653  O 09172026 2302 11
   12639  O 09172026 2303 12
   12474  O 09172026 2303 11
   12682  O 09172026 2303 12
   12855  O 09172026 2303 03
   12926  O 09172026 2303 04
   01436  O 09172026 2303 07
   12929  O 09172026 2303 03
   12809  O 09172026 2303 12
   12353  O 09172026 2303 08
   12096  O 09172026 2303 04
   12090  O 09172026 2303 07
   10604  O 09172026 2303 03
   12861  O 09172026 2303 12
   10817  O 09172026 2303 03
   12545  O 09172026 2303 04
   12816  O 09172026 2303 03
   12612  O 09172026 2303 03
   12962  O 09172026 2303 04
   12874  O 09172026 2303 03
   12575  O 09172026 2303 08
   03032  O 09172026 2303 07
   12863  O 09172026 2303 04
   12085  O 09172026 2304 03
   12851  O 09172026 2304 11
   12162  O 09172026 2304 03
   12623  O 09172026 2304 03
   11390  O 09172026 2304 08
   10358  O 09172026 2304 11
   12553  O 09172026 2304 11
   10373  O 09172026 2304 12
   10146  O 09172026 2305 08
   10791  O 09172026 2305 07
   01317  O 09172026 2305 12
   12359  O 09172026 2305 03
   12577  O 09172026 2305 12
   11388  I 09172026 2305 02
   10356  O 09172026 2305 08
   12255  O 09172026 2305 12
   12629  O 09172026 2305 07
   12112  O 09172026 2305 12
   12476  O 09172026 2306 04
   12827  O 09172026 2306 03
   03098  O 09172026 2306 07
   03153  O 09172026 2306 11
   01373  O 09172026 2306 08
   11607  O 09172026 2306 12
   12186  O 09172026 2306 07
   11926  O 09172026 2306 11
   12689  I 09172026 2306 01
   12135  O 09172026 2306 04
   10585  O 09172026 2307 04
   12530  O 09172026 2307 04
   11937  O 09172026 2307 11
   12113  O 09172026 2308 11
   12463  O 09172026 2308 12
   12919  O 09172026 2308 07
   11250  O 09172026 2309 12
   10574  O 09172026 2309 07
   10073  O 09172026 2311 12
   10726  O 09172026 2312 07
   12199  O 09172026 2313 03
   01382  O 09172026 2314 08
   10405  O 09172026 2315 11
   10026  O 09172026 2315 07
   12334  O 09172026 2315 12
   03152  O 09172026 2320 04
   01413  O 09172026 2323 11
   03103  O 09172026 2334 04
   10608  O 09172026 2359 12
