10712  O 09082026 0117 07
10201  O 09082026 0300 03
01454  I 09082026 0458 01
09823  I 09082026 0525 06
12457  I 09082026 0537 05
10333  I 09082026 0538 05
10202  I 09082026 0538 06
03018  I 09082026 0547 05
12558  I 09082026 0548 06
03007  I 09082026 0548 06
10070  I 09082026 0550 05
12249  I 09082026 0550 05
11690  I 09082026 0550 05
12307  I 09082026 0550 06
12540  I 09082026 0552 05
12844  I 09082026 0556 02
12080  I 09082026 0556 05
01402  I 09082026 0556 05
12822  I 09082026 0556 05
12725  I 09082026 0556 06
12692  I 09082026 0558 05
03179  I 09082026 0559 05
01335  I 09082026 0600 05
12792  I 09082026 0601 01
12897  I 09082026 0602 01
12847  I 09082026 0602 06
03135  I 09082026 0603 01
01231  I 09082026 0603 05
12808  I 09082026 0603 05
12890  I 09082026 0603 06
12785  I 09082026 0604 01
03141  I 09082026 0606 05
12627  I 09082026 0606 05
12632  I 09082026 0607 05
12922  I 09082026 0610 01
12677  I 09082026 0610 05
01481  I 09082026 0610 05
09704  I 09082026 0611 02
12967  I 09082026 0611 05
12531  I 09082026 0611 06
01339  I 09082026 0611 06
03119  I 09082026 0612 06
11267  I 09082026 0614 01
01295  I 09082026 0614 02
12246  I 09082026 0614 02
12821  I 09082026 0614 06
12965  I 09082026 0615 02
03167  I 09082026 0615 05
10310  I 09082026 0615 06
10795  I 09082026 0615 06
12927  I 09082026 0616 01
12814  I 09082026 0616 02
12802  I 09082026 0618 02
10736  I 09082026 0619 01
12920  I 09082026 0619 01
11493  I 09082026 0619 05
11928  I 09082026 0619 05
12812  I 09082026 0619 06
10177  I 09082026 0620 05
10199  I 09082026 0620 05
03035  I 09082026 0620 05
03173  I 09082026 0620 06
03120  I 09082026 0621 05
10221  I 09082026 0622 02
12594  I 09082026 0622 06
12800  I 09082026 0623 02
10169  I 09082026 0624 02
10663  I 09082026 0624 05
12256  I 09082026 0624 05
01423  I 09082026 0624 05
11223  I 09082026 0625 05
12845  I 09082026 0625 06
10373  I 09082026 0626 02
12149  I 09082026 0626 05
12888  I 09082026 0626 06
12786  I 09082026 0627 01
12826  I 09082026 0627 02
01234  I 09082026 0628 01
10054  I 09082026 0628 02
11400  I 09082026 0628 05
12674  I 09082026 0628 06
12390  I 09082026 0629 02
10386  I 09082026 0629 02
11498  I 09082026 0629 05
10598  I 09082026 0629 06
10576  I 09082026 0630 02
03026  I 09082026 0631 01
12396  I 09082026 0631 02
10425  I 09082026 0631 02
03061  I 09082026 0631 05
10383  I 09082026 0631 06
11768  I 09082026 0631 06
12690  I 09082026 0631 06
12343  I 09082026 0631 06
12234  I 09082026 0632 01
12162  I 09082026 0632 02
12813  I 09082026 0632 06
10467  I 09082026 0633 01
12260  I 09082026 0633 05
12871  I 09082026 0633 06
12853  I 09082026 0634 05
12688  I 09082026 0634 05
11935  I 09082026 0634 06
12754  I 09082026 0634 06
12701  I 09082026 0635 01
12615  I 09082026 0635 05
01495  I 09082026 0635 05
12289  I 09082026 0635 05
12693  I 09082026 0635 06
01417  I 09082026 0635 06
01345  I 09082026 0635 06
12115  I 09082026 0636 01
11222  I 09082026 0636 02
12791  I 09082026 0637 01
10612  I 09082026 0637 13
12056  I 09082026 0638 01
03151  I 09082026 0638 01
12130  I 09082026 0638 02
10766  I 09082026 0638 05
12222  I 09082026 0638 05
12764  I 09082026 0638 06
11787  I 09082026 0638 06
12183  I 09082026 0638 06
12472  I 09082026 0638 06
01325  I 09082026 0639 01
12873  I 09082026 0639 01
10698  I 09082026 0639 06
12368  I 09082026 0639 06
12342  I 09082026 0639 06
12825  I 09082026 0640 01
01317  I 09082026 0640 02
03059  I 09082026 0640 05
10357  I 09082026 0640 06
10759  I 09082026 0640 06
03058  I 09082026 0640 06
03108  I 09082026 0640 09
10827  I 09082026 0641 01
12058  I 09082026 0641 01
10585  I 09082026 0641 01
12081  I 09082026 0641 05
12625  I 09082026 0641 05
12544  I 09082026 0641 05
12661  I 09082026 0641 05
11863  I 09082026 0641 06
11688  I 09082026 0641 06
12376  I 09082026 0641 06
12020  I 09082026 0641 06
10222  I 09082026 0641 06
12756  I 09082026 0641 10
12943  I 09082026 0642 01
12350  I 09082026 0642 01
10811  I 09082026 0642 01
10796  I 09082026 0642 02
01504  I 09082026 0642 02
10047  I 09082026 0642 02
12306  I 09082026 0642 05
12269  I 09082026 0642 05
10358  I 09082026 0642 05
01232  I 09082026 0643 01
12084  I 09082026 0643 01
12439  I 09082026 0643 02
12191  I 09082026 0643 02
12341  I 09082026 0643 05
10135  I 09082026 0643 05
10522  I 09082026 0643 05
10261  I 09082026 0643 05
12894  I 09082026 0643 06
01422  I 09082026 0644 01
01452  I 09082026 0644 01
01374  I 09082026 0644 01
12862  I 09082026 0644 02
12055  I 09082026 0644 02
10050  I 09082026 0644 02
10786  I 09082026 0644 05
10291  I 09082026 0644 05
12186  I 09082026 0644 06
12904  I 09082026 0645 01
01511  I 09082026 0645 02
12374  I 09082026 0645 02
12473  I 09082026 0645 05
10449  I 09082026 0645 05
10780  I 09082026 0645 05
12188  I 09082026 0645 06
01433  I 09082026 0645 06
12647  I 09082026 0646 01
12460  I 09082026 0646 01
11411  I 09082026 0646 02
12156  I 09082026 0646 02
12156  O 09082026 0646 03
12568  I 09082026 0646 05
10609  I 09082026 0646 05
10091  I 09082026 0646 05
12852  I 09082026 0646 06
03118  I 09082026 0646 06
12669  I 09082026 0647 05
01415  I 09082026 0647 05
11784  I 09082026 0647 06
12066  I 09082026 0647 06
12622  I 09082026 0648 01
11166  I 09082026 0648 01
12372  I 09082026 0648 01
11774  I 09082026 0648 02
12383  I 09082026 0648 02
12299  I 09082026 0648 05
12275  I 09082026 0648 05
10831  I 09082026 0648 05
12716  I 09082026 0648 06
12854  I 09082026 0648 06
12651  I 09082026 0648 06
12185  I 09082026 0648 06
12373  I 09082026 0649 01
12074  I 09082026 0649 02
10094  I 09082026 0649 02
09833  I 09082026 0649 05
03126  I 09082026 0649 06
01477  I 09082026 0649 06
10234  I 09082026 0650 01
12695  I 09082026 0650 01
12578  I 09082026 0650 01
01510  I 09082026 0650 02
12878  I 09082026 0650 02
12699  I 09082026 0650 02
12699  O 09082026 0650 03
12293  I 09082026 0650 05
11777  I 09082026 0650 05
01471  I 09082026 0650 05
12538  I 09082026 0651 01
12451  I 09082026 0651 02
12601  I 09082026 0651 02
09676  I 09082026 0651 02
10073  I 09082026 0651 05
10086  I 09082026 0651 05
12339  I 09082026 0651 06
11398  I 09082026 0651 06
12672  I 09082026 0652 01
12851  I 09082026 0652 05
11404  I 09082026 0652 05
10841  I 09082026 0652 05
10588  I 09082026 0652 06
01357  I 09082026 0652 06
12841  I 09082026 0653 01
11726  I 09082026 0653 01
12799  I 09082026 0653 01
12238  I 09082026 0653 01
12059  I 09082026 0653 01
10830  I 09082026 0653 01
11408  I 09082026 0653 02
01379  I 09082026 0653 02
12357  I 09082026 0653 02
11946  I 09082026 0653 05
12689  I 09082026 0653 05
12815  I 09082026 0653 06
10765  I 09082026 0654 01
12204  I 09082026 0654 01
12846  I 09082026 0654 02
11519  I 09082026 0654 06
12221  I 09082026 0654 09
10407  I 09082026 0654 10
12652  I 09082026 0655 01
12131  I 09082026 0655 02
12187  I 09082026 0655 02
12638  I 09082026 0655 02
12305  I 09082026 0655 06
12259  I 09082026 0655 06
12088  I 09082026 0655 06
10350  I 09082026 0655 09
10505  I 09082026 0656 01
12805  I 09082026 0656 05
11943  I 09082026 0656 05
03080  I 09082026 0656 05
10788  I 09082026 0656 06
01396  I 09082026 0656 06
12756  O 09082026 0656 12
12456  I 09082026 0657 01
11355  I 09082026 0657 05
12463  I 09082026 0657 06
11496  I 09082026 0658 01
12666  I 09082026 0658 01
12112  I 09082026 0658 02
11692  I 09082026 0658 05
12861  I 09082026 0658 06
12819  I 09082026 0659 06
12189  I 09082026 0700 01
12828  I 09082026 0700 01
12877  I 09082026 0700 01
12375  I 09082026 0700 01
12325  I 09082026 0700 02
12741  I 09082026 0700 02
12630  I 09082026 0700 02
01266  I 09082026 0700 05
11392  I 09082026 0700 06
12904  O 09082026 0700 11
12462  I 09082026 0701 01
11522  I 09082026 0701 02
01369  I 09082026 0701 06
10334  I 09082026 0702 01
11719  I 09082026 0702 01
12694  I 09082026 0702 01
12737  I 09082026 0702 01
10466  I 09082026 0702 01
12133  I 09082026 0702 02
12471  I 09082026 0702 05
12657  I 09082026 0702 06
11789  I 09082026 0702 06
12471  O 09082026 0702 07
10046  I 09082026 0703 01
12113  I 09082026 0703 01
12886  I 09082026 0704 01
12874  I 09082026 0704 01
10724  I 09082026 0704 02
12489  I 09082026 0704 02
12500  I 09082026 0705 01
12151  I 09082026 0705 01
03101  I 09082026 0705 02
12141  I 09082026 0705 02
12640  I 09082026 0705 02
12717  I 09082026 0705 05
10055  I 09082026 0706 01
03088  I 09082026 0706 01
03010  I 09082026 0706 02
12732  I 09082026 0724 06
12624  I 09082026 0757 01
10712  I 09082026 0856 05
10369  I 09082026 1031 05
10678  I 09082026 1051 02
12089  I 09082026 1259 05
01312  I 09082026 1308 05
12497  I 09082026 1329 01
12679  I 09082026 1334 05
12628  I 09082026 1334 05
01249  I 09082026 1335 05
03029  I 09082026 1335 06
12247  I 09082026 1343 05
11605  I 09082026 1343 05
11646  I 09082026 1344 06
11266  I 09082026 1348 05
03177  I 09082026 1348 06
12645  I 09082026 1350 05
10201  I 09082026 1351 01
03047  I 09082026 1352 05
12392  I 09082026 1352 06
12192  I 09082026 1353 05
01499  I 09082026 1353 06
03123  I 09082026 1353 06
03012  I 09082026 1354 05
12458  I 09082026 1356 02
11169  I 09082026 1359 05
12136  I 09082026 1400 01
10083  I 09082026 1402 06
12135  I 09082026 1404 01
12947  I 09082026 1405 02
10202  O 09082026 1405 03
12496  I 09082026 1405 06
11945  I 09082026 1407 06
12903  I 09082026 1408 01
12072  I 09082026 1408 02
12831  I 09082026 1409 01
10807  I 09082026 1409 01
12760  I 09082026 1409 02
12924  I 09082026 1410 01
11647  I 09082026 1410 05
12832  I 09082026 1410 06
12723  I 09082026 1411 01
12962  I 09082026 1412 02
12254  I 09082026 1412 06
03170  I 09082026 1413 01
12467  I 09082026 1413 02
12887  I 09082026 1413 05
11694  I 09082026 1413 06
12637  I 09082026 1413 06
12824  I 09082026 1414 02
12856  I 09082026 1415 02
10117  I 09082026 1415 05
03077  I 09082026 1415 06
10306  I 09082026 1417 02
12727  I 09082026 1417 06
12664  I 09082026 1417 06
12762  I 09082026 1418 01
12761  I 09082026 1418 02
12757  I 09082026 1418 06
12668  I 09082026 1419 01
12948  I 09082026 1419 01
10100  I 09082026 1419 05
10223  I 09082026 1419 05
10184  I 09082026 1419 06
10116  I 09082026 1420 05
12116  I 09082026 1420 06
01449  I 09082026 1421 05
12756  I 09082026 1422 06
01320  I 09082026 1422 06
12724  I 09082026 1423 05
01475  I 09082026 1424 01
12700  I 09082026 1424 05
12930  I 09082026 1426 01
10617  I 09082026 1426 05
10456  I 09082026 1426 06
12576  I 09082026 1426 06
10285  I 09082026 1427 06
12949  I 09082026 1428 01
12676  I 09082026 1428 05
12809  I 09082026 1428 06
01487  I 09082026 1429 02
12783  I 09082026 1429 05
12138  I 09082026 1430 02
10356  I 09082026 1430 05
12712  I 09082026 1431 05
12140  I 09082026 1431 06
03102  I 09082026 1432 02
12889  I 09082026 1432 05
01432  I 09082026 1433 05
12793  I 09082026 1436 01
12644  I 09082026 1436 06
01492  I 09082026 1436 06
12123  I 09082026 1437 05
10287  I 09082026 1437 06
03030  I 09082026 1438 02
12662  I 09082026 1438 02
12555  I 09082026 1438 05
01365  I 09082026 1438 05
12475  I 09082026 1438 06
12944  I 09082026 1439 01
12146  I 09082026 1439 05
11926  I 09082026 1439 05
12354  I 09082026 1439 05
12665  I 09082026 1440 01
12843  I 09082026 1440 01
10245  I 09082026 1440 01
01448  I 09082026 1440 02
12412  I 09082026 1440 05
01330  I 09082026 1440 06
01327  I 09082026 1440 06
10669  I 09082026 1441 02
12729  I 09082026 1441 05
11652  I 09082026 1442 01
11687  I 09082026 1442 01
12561  I 09082026 1442 01
03159  I 09082026 1442 05
12487  I 09082026 1442 05
10581  I 09082026 1442 06
03124  I 09082026 1443 02
03001  I 09082026 1443 05
12539  I 09082026 1443 06
12901  I 09082026 1444 06
11937  I 09082026 1444 06
12710  I 09082026 1445 05
12631  I 09082026 1445 05
12609  I 09082026 1445 05
12543  I 09082026 1445 05
11495  I 09082026 1446 02
12735  I 09082026 1446 05
10794  I 09082026 1446 06
10700  I 09082026 1446 06
12499  I 09082026 1447 02
10469  I 09082026 1447 02
12753  I 09082026 1447 05
10490  I 09082026 1447 06
12951  I 09082026 1448 01
12557  I 09082026 1448 01
12698  I 09082026 1448 02
12371  I 09082026 1448 05
12067  I 09082026 1448 06
12556  I 09082026 1449 01
12614  I 09082026 1450 01
12471  I 09082026 1450 02
10384  I 09082026 1450 05
03085  I 09082026 1450 06
12946  I 09082026 1450 06
12076  I 09082026 1451 01
12855  I 09082026 1451 02
01382  I 09082026 1451 05
12763  I 09082026 1452 02
12098  I 09082026 1452 02
12049  I 09082026 1452 05
11168  I 09082026 1452 06
12082  I 09082026 1452 06
12417  I 09082026 1452 06
10378  I 09082026 1453 01
12164  I 09082026 1453 02
12721  I 09082026 1453 02
03136  I 09082026 1454 01
12820  I 09082026 1454 05
10785  I 09082026 1454 06
11537  I 09082026 1456 06
03161  I 09082026 1457 01
01405  I 09082026 1457 06
12569  I 09082026 1458 05
12584  I 09082026 1458 06
11725  I 09082026 1459 01
10696  I 09082026 1500 01
12611  I 09082026 1500 02
12531  O 09082026 1500 03
12130  O 09082026 1500 03
12693  O 09082026 1500 03
12059  O 09082026 1500 03
12055  O 09082026 1500 03
12460  O 09082026 1500 03
12672  O 09082026 1500 03
10234  O 09082026 1500 03
12131  O 09082026 1500 03
12558  O 09082026 1500 04
12540  O 09082026 1500 04
12456  O 09082026 1500 04
12601  O 09082026 1500 04
11774  O 09082026 1500 04
12357  O 09082026 1500 04
12538  O 09082026 1500 04
12074  O 09082026 1500 04
01369  O 09082026 1500 04
10333  O 09082026 1500 07
10795  O 09082026 1500 07
12259  O 09082026 1500 07
01335  O 09082026 1500 07
10522  O 09082026 1500 07
10086  O 09082026 1500 07
01471  O 09082026 1500 07
01402  O 09082026 1500 07
12669  O 09082026 1500 08
12149  O 09082026 1500 08
11223  O 09082026 1500 08
11784  O 09082026 1500 08
01357  O 09082026 1500 08
01325  O 09082026 1500 08
10222  O 09082026 1500 08
12020  O 09082026 1500 08
10291  O 09082026 1500 08
12260  O 09082026 1500 11
12854  O 09082026 1500 11
12732  O 09082026 1500 11
12890  O 09082026 1500 11
12627  O 09082026 1500 11
12307  O 09082026 1500 12
12638  O 09082026 1500 12
12846  O 09082026 1500 12
12594  O 09082026 1500 12
11404  O 09082026 1500 12
12112  O 09082026 1500 12
12845  O 09082026 1500 12
10612  O 09082026 1500 14
12473  O 09082026 1500 14
01341  I 09082026 1501 01
12904  I 09082026 1501 02
12058  O 09082026 1501 03
10467  O 09082026 1501 03
12897  O 09082026 1501 03
12695  O 09082026 1501 03
12904  O 09082026 1501 03
12701  O 09082026 1501 03
10386  O 09082026 1501 04
12350  O 09082026 1501 04
03088  O 09082026 1501 04
10221  O 09082026 1501 04
12133  O 09082026 1501 04
01481  O 09082026 1501 07
12812  O 09082026 1501 07
01396  O 09082026 1501 07
11392  O 09082026 1501 07
12815  O 09082026 1501 07
12888  O 09082026 1501 07
10177  O 09082026 1501 08
12808  O 09082026 1501 08
10788  O 09082026 1501 08
01345  O 09082026 1501 08
11777  O 09082026 1501 08
12615  O 09082026 1501 08
11498  O 09082026 1501 11
09833  O 09082026 1501 11
12342  O 09082026 1501 11
12339  O 09082026 1501 11
10358  O 09082026 1501 11
12256  O 09082026 1501 12
01495  O 09082026 1501 12
12238  O 09082026 1501 12
12844  O 09082026 1502 03
12500  O 09082026 1502 03
10046  O 09082026 1502 03
11928  O 09082026 1502 04
10766  O 09082026 1502 07
01231  O 09082026 1502 07
10357  O 09082026 1502 07
03010  O 09082026 1502 08
12651  O 09082026 1502 11
12185  O 09082026 1502 11
12113  O 09082026 1502 11
12269  O 09082026 1502 12
12852  O 09082026 1502 12
10724  O 09082026 1503 03
12791  O 09082026 1503 03
12965  O 09082026 1503 04
01433  O 09082026 1503 07
12306  O 09082026 1503 07
12764  O 09082026 1503 11
10383  O 09082026 1503 11
01477  O 09082026 1503 11
09823  O 09082026 1503 12
01339  O 09082026 1503 12
03179  O 09082026 1503 12
10780  O 09082026 1503 12
10640  I 09082026 1504 01
12826  O 09082026 1504 03
11408  O 09082026 1504 03
11726  O 09082026 1504 03
12943  O 09082026 1504 03
12800  O 09082026 1504 03
12920  O 09082026 1504 03
11222  O 09082026 1504 04
12862  O 09082026 1504 04
10373  O 09082026 1504 04
12792  O 09082026 1504 04
11692  O 09082026 1504 07
11943  O 09082026 1504 07
12688  O 09082026 1504 07
03118  O 09082026 1504 07
12289  O 09082026 1504 07
12056  O 09082026 1504 08
12661  O 09082026 1504 08
10505  O 09082026 1504 08
12186  O 09082026 1504 08
12694  O 09082026 1504 08
12544  O 09082026 1504 11
12463  O 09082026 1504 12
10073  O 09082026 1504 12
12802  O 09082026 1505 03
11355  O 09082026 1505 03
12927  O 09082026 1505 04
09676  O 09082026 1505 04
12799  O 09082026 1505 04
10811  O 09082026 1505 07
12457  O 09082026 1505 07
11768  O 09082026 1505 08
03108  O 09082026 1505 11
10169  O 09082026 1505 11
12741  O 09082026 1506 03
03126  O 09082026 1506 03
10425  O 09082026 1506 03
12343  O 09082026 1506 07
12630  O 09082026 1506 08
12754  O 09082026 1506 08
12674  O 09082026 1506 11
11398  O 09082026 1506 12
12153  I 09082026 1507 02
12716  O 09082026 1507 11
01423  O 09082026 1507 11
03007  O 09082026 1507 11
12489  O 09082026 1507 12
10585  O 09082026 1508 04
12666  O 09082026 1508 04
12819  O 09082026 1508 07
12221  O 09082026 1508 11
10350  O 09082026 1508 12
10831  O 09082026 1508 12
03035  O 09082026 1508 12
12822  O 09082026 1509 03
10765  O 09082026 1509 07
01454  O 09082026 1509 08
01379  O 09082026 1509 08
11688  O 09082026 1509 08
12861  O 09082026 1509 12
11946  O 09082026 1509 12
12162  O 09082026 1512 07
12325  O 09082026 1512 11
03058  O 09082026 1513 08
12873  O 09082026 1516 03
12785  O 09082026 1516 03
12390  O 09082026 1516 04
12922  O 09082026 1516 04
09704  O 09082026 1518 08
03026  O 09082026 1518 11
01511  O 09082026 1519 03
12115  O 09082026 1520 11
12786  O 09082026 1523 03
12847  O 09082026 1523 03
12396  O 09082026 1523 04
12246  O 09082026 1523 04
12647  O 09082026 1524 07
10334  O 09082026 1524 07
01266  O 09082026 1525 08
12967  O 09082026 1528 07
01422  O 09082026 1530 07
01374  O 09082026 1532 04
10261  O 09082026 1535 11
10786  O 09082026 1537 11
01504  O 09082026 1542 04
10135  O 09082026 1543 11
12755  I 09082026 1551 02
12374  O 09082026 1600 03
12376  O 09082026 1600 11
10407  O 09082026 1600 11
11166  O 09082026 1610 04
10050  O 09082026 1610 04
03101  O 09082026 1611 03
12156  O 09082026 1700 07
12373  O 09082026 1701 03
01415  O 09082026 1701 14
10841  O 09082026 1701 14
12222  O 09082026 1702 07
11519  O 09082026 1702 07
12293  O 09082026 1702 08
10449  O 09082026 1703 08
12640  O 09082026 1703 08
12805  O 09082026 1704 07
10055  O 09082026 1704 14
11493  O 09082026 1706 14
10054  O 09082026 1713 04
10588  O 09082026 1714 12
11789  O 09082026 1717 07
10759  O 09082026 1717 08
12206  I 09082026 1758 02
12595  I 09082026 1758 06
03151  O 09082026 1800 03
10199  O 09082026 1800 07
12851  O 09082026 1800 07
03061  O 09082026 1800 07
12341  O 09082026 1800 08
12187  O 09082026 1800 08
12632  O 09082026 1800 08
12191  O 09082026 1800 08
12737  O 09082026 1803 11
10466  O 09082026 1803 11
12141  O 09082026 1803 12
12717  O 09082026 1804 07
12451  O 09082026 1806 03
12439  O 09082026 1806 04
03148  I 09082026 1810 02
11607  I 09082026 1811 05
12583  I 09082026 1811 06
11693  I 09082026 1812 05
12305  O 09082026 1817 08
12485  I 09082026 1828 05
12780  I 09082026 1828 06
01333  I 09082026 1831 05
12711  I 09082026 1832 06
10264  I 09082026 1835 06
01356  I 09082026 1837 01
12266  I 09082026 1837 02
12502  I 09082026 1838 06
12670  I 09082026 1844 01
03104  I 09082026 1845 05
12125  I 09082026 1847 06
12816  I 09082026 1848 01
10573  I 09082026 1848 02
12501  I 09082026 1848 06
01483  I 09082026 1850 06
10232  I 09082026 1851 02
12829  I 09082026 1853 02
12546  I 09082026 1853 06
10133  I 09082026 1855 09
12248  I 09082026 1858 02
12383  O 09082026 1900 03
12841  O 09082026 1900 03
10796  O 09082026 1900 03
11267  O 09082026 1900 03
10698  O 09082026 1900 04
12877  O 09082026 1900 04
12657  O 09082026 1900 04
12871  O 09082026 1900 08
12368  O 09082026 1900 08
12690  O 09082026 1900 08
10663  O 09082026 1900 08
03119  O 09082026 1900 11
12337  I 09082026 1901 01
12189  O 09082026 1901 03
12825  O 09082026 1901 03
11411  O 09082026 1901 03
12725  O 09082026 1901 03
12622  O 09082026 1901 04
12828  O 09082026 1901 04
10830  O 09082026 1901 07
12568  O 09082026 1901 12
03141  O 09082026 1901 12
12066  O 09082026 1901 14
12372  O 09082026 1902 03
10576  O 09082026 1902 03
01452  O 09082026 1902 04
01295  O 09082026 1902 07
12652  O 09082026 1902 11
12234  O 09082026 1903 03
10827  O 09082026 1903 03
12578  O 09082026 1903 07
11690  O 09082026 1903 08
12249  O 09082026 1903 12
12230  I 09082026 1905 01
01510  O 09082026 1907 03
10094  O 09082026 1907 03
03167  O 09082026 1907 07
11719  O 09082026 1908 04
01234  O 09082026 1909 04
01417  O 09082026 1911 12
12375  O 09082026 1911 12
12084  O 09082026 1933 03
11765  I 09082026 1950 06
10642  I 09082026 2105 05
11863  O 09082026 2107 12
12950  I 09082026 2117 06
12759  I 09082026 2124 06
12530  I 09082026 2126 02
12678  I 09082026 2130 06
12718  I 09082026 2142 05
01428  I 09082026 2143 01
03053  I 09082026 2147 05
10224  I 09082026 2147 06
12148  I 09082026 2155 01
12673  I 09082026 2156 05
01355  I 09082026 2157 05
01413  I 09082026 2157 06
12938  I 09082026 2158 06
12128  I 09082026 2158 06
12929  I 09082026 2200 01
12963  I 09082026 2200 01
12898  I 09082026 2200 02
01459  I 09082026 2201 05
11250  I 09082026 2205 06
03122  I 09082026 2207 06
12461  I 09082026 2208 06
12205  I 09082026 2209 02
12612  I 09082026 2210 02
12255  I 09082026 2211 05
11390  I 09082026 2212 06
12823  I 09082026 2213 05
01344  I 09082026 2214 05
12810  I 09082026 2214 06
12919  I 09082026 2216 01
10604  I 09082026 2217 01
11538  I 09082026 2217 05
12413  I 09082026 2220 05
10605  I 09082026 2221 05
12610  I 09082026 2221 06
12807  I 09082026 2221 06
10607  I 09082026 2222 01
12928  I 09082026 2222 01
12758  I 09082026 2222 05
12872  I 09082026 2223 01
12241  I 09082026 2223 01
03153  I 09082026 2223 06
03152  I 09082026 2224 02
12355  I 09082026 2224 02
01302  I 09082026 2225 06
11940  I 09082026 2225 06
10240  I 09082026 2225 06
11879  I 09082026 2225 06
11221  I 09082026 2226 01
10017  I 09082026 2226 02
12224  I 09082026 2226 05
10140  I 09082026 2226 05
10847  I 09082026 2226 05
10775  I 09082026 2226 06
10309  I 09082026 2227 06
10726  I 09082026 2228 01
12147  I 09082026 2228 02
11936  I 09082026 2228 06
12069  I 09082026 2228 06
12291  I 09082026 2229 01
10219  I 09082026 2229 05
03037  I 09082026 2229 06
12957  I 09082026 2230 02
10641  I 09082026 2230 05
12840  I 09082026 2230 05
12359  I 09082026 2230 06
12803  I 09082026 2231 05
12575  I 09082026 2231 06
12142  I 09082026 2231 06
12863  I 09082026 2232 01
03027  I 09082026 2232 05
10523  I 09082026 2233 01
11724  I 09082026 2233 01
10146  I 09082026 2233 05
12433  I 09082026 2234 01
12682  I 09082026 2234 05
10825  I 09082026 2234 06
10754  I 09082026 2235 02
12334  I 09082026 2235 02
12532  I 09082026 2235 05
12849  I 09082026 2236 05
01373  I 09082026 2236 05
03168  I 09082026 2236 06
12236  I 09082026 2237 05
12869  I 09082026 2237 05
03112  I 09082026 2237 06
10675  I 09082026 2238 01
11387  I 09082026 2238 05
12731  I 09082026 2238 05
11848  I 09082026 2238 06
12208  I 09082026 2239 05
12663  I 09082026 2239 06
01446  I 09082026 2239 06
10243  I 09082026 2240 02
11402  I 09082026 2240 05
10697  I 09082026 2240 05
01470  I 09082026 2240 05
12743  I 09082026 2240 05
12926  I 09082026 2240 05
10405  I 09082026 2240 06
01436  I 09082026 2240 06
10318  I 09082026 2241 01
03078  I 09082026 2241 06
11776  I 09082026 2241 06
12217  I 09082026 2242 01
12476  I 09082026 2242 02
11942  I 09082026 2242 05
10673  I 09082026 2242 05
10791  I 09082026 2242 06
12726  I 09082026 2242 06
12486  I 09082026 2242 06
12650  I 09082026 2244 05
12653  I 09082026 2244 05
12642  I 09082026 2244 06
11772  I 09082026 2245 05
10728  I 09082026 2245 06
11780  I 09082026 2245 06
12090  I 09082026 2245 06
12742  I 09082026 2246 01
12961  I 09082026 2246 06
12349  I 09082026 2248 01
12351  I 09082026 2248 02
12858  I 09082026 2248 05
12553  I 09082026 2248 05
12415  I 09082026 2248 06
03103  I 09082026 2249 02
10658  I 09082026 2250 05
10808  I 09082026 2250 06
12184  I 09082026 2250 06
11286  I 09082026 2251 01
10026  I 09082026 2251 05
10574  I 09082026 2251 05
03032  I 09082026 2251 06
12598  I 09082026 2251 06
12827  I 09082026 2252 01
12818  I 09082026 2252 01
12629  I 09082026 2252 02
12471  I 09082026 2252 05
12298  I 09082026 2252 06
12471  O 09082026 2252 07
12798  I 09082026 2253 02
03017  I 09082026 2253 05
12474  I 09082026 2253 05
12738  I 09082026 2254 02
11494  I 09082026 2254 05
12720  I 09082026 2254 05
01351  I 09082026 2254 06
11534  I 09082026 2254 06
12639  I 09082026 2254 06
12085  I 09082026 2255 01
12545  I 09082026 2255 01
12244  I 09082026 2255 02
12021  I 09082026 2255 02
12488  I 09082026 2255 02
12237  I 09082026 2255 05
10500  I 09082026 2256 02
12736  I 09082026 2257 05
12122  I 09082026 2257 06
10608  I 09082026 2258 01
11650  I 09082026 2258 06
01296  I 09082026 2258 13
12667  I 09082026 2300 01
12700  O 09082026 2300 03
10469  O 09082026 2300 03
01405  O 09082026 2300 03
12692  O 09082026 2300 03
12188  O 09082026 2300 03
10807  O 09082026 2300 03
12576  O 09082026 2300 04
12556  O 09082026 2300 04
03177  O 09082026 2300 04
12146  O 09082026 2300 04
12662  O 09082026 2300 04
01487  O 09082026 2300 04
01330  O 09082026 2300 04
12584  O 09082026 2300 07
03059  O 09082026 2300 07
03018  O 09082026 2300 07
11694  O 09082026 2300 07
10285  O 09082026 2300 07
12677  O 09082026 2300 07
12628  O 09082026 2300 07
12625  O 09082026 2300 07
12080  O 09082026 2300 08
12098  O 09082026 2300 08
10083  O 09082026 2300 08
12735  O 09082026 2300 08
01492  O 09082026 2300 08
12689  O 09082026 2300 08
10696  O 09082026 2300 08
03102  O 09082026 2300 08
10310  O 09082026 2300 11
03029  O 09082026 2300 11
12140  O 09082026 2300 11
12089  O 09082026 2300 11
12645  O 09082026 2300 11
12496  O 09082026 2300 11
12710  O 09082026 2300 11
12729  O 09082026 2300 11
12247  O 09082026 2300 11
03123  O 09082026 2300 12
10070  O 09082026 2300 12
12637  O 09082026 2300 12
10116  O 09082026 2300 12
11646  O 09082026 2300 12
12946  O 09082026 2300 12
12783  O 09082026 2300 12
12753  O 09082026 2300 12
12631  O 09082026 2300 12
03030  O 09082026 2300 14
12820  O 09082026 2300 14
01367  I 09082026 2301 01
12790  I 09082026 2301 01
10817  I 09082026 2301 02
12706  I 09082026 2301 02
12723  O 09082026 2301 03
12793  O 09082026 2301 03
10678  O 09082026 2301 03
12138  O 09082026 2301 03
03173  O 09082026 2301 03
12151  O 09082026 2301 04
03124  O 09082026 2301 04
12614  O 09082026 2301 04
03080  O 09082026 2301 04
12843  O 09082026 2301 04
12930  O 09082026 2301 04
12072  O 09082026 2301 04
10490  O 09082026 2301 07
12392  O 09082026 2301 07
12609  O 09082026 2301 07
12557  O 09082026 2301 07
12664  O 09082026 2301 07
12821  O 09082026 2301 07
12894  O 09082026 2301 07
10794  O 09082026 2301 08
11537  O 09082026 2301 08
10785  O 09082026 2301 08
03085  O 09082026 2301 08
12813  O 09082026 2301 08
11169  O 09082026 2301 08
12472  O 09082026 2301 08
12192  O 09082026 2301 11
12756  O 09082026 2301 11
12555  O 09082026 2301 11
12901  O 09082026 2301 12
12644  O 09082026 2301 12
10609  O 09082026 2301 12
12487  O 09082026 2301 12
12462  O 09082026 2301 12
10369  O 09082026 2301 12
11496  O 09082026 2301 14
10145  I 09082026 2302 02
03170  O 09082026 2302 03
12887  O 09082026 2302 03
12944  O 09082026 2302 03
12824  O 09082026 2302 03
12136  O 09082026 2302 03
01475  O 09082026 2302 03
03077  O 09082026 2302 03
12761  O 09082026 2302 03
12856  O 09082026 2302 03
12962  O 09082026 2302 04
10581  O 09082026 2302 04
10091  O 09082026 2302 04
10617  O 09082026 2302 04
10598  O 09082026 2302 04
12497  O 09082026 2302 04
10640  O 09082026 2302 04
10456  O 09082026 2302 07
03012  O 09082026 2302 07
03047  O 09082026 2302 08
12081  O 09082026 2302 08
03120  O 09082026 2302 11
11168  O 09082026 2302 12
12088  O 09082026 2302 12
12679  O 09082026 2302 12
12302  I 09082026 2303 01
12831  O 09082026 2303 03
12760  O 09082026 2303 03
12948  O 09082026 2303 03
12762  O 09082026 2303 03
12947  O 09082026 2303 03
12924  O 09082026 2303 03
11725  O 09082026 2303 03
10306  O 09082026 2303 03
12153  O 09082026 2303 03
12903  O 09082026 2303 03
10669  O 09082026 2303 04
11495  O 09082026 2303 04
10384  O 09082026 2303 04
12275  O 09082026 2303 04
10184  O 09082026 2303 04
12951  O 09082026 2303 04
10047  O 09082026 2303 04
12763  O 09082026 2303 04
12624  O 09082026 2303 04
01341  O 09082026 2303 04
12116  O 09082026 2303 07
12698  O 09082026 2303 07
11266  O 09082026 2303 11
12727  O 09082026 2303 11
12123  O 09082026 2303 11
01249  O 09082026 2303 12
12254  O 09082026 2303 12
12467  O 09082026 2303 12
12722  I 09082026 2304 01
12096  I 09082026 2304 02
12543  O 09082026 2304 03
03161  O 09082026 2304 03
12949  O 09082026 2304 03
12458  O 09082026 2304 03
12814  O 09082026 2304 04
11687  O 09082026 2304 04
10705  I 09082026 2304 06
12712  O 09082026 2304 07
12417  O 09082026 2304 07
10100  O 09082026 2304 08
11400  O 09082026 2304 12
12539  O 09082026 2304 12
12886  O 09082026 2305 03
12665  O 09082026 2305 03
12874  O 09082026 2305 04
11787  O 09082026 2305 07
10287  O 09082026 2305 11
12757  O 09082026 2305 11
01327  O 09082026 2305 12
01312  O 09082026 2305 12
12853  O 09082026 2305 12
01317  O 09082026 2305 12
12199  I 09082026 2306 01
12623  I 09082026 2306 02
12164  O 09082026 2306 03
11652  O 09082026 2306 04
10378  O 09082026 2306 04
12582  I 09082026 2306 05
11647  O 09082026 2306 07
12582  O 09082026 2306 07
12354  O 09082026 2306 08
10356  O 09082026 2306 08
03159  O 09082026 2306 11
10712  O 09082026 2306 11
11945  O 09082026 2306 12
12569  O 09082026 2306 12
12878  O 09082026 2307 03
03136  O 09082026 2307 03
10117  O 09082026 2307 07
12067  O 09082026 2307 07
11926  O 09082026 2307 11
10245  O 09082026 2308 03
12832  O 09082026 2308 04
12561  O 09082026 2310 03
01499  O 09082026 2311 07
12204  O 09082026 2312 03
12721  O 09082026 2312 08
01365  O 09082026 2312 08
12299  O 09082026 2312 11
01432  O 09082026 2313 08
01512  I 09082026 2314 01
12412  O 09082026 2314 12
12611  O 09082026 2315 07
11935  O 09082026 2316 14
12183  O 09082026 2316 14
01382  O 09082026 2317 08
03135  O 09082026 2323 04
01449  O 09082026 2323 08
12823  O 09092026 0700 03
12461  O 09092026 0700 03
10243  O 09092026 0700 03
11650  O 09092026 0700 03
12829  O 09092026 0700 03
11221  O 09092026 0700 03
11780  O 09092026 0700 03
12668  O 09092026 0700 03
12863  O 09092026 0700 04
12759  O 09092026 0700 04
10318  O 09092026 0700 04
12957  O 09092026 0700 04
12718  O 09092026 0700 04
10232  O 09092026 0700 04
12217  O 09092026 0700 04
12499  O 09092026 0700 04
12724  O 09092026 0700 04
11693  O 09092026 0700 07
12858  O 09092026 0700 07
12720  O 09092026 0700 07
12122  O 09092026 0700 07
10500  O 09092026 0700 07
10728  O 09092026 0700 07
10673  O 09092026 0700 07
12184  O 09092026 0700 07
01351  O 09092026 0700 07
11879  O 09092026 0700 08
10658  O 09092026 0700 08
10224  O 09092026 0700 08
01470  O 09092026 0700 08
12501  O 09092026 0700 08
10825  O 09092026 0700 08
03053  O 09092026 0700 08
10700  O 09092026 0700 08
12502  O 09092026 0700 11
11494  O 09092026 0700 11
12474  O 09092026 0700 11
12532  O 09092026 0700 11
12731  O 09092026 0700 11
12938  O 09092026 0700 11
03027  O 09092026 0700 11
12298  O 09092026 0700 11
12780  O 09092026 0700 11
03122  O 09092026 0700 12
12653  O 09092026 0700 12
10309  O 09092026 0700 12
12673  O 09092026 0700 12
12642  O 09092026 0700 12
12650  O 09092026 0700 12
11848  O 09092026 0700 12
12682  O 09092026 0700 12
01320  O 09092026 0700 12
12809  O 09092026 0700 12
12758  O 09092026 0701 03
12670  O 09092026 0701 03
01355  O 09092026 0701 03
12530  O 09092026 0701 03
10607  O 09092026 0701 03
12076  O 09092026 0701 03
03037  O 09092026 0701 04
12818  O 09092026 0701 04
12230  O 09092026 0701 04
12237  O 09092026 0701 07
11772  O 09092026 0701 07
12090  O 09092026 0701 07
12302  O 09092026 0701 07
12722  O 09092026 0701 07
10791  O 09092026 0701 07
01436  O 09092026 0701 07
03112  O 09092026 0701 07
12475  O 09092026 0701 07
10754  O 09092026 0701 08
10219  O 09092026 0701 08
10017  O 09092026 0701 08
01344  O 09092026 0701 08
10641  O 09092026 0701 08
12471  O 09092026 0701 08
10642  O 09092026 0701 08
12961  O 09092026 0701 11
10133  O 09092026 0701 11
12610  O 09092026 0701 11
12125  O 09092026 0701 11
12678  O 09092026 0701 11
12208  O 09092026 0701 12
12485  O 09092026 0701 12
12598  O 09092026 0701 12
11250  O 09092026 0701 12
10574  O 09092026 0701 12
11402  O 09092026 0701 12
12950  O 09092026 0701 12
03104  O 09092026 0701 14
01296  O 09092026 0701 14
12021  O 09092026 0701 14
12049  O 09092026 0701 14
12545  O 09092026 0702 03
12612  O 09092026 0702 03
12898  O 09092026 0702 03
12085  O 09092026 0702 03
10523  O 09092026 0702 03
10145  O 09092026 0702 03
12241  O 09092026 0702 04
12928  O 09092026 0702 04
12872  O 09092026 0702 04
12963  O 09092026 0702 04
12816  O 09092026 0702 04
10726  O 09092026 0702 04
10240  O 09092026 0702 04
11940  O 09092026 0702 04
11538  O 09092026 0702 07
03168  O 09092026 0702 07
12142  O 09092026 0702 07
12629  O 09092026 0702 07
12236  O 09092026 0702 08
10775  O 09092026 0702 08
12255  O 09092026 0702 08
01302  O 09092026 0702 08
12840  O 09092026 0702 08
12069  O 09092026 0702 11
12676  O 09092026 0702 11
01459  O 09092026 0702 12
12807  O 09092026 0702 12
12553  O 09092026 0702 12
12742  O 09092026 0703 03
12337  O 09092026 0703 03
10573  O 09092026 0703 03
12205  O 09092026 0703 03
12926  O 09092026 0703 03
12929  O 09092026 0703 03
10675  O 09092026 0703 03
12755  O 09092026 0703 03
12248  O 09092026 0703 04
12433  O 09092026 0703 04
12798  O 09092026 0703 04
01483  O 09092026 0703 04
11286  O 09092026 0703 04
12855  O 09092026 0703 04
10605  O 09092026 0703 07
10026  O 09092026 0703 07
12849  O 09092026 0703 07
12711  O 09092026 0703 07
12743  O 09092026 0703 07
10223  O 09092026 0703 07
11936  O 09092026 0703 08
12803  O 09092026 0703 08
11776  O 09092026 0703 08
12351  O 09092026 0703 08
12486  O 09092026 0703 11
12224  O 09092026 0703 12
12736  O 09092026 0703 12
01333  O 09092026 0703 12
10817  O 09092026 0704 03
03148  O 09092026 0704 03
12244  O 09092026 0704 03
01448  O 09092026 0704 03
12266  O 09092026 0704 04
12096  O 09092026 0704 04
12667  O 09092026 0704 04
12148  O 09092026 0704 04
10604  O 09092026 0704 04
12355  O 09092026 0704 07
01367  O 09092026 0704 07
11942  O 09092026 0704 07
03032  O 09092026 0704 07
10808  O 09092026 0704 08
12413  O 09092026 0704 08
11534  O 09092026 0704 08
12575  O 09092026 0704 08
12726  O 09092026 0704 11
12869  O 09092026 0704 11
12082  O 09092026 0704 11
11937  O 09092026 0704 11
12623  O 09092026 0705 03
12206  O 09092026 0705 03
11724  O 09092026 0705 04
10697  O 09092026 0705 11
12595  O 09092026 0705 11
12415  O 09092026 0705 12
12827  O 09092026 0706 03
12790  O 09092026 0706 04
10847  O 09092026 0706 11
03153  O 09092026 0706 12
12359  O 09092026 0706 12
10264  O 09092026 0706 12
01356  O 09092026 0707 03
12476  O 09092026 0707 04
11765  O 09092026 0707 11
11605  O 09092026 0707 11
11390  O 09092026 0708 08
12738  O 09092026 0709 03
12135  O 09092026 0709 04
01446  O 09092026 0709 11
12639  O 09092026 0709 11
12810  O 09092026 0709 11
12128  O 09092026 0709 12
12583  O 09092026 0709 12
03001  O 09092026 0709 12
03078  O 09092026 0710 03
10146  O 09092026 0710 08
12663  O 09092026 0710 11
12889  O 09092026 0711 03
10140  O 09092026 0711 07
12349  O 09092026 0713 03
01428  O 09092026 0714 07
12919  O 09092026 0715 03
10405  O 09092026 0716 11
03152  O 09092026 0717 04
12706  O 09092026 0718 11
12546  O 09092026 0720 12
12147  O 09092026 0721 04
11387  O 09092026 0724 07
01373  O 09092026 0724 08
12334  O 09092026 0727 07
11607  O 09092026 0727 07
12291  O 09092026 0735 03
03017  O 09092026 0736 07
12199  O 09092026 0742 03
01413  O 09092026 0749 12
03103  O 09092026 0755 08
12488  O 09092026 0801 14
01512  O 09092026 0811 12
10608  O 09092026 0812 12