   10608  O 09162026 0009 12
   01454  I 09162026 0453 01
   09823  I 09162026 0526 06
   12089  I 09162026 0545 05
   11690  I 09162026 0547 05
   03007  I 09162026 0551 06
   12392  I 09162026 0558 05
   12844  I 09162026 0600 02
   12647  I 09162026 0600 01
   01231  I 09162026 0604 05
   01339  I 09162026 0608 06
   12644  I 09162026 0608 06
   01423  I 09162026 0608 02
   12965  I 09162026 0609 02
   12583  I 09162026 0609 06
   12140  I 09162026 0609 06
   12903  I 09162026 0610 01
   12832  I 09162026 0610 05
   10456  I 09162026 0610 06
   12625  I 09162026 0610 05
   12539  I 09162026 0611 06
   03047  I 09162026 0611 05
   10310  I 09162026 0611 06
   03029  I 09162026 0611 06
   12897  I 09162026 0611 01
   12561  I 09162026 0612 01
   12692  I 09162026 0613 02
   01295  I 09162026 0613 01
   11647  I 09162026 0615 05
   12664  I 09162026 0615 06
   12712  I 09162026 0615 05
   12856  I 09162026 0615 02
   10201  I 09162026 0616 01
   01249  I 09162026 0617 05
   10736  O 09162026 0617 03
   10736  I 09162026 0617 02
   03119  I 09162026 0618 06
   12497  I 09162026 0618 01
   12679  I 09162026 0618 05
   12948  I 09162026 0618 01
   12760  I 09162026 0619 01
   12791  I 09162026 0619 02
   01320  I 09162026 0619 06
   12761  I 09162026 0619 01
   03170  I 09162026 0619 01
   12711  I 09162026 0619 06
   03173  I 09162026 0620 06
   12637  I 09162026 0621 06
   12136  I 09162026 0621 01
   10083  I 09162026 0621 06
   12887  I 09162026 0621 01
   01487  I 09162026 0622 02
   11936  I 09162026 0622 06
   11267  I 09162026 0622 01
   12812  I 09162026 0622 05
   12676  I 09162026 0622 05
   12947  I 09162026 0622 02
   12831  I 09162026 0624 01
   01449  I 09162026 0624 02
   10117  I 09162026 0624 05
   10100  I 09162026 0624 06
   10224  I 09162026 0624 05
   11605  I 09162026 0624 05
   10766  I 09162026 0624 06
   12072  I 09162026 0625 02
   01417  I 09162026 0625 06
   11493  I 09162026 0625 05
   12780  I 09162026 0626 06
   10356  I 09162026 0626 05
   12645  I 09162026 0626 05
   12756  I 09162026 0627 06
   10605  I 09162026 0627 05
   12668  I 09162026 0627 01
   10054  I 09162026 0627 02
   12810  I 09162026 0628 06
   12762  I 09162026 0628 01
   12813  I 09162026 0629 06
   10807  I 09162026 0629 01
   12669  I 09162026 0630 05
   12833  I 09162026 0631 06
   01234  I 09162026 0632 01
   12267  I 09162026 0632 06
   10177  I 09162026 0632 05
   10199  I 09162026 0632 05
   12056  I 09162026 0632 01
   12949  I 09162026 0632 02
   01504  I 09162026 0632 02
   12945  I 09162026 0632 06
   10847  I 09162026 0632 05
   01330  I 09162026 0633 06
   12693  I 09162026 0633 06
   01266  I 09162026 0633 05
   03077  I 09162026 0633 06
   10184  I 09162026 0633 06
   12156  O 09162026 0633 07
   10425  I 09162026 0633 02
   12156  I 09162026 0633 06
   10720  I 09162026 0634 06
   11266  I 09162026 0634 05
   01333  I 09162026 0634 05
   12723  I 09162026 0635 01
   12383  I 09162026 0635 02
   03123  I 09162026 0635 06
   03061  I 09162026 0635 05
   12412  I 09162026 0635 06
   10576  I 09162026 0635 02
   12368  I 09162026 0635 06
   10357  I 09162026 0635 05
   10047  I 09162026 0635 01
   12458  I 09162026 0636 02
   12317  I 09162026 0636 05
   01232  I 09162026 0636 06
   03027  I 09162026 0636 05
   12067  I 09162026 0636 05
   12354  I 09162026 0636 05
   10285  I 09162026 0637 06
   10116  I 09162026 0637 05
   12793  I 09162026 0637 01
   12690  I 09162026 0638 06
   12234  I 09162026 0638 01
   12662  I 09162026 0638 02
   12930  I 09162026 0638 01
   01345  I 09162026 0638 05
   12951  I 09162026 0638 01
   12356  I 09162026 0638 02
   11863  I 09162026 0638 06
   12631  I 09162026 0638 06
   01452  I 09162026 0638 02
   10786  I 09162026 0639 05
   12699  O 09162026 0639 03
   12699  I 09162026 0639 02
   12116  I 09162026 0639 06
   12609  I 09162026 0639 05
   12729  I 09162026 0639 05
   12451  I 09162026 0639 02
   12376  I 09162026 0639 02
   12764  I 09162026 0640 06
   12191  I 09162026 0640 02
   12084  I 09162026 0640 02
   11646  I 09162026 0640 06
   12472  I 09162026 0640 06
   12222  I 09162026 0640 05
   11787  I 09162026 0640 06
   11411  I 09162026 0641 02
   12142  I 09162026 0641 06
   10706  I 09162026 0641 05
   03159  I 09162026 0642 09
   12146  I 09162026 0642 01
   03177  I 09162026 0643 02
   01317  I 09162026 0643 02
   10287  I 09162026 0643 06
   01475  I 09162026 0643 01
   10050  I 09162026 0644 02
   11166  I 09162026 0644 01
   12944  I 09162026 0644 01
   12188  I 09162026 0644 06
   11937  I 09162026 0644 06
   12783  I 09162026 0644 05
   12020  I 09162026 0644 06
   10490  I 09162026 0645 06
   10700  I 09162026 0645 06
   10794  I 09162026 0645 06
   10827  I 09162026 0645 01
   03058  I 09162026 0645 06
   03151  I 09162026 0645 01
   03012  I 09162026 0646 06
   11495  I 09162026 0646 02
   01432  I 09162026 0646 05
   12499  O 09162026 0646 03
   03085  I 09162026 0646 06
   01499  I 09162026 0646 06
   12499  I 09162026 0646 01
   10617  I 09162026 0646 05
   10598  I 09162026 0646 06
   10384  I 09162026 0646 05
   10017  I 09162026 0646 06
   12293  I 09162026 0646 05
   12569  I 09162026 0646 05
   10609  I 09162026 0647 05
   11169  I 09162026 0647 05
   12066  I 09162026 0647 06
   11694  I 09162026 0647 06
   11687  I 09162026 0647 01
   12757  I 09162026 0647 06
   10669  I 09162026 0647 02
   12825  I 09162026 0647 01
   12578  I 09162026 0647 02
   11928  I 09162026 0647 05
   12350  I 09162026 0647 01
   03120  I 09162026 0647 05
   12639  I 09162026 0648 05
   12439  I 09162026 0648 02
   12853  I 09162026 0648 05
   10135  I 09162026 0648 05
   12082  I 09162026 0648 06
   12553  I 09162026 0648 05
   10232  I 09162026 0648 01
   11945  I 09162026 0648 06
   12727  I 09162026 0649 06
   12135  I 09162026 0649 01
   10697  I 09162026 0649 05
   12247  I 09162026 0649 05
   10759  I 09162026 0649 06
   12371  I 09162026 0649 06
   12763  I 09162026 0650 01
   12878  I 09162026 0650 02
   10449  I 09162026 0650 05
   01456  I 09162026 0650 06
   11767  I 09162026 0650 05
   12614  I 09162026 0650 01
   12206  I 09162026 0650 02
   12254  I 09162026 0650 05
   12901  I 09162026 0650 06
   01374  I 09162026 0650 01
   01365  I 09162026 0651 05
   12843  I 09162026 0651 02
   12298  I 09162026 0651 02
   01492  I 09162026 0651 06
   12221  I 09162026 0651 09
   10407  I 09162026 0652 10
   12049  I 09162026 0652 06
   12805  I 09162026 0652 05
   12819  I 09162026 0652 02
   10611  I 09162026 0652 09
   12538  I 09162026 0652 01
   11519  I 09162026 0652 05
   12716  I 09162026 0652 06
   12665  I 09162026 0652 01
   12123  I 09162026 0652 05
   12372  I 09162026 0652 02
   11652  I 09162026 0653 01
   11537  I 09162026 0653 06
   12829  I 09162026 0653 02
   10830  I 09162026 0653 01
   03124  I 09162026 0653 02
   11168  I 09162026 0653 01
   11496  I 09162026 0653 05
   12807  I 09162026 0654 06
   01415  I 09162026 0654 05
   12184  I 09162026 0654 06
   11408  I 09162026 0654 02
   10245  I 09162026 0654 01
   12721  I 09162026 0654 01
   12238  I 09162026 0654 02
   12416  I 09162026 0654 06
   10588  I 09162026 0654 05
   12557  I 09162026 0654 01
   12204  I 09162026 0654 01
   12275  I 09162026 0654 05
   12737  I 09162026 0655 01
   11408  O 09162026 0655 03
   11408  I 09162026 0655 02
   10581  I 09162026 0655 05
   12373  I 09162026 0655 01
   12187  I 09162026 0655 06
   12818  I 09162026 0655 01
   12543  I 09162026 0655 02
   10350  I 09162026 0655 01
   12841  I 09162026 0656 01
   12670  I 09162026 0656 01
   12305  I 09162026 0656 02
   12877  I 09162026 0656 01
   11784  I 09162026 0656 06
   12076  I 09162026 0657 01
   12584  I 09162026 0657 05
   12370  I 09162026 0657 06
   12164  I 09162026 0657 02
   11522  I 09162026 0657 02
   03080  I 09162026 0658 01
   10796  I 09162026 0658 02
   10466  I 09162026 0658 01
   11725  I 09162026 0658 02
   12582  I 09162026 0658 06
   01405  I 09162026 0658 06
   10148  I 09162026 0659 05
   03101  I 09162026 0659 02
   12080  O 09162026 0700 07
   11692  I 09162026 0700 02
   10825  O 09162026 0700 08
   12462  I 09162026 0700 05
   11693  O 09162026 0700 11
   12496  O 09162026 0700 14
   12307  O 09162026 0700 12
   12672  O 09162026 0700 03
   10386  O 09162026 0700 04
   03161  I 09162026 0700 01
   10070  O 09162026 0700 11
   12112  O 09162026 0700 12
   12473  O 09162026 0700 14
   01357  O 09162026 0700 08
   10500  O 09162026 0700 07
   12460  O 09162026 0700 04
   12357  O 09162026 0700 03
   12627  O 09162026 0700 11
   12097  O 09162026 0700 08
   12256  O 09162026 0700 12
   12151  I 09162026 0700 02
   10787  O 09162026 0700 07
   12259  O 09162026 0700 08
   12890  O 09162026 0700 11
   12260  O 09162026 0700 12
   03059  O 09162026 0700 07
   12804  O 09162026 0700 04
   12828  O 09162026 0700 03
   12475  O 09162026 0700 11
   10522  O 09162026 0700 08
   12299  O 09162026 0700 12
   10333  O 09162026 0700 07
   12601  O 09162026 0700 04
   12894  O 09162026 0700 11
   12558  O 09162026 0700 03
   12555  I 09162026 0700 01
   03167  O 09162026 0700 14
   12888  O 09162026 0700 07
   12540  O 09162026 0700 03
   12615  O 09162026 0700 08
   12622  O 09162026 0700 04
   12821  O 09162026 0700 11
   12339  O 09162026 0700 11
   12815  O 09162026 0700 07
   11777  O 09162026 0700 08
   01481  O 09162026 0700 07
   12710  O 09162026 0700 11
   12074  O 09162026 0700 04
   12824  O 09162026 0700 03
   11774  O 09162026 0700 04
   12098  O 09162026 0700 08
   01402  O 09162026 0700 07
   12802  O 09162026 0700 03
   12021  O 09162026 0700 11
   12576  O 09162026 0700 04
   12927  O 09162026 0700 03
   10795  O 09162026 0700 07
   10658  O 09162026 0700 11
   12845  O 09162026 0700 12
   12244  O 09162026 0701 04
   01471  O 09162026 0701 08
   12657  I 09162026 0701 06
   12456  O 09162026 0701 03
   12069  O 09162026 0701 11
   12556  O 09162026 0701 04
   10291  O 09162026 0701 07
   12594  O 09162026 0701 12
   10086  O 09162026 0701 08
   10222  O 09162026 0701 07
   12396  O 09162026 0701 04
   12724  O 09162026 0701 03
   12673  O 09162026 0701 12
   10223  O 09162026 0701 07
   10091  O 09162026 0701 08
   12531  O 09162026 0701 03
   12847  O 09162026 0701 04
   12230  I 09162026 0701 01
   10221  O 09162026 0701 03
   12081  O 09162026 0701 08
   01325  O 09162026 0701 07
   11355  I 09162026 0701 02
   10724  O 09162026 0701 03
   03010  O 09162026 0701 08
   12677  O 09162026 0701 07
   12786  O 09162026 0701 04
   12217  O 09162026 0701 04
   10234  O 09162026 0701 03
   10696  I 09162026 0701 02
   11688  O 09162026 0701 07
   12852  O 09162026 0701 12
   12666  I 09162026 0701 01
   10467  O 09162026 0701 04
   10698  O 09162026 0701 08
   12185  O 09162026 0701 11
   10712  I 09162026 0701 06
   12133  O 09162026 0701 03
   11392  O 09162026 0701 07
   12488  I 09162026 0701 02
   12814  O 09162026 0701 04
   12651  O 09162026 0701 11
   10788  O 09162026 0701 08
   12957  O 09162026 0701 03
   01335  O 09162026 0701 07
   12904  O 09162026 0701 04
   12113  O 09162026 0701 11
   12568  O 09162026 0701 12
   12241  O 09162026 0702 04
   03018  O 09162026 0702 08
   12792  O 09162026 0702 03
   12629  O 09162026 0702 07
   10358  O 09162026 0702 11
   12397  O 09162026 0702 04
   12624  I 09162026 0702 01
   12920  O 09162026 0702 03
   03136  I 09162026 0702 01
   10573  O 09162026 0702 04
   12611  I 09162026 0702 02
   12055  O 09162026 0702 03
   03172  O 09162026 0702 12
   01396  O 09162026 0702 07
   03126  O 09162026 0702 03
   12732  O 09162026 0702 11
   09676  O 09162026 0702 04
   01425  O 09162026 0702 12
   01511  O 09162026 0702 03
   12851  O 09162026 0702 12
   10373  O 09162026 0702 03
   12148  O 09162026 0702 04
   12717  I 09162026 0702 05
   03088  O 09162026 0702 04
   12661  O 09162026 0702 07
   10505  O 09162026 0702 08
   10383  O 09162026 0702 11
   01483  O 09162026 0703 08
   12790  O 09162026 0703 03
   12799  O 09162026 0703 04
   12946  O 09162026 0703 08
   10831  O 09162026 0703 12
   12612  O 09162026 0703 03
   12688  O 09162026 0703 08
   03035  O 09162026 0703 11
   12689  O 09162026 0703 07
   10334  I 09162026 0703 02
   10202  O 09162026 0703 03
   12854  O 09162026 0703 12
   12630  O 09162026 0703 07
   12141  I 09162026 0703 02
   12343  O 09162026 0703 08
   12873  O 09162026 0703 04
   12861  O 09162026 0703 11
   03102  I 09162026 0703 01
   03098  O 09162026 0703 07
   12694  I 09162026 0703 02
   12125  I 09162026 0703 01
   12059  O 09162026 0703 03
   11943  I 09162026 0703 05
   12353  O 09162026 0703 07
   12289  O 09162026 0703 08
   10094  O 09162026 0703 03
   11719  O 09162026 0703 04
   10378  I 09162026 0703 01
   10612  O 09162026 0703 14
   12871  O 09162026 0703 03
   12826  O 09162026 0703 04
   11250  O 09162026 0703 12
   10791  O 09162026 0703 07
   12862  O 09162026 0703 03
   12943  O 09162026 0704 03
   01477  O 09162026 0704 11
   12926  O 09162026 0704 03
   10640  I 09162026 0704 01
   01448  O 09162026 0704 03
   12816  O 09162026 0704 04
   01422  O 09162026 0704 07
   12246  O 09162026 0704 08
   12725  O 09162026 0704 04
   03030  O 09162026 0704 14
   10585  O 09162026 0704 04
   11223  O 09162026 0704 08
   12433  O 09162026 0704 03
   01433  O 09162026 0704 07
   12695  O 09162026 0704 04
   12886  O 09162026 0704 04
   11768  O 09162026 0704 12
   10811  O 09162026 0704 07
   10780  O 09162026 0704 08
   12701  O 09162026 0705 03
   10133  O 09162026 0705 12
   10264  O 09162026 0705 12
   03108  O 09162026 0705 11
   10055  I 09162026 0705 01
   12224  O 09162026 0705 12
   12093  O 09162026 0705 03
   11404  O 09162026 0705 12
   12640  I 09162026 0705 02
   12501  O 09162026 0705 04
   12638  O 09162026 0705 12
   12093  I 09162026 0705 02
   01369  I 09162026 0705 01
   12500  O 09162026 0705 03
   12652  O 09162026 0705 12
   01459  O 09162026 0705 12
   03026  O 09162026 0705 11
   12736  I 09162026 0705 06
   12754  O 09162026 0705 08
   11726  O 09162026 0705 03
   12457  O 09162026 0705 07
   12874  O 09162026 0706 04
   11222  O 09162026 0706 03
   10765  O 09162026 0706 07
   01379  O 09162026 0706 08
   12306  O 09162026 0706 11
   12269  O 09162026 0706 12
   12735  O 09162026 0706 07
   12544  O 09162026 0706 11
   12189  O 09162026 0706 07
   12153  I 09162026 0706 02
   11933  O 09162026 0707 03
   12738  O 09162026 0707 03
   12186  O 09162026 0707 08
   09833  O 09162026 0707 11
   03179  O 09162026 0707 07
   12248  O 09162026 0707 03
   03118  O 09162026 0707 08
   01341  I 09162026 0707 01
   12088  O 09162026 0707 12
   11400  O 09162026 0707 12
   09704  O 09162026 0708 08
   03039  O 09162026 0708 08
   12325  O 09162026 0709 11
   12415  O 09162026 0709 12
   11789  O 09162026 0709 07
   03141  O 09162026 0709 12
   12808  O 09162026 0711 11
   12463  O 09162026 0711 12
   12674  O 09162026 0711 12
   12706  I 09162026 0711 02
   10046  O 09162026 0712 03
   12741  O 09162026 0712 03
   11398  O 09162026 0712 08
   12131  O 09162026 0714 03
   12489  O 09162026 0715 08
   10306  O 09162026 0717 03
   10073  O 09162026 0718 12
   12115  O 09162026 0718 07
   12183  O 09162026 0723 14
   12199  O 09162026 0723 03
   11946  O 09162026 0729 12
   12390  O 09162026 0731 03
   12546  O 09162026 0731 12
   03135  O 09162026 0737 07
   12667  I 09162026 0740 02
   12736  O 09162026 0749 12
   10663  O 09162026 0755 08
   01512  O 09162026 0759 12
   11607  I 09162026 1004 01
   12266  I 09162026 1032 02
   12355  I 09162026 1038 02
   11926  I 09162026 1044 01
   10785  I 09162026 1054 06
   01355  I 09162026 1251 05
   10642  I 09162026 1308 05
   01312  I 09162026 1313 05
   01428  I 09162026 1320 01
   12822  I 09162026 1321 05
   12678  I 09162026 1329 06
   01413  I 09162026 1331 05
   12924  I 09162026 1341 06
   10369  I 09162026 1342 05
   10140  I 09162026 1342 05
   11765  I 09162026 1343 06
   03122  I 09162026 1347 05
   10849  I 09162026 1348 01
   12475  I 09162026 1349 06
   03148  I 09162026 1350 02
   12128  I 09162026 1354 06
   03053  I 09162026 1355 05
   12823  I 09162026 1356 01
   12898  I 09162026 1358 02
   12963  I 09162026 1358 01
   12700  I 09162026 1359 05
   12162  I 09162026 1402 02
   12785  I 09162026 1402 01
   12929  I 09162026 1404 01
   11250  I 09162026 1404 06
   12904  I 09162026 1407 05
   12805  O 09162026 1407 07
   12922  I 09162026 1409 01
   12532  I 09162026 1409 05
   12928  I 09162026 1411 01
   12759  I 09162026 1411 01
   12938  I 09162026 1412 06
   01344  I 09162026 1415 05
   12205  I 09162026 1415 02
   12962  I 09162026 1415 01
   11940  I 09162026 1417 06
   10240  I 09162026 1417 06
   11538  I 09162026 1417 05
   12595  I 09162026 1419 06
   03104  I 09162026 1419 05
   10309  I 09162026 1419 06
   12869  I 09162026 1420 05
   12255  I 09162026 1420 05
   12950  I 09162026 1422 02
   11390  I 09162026 1424 06
   03112  I 09162026 1424 06
   10383  I 09162026 1426 06
   12840  I 09162026 1426 06
   12849  I 09162026 1426 05
   12530  I 09162026 1427 02
   12485  I 09162026 1427 05
   10607  I 09162026 1427 01
   10673  I 09162026 1427 05
   11498  I 09162026 1428 05
   12612  I 09162026 1428 06
   12080  I 09162026 1429 06
   12236  I 09162026 1429 05
   12650  I 09162026 1429 05
   12889  I 09162026 1430 05
   01436  I 09162026 1430 05
   10775  I 09162026 1430 06
   12858  I 09162026 1431 05
   10641  I 09162026 1431 05
   12085  I 09162026 1432 02
   12673  I 09162026 1432 05
   12359  I 09162026 1432 06
   12433  I 09162026 1433 01
   12872  I 09162026 1433 02
   12291  I 09162026 1433 01
   12724  I 09162026 1433 05
   10146  I 09162026 1433 05
   01351  I 09162026 1434 06
   11724  I 09162026 1434 01
   01302  I 09162026 1434 06
   12809  I 09162026 1434 05
   12610  I 09162026 1435 06
   03168  I 09162026 1435 05
   10223  I 09162026 1435 05
   01356  I 09162026 1435 01
   10604  I 09162026 1436 02
   10675  I 09162026 1436 01
   12926  I 09162026 1436 01
   01483  I 09162026 1436 02
   03017  I 09162026 1436 05
   12919  O 09162026 1436 03
   12919  I 09162026 1437 01
   11402  I 09162026 1437 05
   12743  I 09162026 1437 05
   01470  I 09162026 1437 05
   01367  I 09162026 1438 05
   11776  I 09162026 1438 05
   03078  I 09162026 1438 06
   03153  I 09162026 1438 06
   01446  I 09162026 1438 05
   03152  I 09162026 1438 06
   12351  I 09162026 1439 02
   12863  I 09162026 1439 01
   12069  I 09162026 1439 06
   12217  I 09162026 1439 02
   10318  I 09162026 1439 01
   12894  I 09162026 1440 06
   12821  I 09162026 1441 05
   11534  I 09162026 1441 06
   11772  I 09162026 1441 06
   11879  I 09162026 1441 06
   12718  I 09162026 1441 01
   11387  I 09162026 1442 05
   10791  I 09162026 1442 02
   12339  I 09162026 1442 05
   12503  I 09162026 1443 01
   12575  I 09162026 1443 06
   11780  I 09162026 1444 06
   12413  I 09162026 1444 05
   12476  I 09162026 1444 02
   03037  I 09162026 1444 06
   12090  I 09162026 1445 06
   10026  I 09162026 1445 05
   12740  I 09162026 1445 02
   10523  I 09162026 1445 01
   10726  I 09162026 1445 05
   01327  I 09162026 1445 01
   12415  I 09162026 1446 06
   12629  I 09162026 1446 01
   12299  I 09162026 1446 05
   10219  I 09162026 1446 05
   10243  I 09162026 1447 02
   03103  I 09162026 1447 02
   12349  I 09162026 1448 01
   03032  I 09162026 1448 02
   01510  I 09162026 1448 02
   12598  I 09162026 1449 06
   11494  I 09162026 1449 05
   12653  I 09162026 1449 05
   12244  I 09162026 1449 02
   12577  I 09162026 1450 06
   10678  I 09162026 1450 02
   12682  I 09162026 1450 05
   10808  I 09162026 1450 06
   12138  I 09162026 1450 02
   12726  I 09162026 1450 05
   01296  I 09162026 1450 05
   12798  I 09162026 1450 02
   01373  I 09162026 1450 05
   01382  I 09162026 1450 05
   12961  I 09162026 1451 01
   12474  I 09162026 1451 06
   12731  I 09162026 1451 05
   12642  I 09162026 1451 05
   12855  I 09162026 1452 02
   12755  I 09162026 1452 02
   10728  I 09162026 1452 06
   12720  I 09162026 1452 02
   12827  I 09162026 1452 01
   10574  I 09162026 1452 05
   10500  I 09162026 1453 05
   12237  I 09162026 1454 05
   12846  I 09162026 1454 05
   12369  I 09162026 1454 05
   11650  I 09162026 1455 06
   11286  I 09162026 1456 01
   12816  I 09162026 1456 01
   12302  I 09162026 1456 05
   10705  I 09162026 1457 05
   12742  I 09162026 1457 01
   12820  I 09162026 1457 06
   12545  I 09162026 1457 01
   03126  I 09162026 1458 06
   12353  I 09162026 1459 02
   12722  I 09162026 1459 05
   01320  O 09162026 1500 12
   12669  O 09162026 1500 07
   12337  I 09162026 1500 01
   12254  O 09162026 1500 11
   12647  O 09162026 1500 03
   10720  O 09162026 1500 08
   10573  I 09162026 1500 02
   12712  O 09162026 1500 07
   01330  O 09162026 1500 04
   12637  O 09162026 1500 12
   12614  O 09162026 1500 03
   12298  O 09162026 1500 14
   12729  O 09162026 1500 11
   12275  O 09162026 1500 07
   12903  O 09162026 1500 03
   11767  O 09162026 1500 12
   01405  O 09162026 1500 04
   12122  I 09162026 1500 02
   12727  O 09162026 1500 11
   12056  O 09162026 1500 08
   10609  O 09162026 1500 12
   12146  O 09162026 1500 04
   12089  O 09162026 1500 11
   12555  O 09162026 1500 04
   11168  O 09162026 1500 12
   12645  O 09162026 1500 11
   12764  O 09162026 1500 08
   11266  O 09162026 1500 07
   10116  O 09162026 1500 11
   01452  O 09162026 1500 04
   10287  O 09162026 1500 12
   10807  O 09162026 1500 03
   11652  O 09162026 1500 04
   01492  O 09162026 1500 08
   03047  O 09162026 1500 07
   12082  O 09162026 1500 11
   03173  O 09162026 1500 03
   03077  O 09162026 1500 04
   10100  O 09162026 1500 08
   11937  O 09162026 1500 11
   03012  O 09162026 1500 07
   10696  O 09162026 1500 03
   12609  O 09162026 1500 07
   11945  O 09162026 1500 11
   12664  O 09162026 1500 08
   12543  O 09162026 1500 04
   12644  O 09162026 1501 12
   12049  O 09162026 1501 14
   12538  O 09162026 1501 03
   12497  O 09162026 1501 04
   12813  O 09162026 1501 08
   12557  O 09162026 1501 07
   12812  O 09162026 1501 11
   12625  O 09162026 1501 08
   03170  O 09162026 1501 03
   10456  O 09162026 1501 07
   12901  O 09162026 1501 11
   11646  O 09162026 1501 12
   12818  O 09162026 1501 04
   12164  O 09162026 1501 03
   03119  O 09162026 1501 11
   12234  O 09162026 1501 04
   12267  O 09162026 1501 12
   12631  O 09162026 1501 11
   12392  O 09162026 1501 03
   12093  O 09162026 1501 11
   10017  O 09162026 1501 08
   12723  O 09162026 1501 03
   12965  O 09162026 1501 04
   12188  O 09162026 1501 03
   03007  O 09162026 1501 11
   10617  O 09162026 1501 07
   10581  O 09162026 1501 08
   12679  O 09162026 1501 11
   12780  O 09162026 1501 12
   03102  O 09162026 1501 07
   10766  O 09162026 1501 08
   12793  O 09162026 1501 03
   12416  O 09162026 1501 07
   12949  O 09162026 1501 04
   11169  O 09162026 1501 08
   12948  O 09162026 1502 03
   12791  O 09162026 1502 04
   11694  O 09162026 1502 07
   12856  O 09162026 1502 03
   12247  O 09162026 1502 11
   12760  O 09162026 1502 04
   12831  O 09162026 1502 03
   03085  O 09162026 1502 08
   12930  O 09162026 1502 04
   12844  O 09162026 1502 03
   12761  O 09162026 1502 04
   12887  O 09162026 1502 03
   12350  O 09162026 1502 04
   10697  O 09162026 1502 11
   11411  O 09162026 1502 03
   11605  O 09162026 1502 11
   12472  O 09162026 1502 14
   12135  O 09162026 1502 04
   11787  O 09162026 1502 14
   11355  O 09162026 1502 03
   12096  I 09162026 1502 01
   10608  I 09162026 1503 01
   12841  O 09162026 1503 03
   01231  O 09162026 1503 07
   03080  O 09162026 1503 04
   12763  O 09162026 1503 03
   12499  O 09162026 1503 04
   11936  O 09162026 1503 08
   10148  O 09162026 1503 07
   10145  I 09162026 1503 01
   12662  O 09162026 1503 08
   10605  O 09162026 1503 07
   12944  O 09162026 1503 03
   12692  O 09162026 1503 07
   12843  O 09162026 1503 04
   01345  O 09162026 1503 08
   12665  O 09162026 1503 03
   12951  O 09162026 1503 04
   12020  O 09162026 1503 08
   01339  O 09162026 1503 12
   01232  O 09162026 1503 11
   10245  O 09162026 1504 03
   10177  O 09162026 1504 07
   11537  O 09162026 1504 08
   10285  O 09162026 1504 07
   10384  O 09162026 1504 03
   10490  O 09162026 1504 07
   10184  O 09162026 1504 04
   12370  O 09162026 1504 11
   10794  O 09162026 1504 07
   12561  O 09162026 1504 03
   10827  O 09162026 1504 04
   03058  O 09162026 1504 08
   11687  O 09162026 1504 03
   11943  O 09162026 1504 07
   12116  O 09162026 1504 08
   03161  O 09162026 1504 03
   03124  O 09162026 1504 04
   12354  O 09162026 1504 08
   11647  O 09162026 1504 07
   10356  O 09162026 1504 08
   12582  O 09162026 1504 07
   12458  O 09162026 1504 03
   12204  O 09162026 1504 04
   12147  I 09162026 1504 02
   12611  O 09162026 1505 04
   03136  O 09162026 1505 03
   12666  O 09162026 1505 04
   12153  O 09162026 1505 03
   12853  O 09162026 1505 08
   10817  I 09162026 1505 02
   11692  O 09162026 1505 07
   12623  I 09162026 1505 02
   01341  O 09162026 1505 04
   09823  O 09162026 1505 07
   12757  O 09162026 1505 11
   12072  O 09162026 1505 04
   10350  O 09162026 1506 12
   12412  O 09162026 1506 11
   12221  O 09162026 1506 12
   12140  O 09162026 1506 07
   12184  O 09162026 1506 11
   12151  O 09162026 1506 03
   12199  I 09162026 1506 01
   01454  O 09162026 1506 04
   01295  O 09162026 1506 04
   10378  O 09162026 1507 04
   11725  O 09162026 1507 03
   12067  O 09162026 1508 14
   03120  O 09162026 1508 11
   12066  O 09162026 1508 14
   01504  O 09162026 1509 04
   10669  O 09162026 1509 03
   12376  O 09162026 1510 12
   01423  O 09162026 1510 11
   11495  O 09162026 1510 04
   12832  O 09162026 1510 03
   10117  O 09162026 1511 07
   12947  O 09162026 1511 04
   10425  O 09162026 1512 03
   01417  O 09162026 1512 08
   10334  O 09162026 1514 08
   01234  O 09162026 1514 03
   12690  O 09162026 1514 08
   11863  O 09162026 1515 12
   01249  O 09162026 1516 12
   10786  O 09162026 1517 08
   01365  O 09162026 1517 08
   01432  O 09162026 1517 08
   01499  O 09162026 1519 08
   12238  O 09162026 1523 12
   01266  O 09162026 1525 08
   01374  O 09162026 1528 04
   10135  O 09162026 1528 12
   12569  O 09162026 1529 12
   12721  O 09162026 1530 08
   12488  O 09162026 1539 14
   12486  I 09162026 1547 06
   11267  O 09162026 1552 11
   12620  I 09162026 1558 01
   01456  O 09162026 1558 08
   10050  O 09162026 1600 04
   10640  O 09162026 1602 03
   03061  O 09162026 1602 11
   12640  O 09162026 1603 08
   03101  O 09162026 1604 04
   12136  O 09162026 1615 03
   10047  O 09162026 1700 03
   12717  O 09162026 1700 07
   10706  O 09162026 1700 08
   01415  O 09162026 1701 14
   12657  O 09162026 1702 04
   12222  O 09162026 1702 08
   12293  O 09162026 1702 07
   10449  O 09162026 1702 08
   10611  O 09162026 1703 07
   01449  O 09162026 1704 08
   10796  O 09162026 1705 03
   10054  O 09162026 1705 04
   12230  O 09162026 1706 12
   12451  O 09162026 1707 03
   03151  O 09162026 1713 03
   10306  I 09162026 1723 02
   10759  O 09162026 1727 07
   11493  O 09162026 1734 14
   10407  O 09162026 1737 12
   12890  I 09162026 1754 05
   12725  I 09162026 1759 02
   12191  O 09162026 1800 03
   01459  I 09162026 1801 05
   11693  I 09162026 1802 05
   12945  O 09162026 1802 12
   10055  O 09162026 1802 14
   10199  O 09162026 1802 12
   12833  O 09162026 1802 11
   12737  O 09162026 1802 12
   11166  O 09162026 1804 04
   12208  I 09162026 1804 05
   12187  O 09162026 1809 12
   12305  O 09162026 1811 08
   12462  O 09162026 1812 07
   10221  I 09162026 1813 02
   12141  O 09162026 1816 12
   10231  I 09162026 1817 01
   12461  I 09162026 1817 01
   12758  I 09162026 1823 02
   03062  I 09162026 1829 06
   01433  I 09162026 1833 06
   11768  I 09162026 1838 06
   11848  I 09162026 1841 06
   12189  I 09162026 1842 05
   01448  I 09162026 1847 02
   12663  I 09162026 1848 06
   10133  I 09162026 1849 05
   12501  I 09162026 1852 06
   12325  I 09162026 1853 01
   12790  I 09162026 1857 01
   03088  I 09162026 1859 01
   12125  O 09162026 1900 07
   03177  O 09162026 1900 04
   11408  O 09162026 1900 03
   12097  I 09162026 1900 01
   11496  O 09162026 1900 07
   10083  O 09162026 1900 08
   12877  O 09162026 1900 04
   12368  O 09162026 1900 07
   12317  O 09162026 1900 03
   12693  O 09162026 1900 03
   01487  O 09162026 1900 03
   11789  I 09162026 1900 06
   12356  O 09162026 1900 03
   12439  O 09162026 1900 04
   10576  O 09162026 1900 03
   12383  O 09162026 1900 03
   12828  I 09162026 1901 01
   03123  O 09162026 1901 11
   12783  O 09162026 1901 12
   12084  O 09162026 1901 03
   01333  O 09162026 1901 12
   12539  O 09162026 1901 12
   11519  O 09162026 1901 07
   12584  O 09162026 1901 12
   12897  O 09162026 1901 03
   12825  O 09162026 1901 03
   10588  O 09162026 1901 12
   10232  O 09162026 1901 04
   10736  O 09162026 1901 03
   12829  O 09162026 1901 03
   12694  O 09162026 1902 03
   01369  O 09162026 1902 03
   10466  O 09162026 1902 11
   12756  O 09162026 1902 12
   10830  O 09162026 1902 11
   11784  O 09162026 1902 07
   12878  O 09162026 1902 03
   01312  O 09162026 1903 07
   12810  O 09162026 1903 07
   12578  O 09162026 1903 12
   12123  O 09162026 1903 07
   11690  O 09162026 1904 08
   12373  O 09162026 1904 04
   12372  O 09162026 1905 03
   01475  O 09162026 1906 03
   12583  O 09162026 1907 12
   12371  O 09162026 1908 08
   10201  O 09162026 1911 04
   12500  I 09162026 1913 02
   11522  O 09162026 1921 04
   12457  I 09162026 2032 05
   03068  I 09162026 2046 05
   09704  I 09162026 2052 06
   10333  I 09162026 2113 05
   10357  O 09162026 2115 03
   12256  I 09162026 2123 05
   12710  I 09162026 2128 05
   10787  I 09162026 2129 06
   03182  I 09162026 2131 06
   03172  I 09162026 2131 05
   12688  I 09162026 2135 06
   10795  I 09162026 2137 06
   03135  I 09162026 2138 01
   10127  I 09162026 2141 06
   01425  I 09162026 2144 06
   03039  I 09162026 2145 05
   12854  I 09162026 2146 02
   01402  I 09162026 2146 05
   01468  I 09162026 2149 05
   01335  I 09162026 2150 05
   10021  I 09162026 2158 05
   12847  I 09162026 2159 06
   01306  I 09162026 2159 02
   12467  I 09162026 2159 02
   03167  I 09162026 2202 05
   12148  I 09162026 2203 01
   01319  I 09162026 2203 02
   12808  I 09162026 2204 05
   10606  I 09162026 2206 01
   03179  I 09162026 2207 05
   10831  I 09162026 2207 05
   12967  I 09162026 2207 05
   11933  I 09162026 2208 01
   12824  I 09162026 2209 02
   12845  I 09162026 2211 06
   03035  I 09162026 2212 05
   12594  I 09162026 2212 06
   12185  I 09162026 2213 02
   12615  I 09162026 2214 05
   12800  I 09162026 2215 02
   12920  I 09162026 2216 01
   12927  I 09162026 2216 02
   12802  I 09162026 2216 01
   12786  I 09162026 2216 02
   12496  I 09162026 2217 06
   10264  I 09162026 2217 05
   12792  I 09162026 2217 01
   12396  I 09162026 2218 02
   10843  I 09162026 2218 05
   10200  I 09162026 2220 05
   12149  I 09162026 2221 05
   12531  I 09162026 2221 06
   12651  I 09162026 2222 06
   11223  I 09162026 2223 06
   12081  I 09162026 2224 05
   12115  I 09162026 2224 01
   12058  I 09162026 2225 01
   12558  I 09162026 2226 06
   12289  I 09162026 2226 05
   12674  I 09162026 2226 06
   03176  I 09162026 2227 05
   12110  I 09162026 2227 01
   03018  I 09162026 2227 05
   12576  I 09162026 2228 06
   12055  I 09162026 2228 02
   12241  I 09162026 2228 01
   10839  I 09162026 2228 06
   12732  I 09162026 2228 06
   12094  I 09162026 2229 05
   12735  I 09162026 2229 05
   12888  I 09162026 2230 06
   12873  I 09162026 2230 01
   01422  I 09162026 2230 05
   11400  I 09162026 2231 06
   12390  I 09162026 2231 02
   11167  I 09162026 2231 01
   12440  I 09162026 2231 05
   12701  I 09162026 2231 02
   12957  I 09162026 2232 01
   12246  I 09162026 2233 05
   12814  I 09162026 2233 02
   12871  I 09162026 2233 01
   12672  I 09162026 2233 01
   12815  I 09162026 2235 05
   10788  I 09162026 2235 06
   11221  I 09162026 2235 02
   12064  I 09162026 2236 06
   12343  I 09162026 2236 06
   12130  I 09162026 2236 02
   12259  I 09162026 2237 05
   12397  I 09162026 2237 02
   10176  I 09162026 2237 05
   10071  I 09162026 2237 06
   10522  I 09162026 2237 06
   10091  I 09162026 2237 05
   12799  I 09162026 2237 02
   11248  I 09162026 2237 06
   10698  I 09162026 2238 05
   12183  I 09162026 2238 06
   03026  I 09162026 2239 01
   03108  I 09162026 2239 05
   12826  I 09162026 2239 01
   10612  I 09162026 2239 06
   10825  I 09162026 2239 06
   11404  I 09162026 2240 06
   11688  I 09162026 2240 06
   12943  I 09162026 2240 01
   12946  I 09162026 2240 10
   10386  I 09162026 2240 02
   03030  I 09162026 2241 02
   12754  I 09162026 2241 05
   10385  I 09162026 2242 05
   10811  I 09162026 2242 06
   03059  I 09162026 2242 05
   12804  I 09162026 2243 01
   12269  I 09162026 2243 05
   12852  I 09162026 2243 06
   11774  I 09162026 2243 02
   10086  I 09162026 2244 05
   01511  I 09162026 2244 02
   12224  I 09162026 2244 05
   12568  I 09162026 2244 06
   12409  I 09162026 2244 06
   10765  I 09162026 2244 06
   11726  I 09162026 2245 01
   12074  I 09162026 2245 02
   10291  I 09162026 2245 05
   10222  I 09162026 2245 06
   12661  I 09162026 2245 05
   10144  I 09162026 2246 05
   12473  I 09162026 2247 06
   09833  I 09162026 2247 05
   12088  I 09162026 2247 06
   01479  I 09162026 2247 06
   12862  I 09162026 2247 01
   11777  I 09162026 2247 05
   12540  I 09162026 2248 05
   12471  I 09162026 2248 06
   12059  I 09162026 2249 01
   09676  I 09162026 2249 02
   01477  I 09162026 2249 05
   01357  I 09162026 2250 06
   01276  I 09162026 2250 02
   12601  I 09162026 2250 02
   11398  I 09162026 2251 06
   11719  I 09162026 2251 02
   10094  I 09162026 2251 01
   12329  I 09162026 2251 01
   12098  I 09162026 2252 02
   12886  I 09162026 2252 01
   12622  I 09162026 2252 01
   11946  I 09162026 2253 05
   12652  I 09162026 2253 06
   12357  I 09162026 2253 02
   01471  I 09162026 2253 05
   03010  I 09162026 2254 02
   11779  I 09162026 2254 02
   10658  I 09162026 2254 06
   11222  I 09162026 2255 01
   12630  I 09162026 2255 02
   12738  I 09162026 2255 01
   12456  I 09162026 2256 01
   12687  I 09162026 2256 06
   01396  I 09162026 2256 05
   01379  I 09162026 2257 02
   12556  I 09162026 2257 01
   12736  I 09162026 2257 05
   12546  I 09162026 2257 06
   01512  I 09162026 2258 01
   12133  I 09162026 2258 01
   10589  I 09162026 2259 06
   10505  I 09162026 2259 02
   12021  I 09162026 2259 02
   12716  O 09162026 2300 07
   12700  O 09162026 2300 03
   03053  O 09162026 2300 08
   12670  O 09162026 2300 04
   12553  O 09162026 2300 11
   01351  O 09162026 2300 08
   11650  O 09162026 2300 03
   10728  O 09162026 2300 07
   12938  O 09162026 2300 12
   10678  O 09162026 2300 04
   12532  O 09162026 2300 11
   12668  O 09162026 2300 03
   10310  O 09162026 2300 12
   10700  O 09162026 2300 08
   03037  O 09162026 2300 07
   11879  O 09162026 2300 11
   10318  O 09162026 2300 04
   12415  O 09162026 2300 12
   01470  O 09162026 2300 08
   10309  O 09162026 2300 12
   11498  O 09162026 2300 11
   12236  O 09162026 2300 07
   12244  O 09162026 2300 03
   01296  O 09162026 2300 08
   10243  O 09162026 2300 04
   11392  I 09162026 2300 06
   11607  O 09162026 2300 12
   12474  O 09162026 2300 11
   03017  O 09162026 2300 07
   10607  O 09162026 2300 03
   01302  O 09162026 2300 04
   12485  O 09162026 2300 12
   12706  O 09162026 2300 11
   10598  O 09162026 2300 07
   10675  O 09162026 2300 03
   01344  O 09162026 2300 08
   11940  O 09162026 2300 04
   11538  O 09162026 2300 07
   12869  O 09162026 2300 12
   12840  O 09162026 2300 11
   10641  O 09162026 2300 08
   01355  O 09162026 2300 03
   01327  O 09162026 2300 12
   10240  O 09162026 2300 04
   12961  O 09162026 2300 07
   12673  O 09162026 2300 12
   12759  O 09162026 2300 04
   11780  O 09162026 2300 03
   03029  O 09162026 2300 11
   12122  O 09162026 2300 08
   12369  O 09162026 2300 12
   12849  O 09162026 2300 07
   12678  O 09162026 2300 11
   12823  O 09162026 2300 03
   12743  O 09162026 2301 07
   01446  O 09162026 2301 11
   12650  O 09162026 2301 12
   12217  O 09162026 2301 03
   03027  O 09162026 2301 11
   01436  O 09162026 2301 08
   12355  O 09162026 2301 03
   12413  O 09162026 2301 07
   10785  O 09162026 2301 12
   10574  O 09162026 2301 11
   12722  O 09162026 2301 08
   12337  O 09162026 2301 03
   10223  O 09162026 2301 07
   10573  O 09162026 2301 04
   12809  O 09162026 2301 12
   12266  O 09162026 2301 03
   03104  O 09162026 2301 14
   10224  O 09162026 2301 07
   10046  I 09162026 2301 01
   12353  O 09162026 2301 08
   12476  O 09162026 2301 04
   12206  O 09162026 2301 03
   03112  O 09162026 2301 07
   10145  O 09162026 2301 08
   12486  O 09162026 2301 11
   12667  O 09162026 2301 03
   03122  O 09162026 2301 08
   11286  O 09162026 2301 04
   12629  O 09162026 2301 07
   12138  O 09162026 2301 03
   12142  O 09162026 2301 08
   12076  O 09162026 2301 04
   10791  O 09162026 2301 07
   12624  O 09162026 2301 03
   11534  O 09162026 2301 08
   12503  O 09162026 2301 07
   12237  O 09162026 2301 08
   11772  O 09162026 2301 07
   12530  O 09162026 2301 03
   01483  O 09162026 2301 08
   12642  O 09162026 2302 12
   10523  O 09162026 2302 03
   12676  O 09162026 2302 11
   12653  O 09162026 2302 12
   12950  O 09162026 2302 03
   10642  O 09162026 2302 08
   10673  O 09162026 2302 07
   12085  O 09162026 2302 03
   12610  O 09162026 2302 11
   12162  O 09162026 2302 04
   01428  O 09162026 2302 07
   10219  O 09162026 2302 08
   10712  O 09162026 2302 12
   12720  O 09162026 2302 08
   12858  O 09162026 2302 07
   12798  O 09162026 2302 04
   12846  O 09162026 2302 12
   10847  O 09162026 2302 08
   12726  O 09162026 2302 11
   12922  O 09162026 2302 04
   12711  O 09162026 2302 07
   12822  O 09162026 2302 03
   12090  O 09162026 2303 07
   10724  I 09162026 2303 02
   12205  O 09162026 2303 03
   12682  O 09162026 2303 12
   12689  I 09162026 2303 01
   12096  O 09162026 2303 04
   12755  O 09162026 2303 03
   03159  O 09162026 2303 11
   12928  O 09162026 2303 04
   12731  O 09162026 2303 07
   12863  O 09162026 2303 03
   12718  O 09162026 2303 04
   12598  O 09162026 2303 12
   03168  O 09162026 2303 07
   10775  O 09162026 2303 08
   12924  O 09162026 2303 03
   12359  O 09162026 2303 03
   12724  O 09162026 2303 03
   11776  O 09162026 2304 08
   12785  O 09162026 2304 03
   12898  O 09162026 2304 03
   12872  O 09162026 2304 04
   12889  O 09162026 2304 04
   12807  O 09162026 2304 12
   03153  O 09162026 2304 11
   12827  O 09162026 2304 03
   12963  O 09162026 2304 04
   12962  O 09162026 2304 03
   10500  O 09162026 2304 07
   03032  O 09162026 2304 08
   10808  O 09162026 2304 07
   01317  O 09162026 2304 12
   01510  O 09162026 2304 03
   12575  O 09162026 2304 08
   12929  O 09162026 2304 03
   03078  O 09162026 2304 07
   12926  O 09162026 2304 03
   10369  O 09162026 2305 07
   12855  O 09162026 2305 03
   10604  O 09162026 2305 03
   12351  O 09162026 2305 04
   12762  O 09162026 2305 03
   11390  O 09162026 2305 08
   01356  O 09162026 2305 03
   12489  I 09162026 2305 02
   11765  O 09162026 2306 12
   12545  O 09162026 2306 03
   12577  O 09162026 2306 12
   12639  O 09162026 2306 12
   11388  I 09162026 2306 01
   12623  O 09162026 2307 03
   11494  O 09162026 2307 11
   12819  O 09162026 2307 11
   12742  O 09162026 2307 03
   10817  O 09162026 2307 03
   10140  O 09162026 2308 07
   12349  O 09162026 2309 03
   10726  O 09162026 2309 07
   12291  O 09162026 2310 03
   12919  O 09162026 2310 03
   11926  O 09162026 2310 11
   12595  O 09162026 2310 12
   01373  O 09162026 2311 08
   11402  O 09162026 2311 12
   01367  O 09162026 2312 07
   12147  O 09162026 2314 04
   12302  O 09162026 2315 07
   10026  O 09162026 2316 07
   01382  O 09162026 2317 08
   03152  O 09162026 2318 04
   12199  O 09162026 2326 03
   01413  O 09162026 2327 12
   03103  O 09162026 2340 04
   10608  O 09162026 2349 12
